#1st harmonic bragg gap dummypitch dummyroll
Units mDeg mm mm mm
60000.00 6.20850
58991.00 6.26378
58981.00 6.26442
58971.00 6.26506
58961.00 6.26570
58951.00 6.26634
58941.00 6.26698
58931.00 6.26762
58921.00 6.26826
58911.00 6.26890
58901.00 6.26954
58891.00 6.27018
58881.00 6.27082
58871.00 6.27146
58861.00 6.27211
58851.00 6.27275
58841.00 6.27339
58831.00 6.27403
58821.00 6.27468
58811.00 6.27532
58801.00 6.27597
58791.00 6.27661
58781.00 6.27726
58771.00 6.27790
58761.00 6.27854
58751.00 6.27919
58741.00 6.27984
58731.00 6.28048
58721.00 6.28113
58711.00 6.28178
58701.00 6.28242
58691.00 6.28307
58681.00 6.28372
58671.00 6.28437
58661.00 6.28502
58651.00 6.28566
58641.00 6.28631
58631.00 6.28696
58621.00 6.28761
58611.00 6.28826
58601.00 6.28891
58591.00 6.28956
58581.00 6.29021
58571.00 6.29086
58561.00 6.29152
58551.00 6.29217
58541.00 6.29282
58531.00 6.29347
58521.00 6.29412
58511.00 6.29478
58501.00 6.29543
58491.00 6.29608
58481.00 6.29674
58471.00 6.29739
58461.00 6.29805
58451.00 6.29870
58441.00 6.29936
58431.00 6.30001
58421.00 6.30067
58411.00 6.30132
58401.00 6.30198
58391.00 6.30264
58381.00 6.30329
58371.00 6.30395
58361.00 6.30461
58351.00 6.30527
58341.00 6.30592
58331.00 6.30658
58321.00 6.30724
58311.00 6.30790
58301.00 6.30856
58291.00 6.30922
58281.00 6.30988
58271.00 6.31054
58261.00 6.31120
58251.00 6.31186
58241.00 6.31252
58231.00 6.31318
58221.00 6.31384
58211.00 6.31451
58201.00 6.31517
58191.00 6.31583
58181.00 6.31649
58171.00 6.31716
58161.00 6.31782
58151.00 6.31849
58141.00 6.31915
58131.00 6.31981
58121.00 6.32048
58111.00 6.32114
58101.00 6.32181
58091.00 6.32247
58081.00 6.32314
58071.00 6.32381
58061.00 6.32447
58051.00 6.32514
58041.00 6.32581
58031.00 6.32648
58021.00 6.32714
58011.00 6.32781
58001.00 6.32848
57991.00 6.32915
57981.00 6.32982
57971.00 6.33049
57961.00 6.33116
57951.00 6.33183
57941.00 6.33250
57931.00 6.33317
57921.00 6.33384
57911.00 6.33451
57901.00 6.33518
57891.00 6.33585
57881.00 6.33652
57871.00 6.33720
57861.00 6.33787
57851.00 6.33854
57841.00 6.33922
57831.00 6.33989
57821.00 6.34056
57811.00 6.34124
57801.00 6.34191
57791.00 6.34259
57781.00 6.34326
57771.00 6.34394
57761.00 6.34461
57751.00 6.34529
57741.00 6.34597
57731.00 6.34664
57721.00 6.34732
57711.00 6.34800
57701.00 6.34867
57691.00 6.34935
57681.00 6.35003
57671.00 6.35071
57661.00 6.35139
57651.00 6.35207
57641.00 6.35275
57631.00 6.35343
57621.00 6.35411
57611.00 6.35478
57601.00 6.35547
57591.00 6.35615
57581.00 6.35683
57571.00 6.35751
57561.00 6.35819
57551.00 6.35887
57541.00 6.35956
57531.00 6.36024
57521.00 6.36092
57511.00 6.36161
57501.00 6.36229
57491.00 6.36297
57481.00 6.36366
57471.00 6.36434
57461.00 6.36503
57451.00 6.36571
57441.00 6.36640
57431.00 6.36708
57421.00 6.36777
57411.00 6.36845
57401.00 6.36914
57391.00 6.36983
57381.00 6.37051
57371.00 6.37120
57361.00 6.37189
57351.00 6.37258
57341.00 6.37327
57331.00 6.37396
57321.00 6.37465
57311.00 6.37533
57301.00 6.37602
57291.00 6.37671
57281.00 6.37741
57271.00 6.37809
57261.00 6.37879
57251.00 6.37948
57241.00 6.38017
57231.00 6.38086
57221.00 6.38155
57211.00 6.38225
57201.00 6.38294
57191.00 6.38363
57181.00 6.38433
57171.00 6.38502
57161.00 6.38571
57151.00 6.38641
57141.00 6.38710
57131.00 6.38780
57121.00 6.38849
57111.00 6.38919
57101.00 6.38988
57091.00 6.39058
57081.00 6.39127
57071.00 6.39197
57061.00 6.39267
57051.00 6.39336
57041.00 6.39406
57031.00 6.39476
57021.00 6.39546
57011.00 6.39616
57001.00 6.39686
56991.00 6.39756
56981.00 6.39826
56971.00 6.39895
56961.00 6.39966
56951.00 6.40036
56941.00 6.40106
56931.00 6.40176
56921.00 6.40246
56911.00 6.40316
56901.00 6.40386
56891.00 6.40456
56881.00 6.40527
56871.00 6.40597
56861.00 6.40667
56851.00 6.40737
56841.00 6.40808
56831.00 6.40878
56821.00 6.40949
56811.00 6.41019
56801.00 6.41090
56791.00 6.41160
56781.00 6.41231
56771.00 6.41301
56761.00 6.41372
56751.00 6.41442
56741.00 6.41513
56731.00 6.41584
56721.00 6.41655
56711.00 6.41725
56701.00 6.41796
56691.00 6.41867
56681.00 6.41938
56671.00 6.42009
56661.00 6.42080
56651.00 6.42151
56641.00 6.42222
56631.00 6.42292
56621.00 6.42364
56611.00 6.42435
56601.00 6.42506
56591.00 6.42577
56581.00 6.42648
56571.00 6.42719
56561.00 6.42790
56551.00 6.42862
56541.00 6.42933
56531.00 6.43004
56521.00 6.43076
56511.00 6.43147
56501.00 6.43218
56491.00 6.43290
56481.00 6.43361
56471.00 6.43433
56461.00 6.43504
56451.00 6.43576
56441.00 6.43647
56431.00 6.43719
56421.00 6.43791
56411.00 6.43862
56401.00 6.43934
56391.00 6.44006
56381.00 6.44077
56371.00 6.44149
56361.00 6.44221
56351.00 6.44293
56341.00 6.44365
56331.00 6.44437
56321.00 6.44509
56311.00 6.44581
56301.00 6.44653
56291.00 6.44725
56281.00 6.44797
56271.00 6.44869
56261.00 6.44941
56251.00 6.45013
56241.00 6.45085
56231.00 6.45158
56221.00 6.45230
56211.00 6.45302
56201.00 6.45374
56191.00 6.45447
56181.00 6.45519
56171.00 6.45592
56161.00 6.45664
56151.00 6.45736
56141.00 6.45809
56131.00 6.45881
56121.00 6.45954
56111.00 6.46027
56101.00 6.46099
56091.00 6.46172
56081.00 6.46245
56071.00 6.46317
56061.00 6.46390
56051.00 6.46463
56041.00 6.46535
56031.00 6.46608
56021.00 6.46681
56011.00 6.46754
56001.00 6.46827
55991.00 6.46900
55981.00 6.46973
55971.00 6.47046
55961.00 6.47119
55951.00 6.47192
55941.00 6.47265
55931.00 6.47338
55921.00 6.47411
55911.00 6.47485
55901.00 6.47558
55891.00 6.47631
55881.00 6.47704
55871.00 6.47778
55861.00 6.47851
55851.00 6.47924
55841.00 6.47998
55831.00 6.48071
55821.00 6.48145
55811.00 6.48218
55801.00 6.48292
55791.00 6.48365
55781.00 6.48439
55771.00 6.48512
55761.00 6.48586
55751.00 6.48660
55741.00 6.48733
55731.00 6.48807
55721.00 6.48881
55711.00 6.48955
55701.00 6.49029
55691.00 6.49102
55681.00 6.49176
55671.00 6.49250
55661.00 6.49324
55651.00 6.49398
55641.00 6.49472
55631.00 6.49546
55621.00 6.49620
55611.00 6.49695
55601.00 6.49769
55591.00 6.49843
55581.00 6.49917
55571.00 6.49991
55561.00 6.50065
55551.00 6.50140
55541.00 6.50214
55531.00 6.50288
55521.00 6.50363
55511.00 6.50437
55501.00 6.50512
55491.00 6.50586
55481.00 6.50661
55471.00 6.50735
55461.00 6.50810
55451.00 6.50884
55441.00 6.50959
55431.00 6.51033
55421.00 6.51108
55411.00 6.51183
55401.00 6.51258
55391.00 6.51332
55381.00 6.51407
55371.00 6.51482
55361.00 6.51557
55351.00 6.51632
55341.00 6.51707
55331.00 6.51782
55321.00 6.51857
55311.00 6.51932
55301.00 6.52007
55291.00 6.52082
55281.00 6.52157
55271.00 6.52232
55261.00 6.52307
55251.00 6.52382
55241.00 6.52458
55231.00 6.52533
55221.00 6.52608
55211.00 6.52683
55201.00 6.52759
55191.00 6.52834
55181.00 6.52910
55171.00 6.52985
55161.00 6.53060
55151.00 6.53136
55141.00 6.53211
55131.00 6.53287
55121.00 6.53363
55111.00 6.53438
55101.00 6.53514
55091.00 6.53590
55081.00 6.53665
55071.00 6.53741
55061.00 6.53817
55051.00 6.53893
55041.00 6.53968
55031.00 6.54044
55021.00 6.54120
55011.00 6.54196
55001.00 6.54272
54991.00 6.54348
54981.00 6.54424
54971.00 6.54500
54961.00 6.54576
54951.00 6.54652
54941.00 6.54728
54931.00 6.54805
54921.00 6.54881
54911.00 6.54957
54901.00 6.55033
54891.00 6.55110
54881.00 6.55186
54871.00 6.55262
54861.00 6.55339
54851.00 6.55415
54841.00 6.55491
54831.00 6.55568
54821.00 6.55645
54811.00 6.55721
54801.00 6.55797
54791.00 6.55874
54781.00 6.55951
54771.00 6.56027
54761.00 6.56104
54751.00 6.56181
54741.00 6.56258
54731.00 6.56334
54721.00 6.56411
54711.00 6.56488
54701.00 6.56565
54691.00 6.56642
54681.00 6.56719
54671.00 6.56796
54661.00 6.56873
54651.00 6.56950
54641.00 6.57027
54631.00 6.57104
54621.00 6.57181
54611.00 6.57258
54601.00 6.57335
54591.00 6.57412
54581.00 6.57489
54571.00 6.57567
54561.00 6.57644
54551.00 6.57721
54541.00 6.57799
54531.00 6.57876
54521.00 6.57954
54511.00 6.58031
54501.00 6.58108
54491.00 6.58186
54481.00 6.58264
54471.00 6.58341
54461.00 6.58419
54451.00 6.58496
54441.00 6.58574
54431.00 6.58652
54421.00 6.58729
54411.00 6.58807
54401.00 6.58885
54391.00 6.58963
54381.00 6.59041
54371.00 6.59118
54361.00 6.59196
54351.00 6.59274
54341.00 6.59352
54331.00 6.59430
54321.00 6.59508
54311.00 6.59586
54301.00 6.59664
54291.00 6.59742
54281.00 6.59821
54271.00 6.59899
54261.00 6.59977
54251.00 6.60055
54241.00 6.60133
54231.00 6.60212
54221.00 6.60290
54211.00 6.60368
54201.00 6.60447
54191.00 6.60525
54181.00 6.60604
54171.00 6.60682
54161.00 6.60761
54151.00 6.60839
54141.00 6.60918
54131.00 6.60996
54121.00 6.61075
54111.00 6.61154
54101.00 6.61232
54091.00 6.61311
54081.00 6.61390
54071.00 6.61469
54061.00 6.61547
54051.00 6.61626
54041.00 6.61705
54031.00 6.61784
54021.00 6.61863
54011.00 6.61942
54001.00 6.62021
53991.00 6.62100
53981.00 6.62179
53971.00 6.62258
53961.00 6.62337
53951.00 6.62416
53941.00 6.62495
53931.00 6.62575
53921.00 6.62654
53911.00 6.62733
53901.00 6.62812
53891.00 6.62892
53881.00 6.62971
53871.00 6.63051
53861.00 6.63130
53851.00 6.63209
53841.00 6.63289
53831.00 6.63368
53821.00 6.63448
53811.00 6.63527
53801.00 6.63607
53791.00 6.63687
53781.00 6.63766
53771.00 6.63846
53761.00 6.63926
53751.00 6.64005
53741.00 6.64085
53731.00 6.64165
53721.00 6.64245
53711.00 6.64325
53701.00 6.64405
53691.00 6.64485
53681.00 6.64565
53671.00 6.64645
53661.00 6.64725
53651.00 6.64805
53641.00 6.64885
53631.00 6.64965
53621.00 6.65045
53611.00 6.65125
53601.00 6.65205
53591.00 6.65286
53581.00 6.65366
53571.00 6.65446
53561.00 6.65527
53551.00 6.65607
53541.00 6.65687
53531.00 6.65768
53521.00 6.65848
53511.00 6.65929
53501.00 6.66009
53491.00 6.66090
53481.00 6.66170
53471.00 6.66251
53461.00 6.66331
53451.00 6.66412
53441.00 6.66493
53431.00 6.66574
53421.00 6.66654
53411.00 6.66735
53401.00 6.66816
53391.00 6.66897
53381.00 6.66978
53371.00 6.67059
53361.00 6.67140
53351.00 6.67220
53341.00 6.67301
53331.00 6.67383
53321.00 6.67464
53311.00 6.67545
53301.00 6.67626
53291.00 6.67707
53281.00 6.67788
53271.00 6.67869
53261.00 6.67951
53251.00 6.68032
53241.00 6.68113
53231.00 6.68194
53221.00 6.68276
53211.00 6.68357
53201.00 6.68439
53191.00 6.68520
53181.00 6.68602
53171.00 6.68683
53161.00 6.68765
53151.00 6.68846
53141.00 6.68928
53131.00 6.69009
53121.00 6.69091
53111.00 6.69173
53101.00 6.69254
53091.00 6.69336
53081.00 6.69418
53071.00 6.69500
53061.00 6.69582
53051.00 6.69664
53041.00 6.69745
53031.00 6.69827
53021.00 6.69909
53011.00 6.69991
53001.00 6.70073
52991.00 6.70155
52981.00 6.70238
52971.00 6.70320
52961.00 6.70402
52951.00 6.70484
52941.00 6.70566
52931.00 6.70648
52921.00 6.70731
52911.00 6.70813
52901.00 6.70895
52891.00 6.70978
52881.00 6.71060
52871.00 6.71142
52861.00 6.71225
52851.00 6.71308
52841.00 6.71390
52831.00 6.71473
52821.00 6.71555
52811.00 6.71638
52801.00 6.71720
52791.00 6.71803
52781.00 6.71886
52771.00 6.71969
52761.00 6.72051
52751.00 6.72134
52741.00 6.72217
52731.00 6.72300
52721.00 6.72383
52711.00 6.72465
52701.00 6.72548
52691.00 6.72631
52681.00 6.72714
52671.00 6.72797
52661.00 6.72880
52651.00 6.72964
52641.00 6.73047
52631.00 6.73130
52621.00 6.73213
52611.00 6.73296
52601.00 6.73379
52591.00 6.73463
52581.00 6.73546
52571.00 6.73629
52561.00 6.73713
52551.00 6.73796
52541.00 6.73880
52531.00 6.73963
52521.00 6.74047
52511.00 6.74130
52501.00 6.74214
52491.00 6.74297
52481.00 6.74381
52471.00 6.74464
52461.00 6.74548
52451.00 6.74632
52441.00 6.74716
52431.00 6.74799
52421.00 6.74883
52411.00 6.74967
52401.00 6.75051
52391.00 6.75135
52381.00 6.75218
52371.00 6.75302
52361.00 6.75387
52351.00 6.75470
52341.00 6.75554
52331.00 6.75638
52321.00 6.75723
52311.00 6.75807
52301.00 6.75891
52291.00 6.75975
52281.00 6.76059
52271.00 6.76144
52261.00 6.76228
52251.00 6.76312
52241.00 6.76396
52231.00 6.76481
52221.00 6.76565
52211.00 6.76650
52201.00 6.76734
