Units mDeg mm	
5732.00 6.273
5730.00 6.27640
5720.00 6.28713
5712.00 6.30792
5702.00 6.31822
5692.00 6.32859
5682.00 6.33902
5672.00 6.34950
5662.00 6.36005
5652.00 6.37066
5642.00 6.38134
5632.00 6.39207
5622.00 6.40287
5612.00 6.41373
5602.00 6.42465
5592.00 6.43563
5582.00 6.44667
5572.00 6.45777
5562.00 6.46894
5552.00 6.48017
5542.00 6.49146
5532.00 6.50281
5522.00 6.51422
5512.00 6.52569
5502.00 6.53723
5492.00 6.54883
5480.00 6.55347
5470.00 6.56414
5460.00 6.57478
