#Bragg	Gap
Units mDeg mm 
24790.00 5.98513
24780.00 5.98737
24770.00 5.98961
24760.00 5.99186
24750.00 5.99410
24740.00 5.99635
24730.00 5.99860
24720.00 6.00085
24710.00 6.00310
24700.00 6.00535
24690.00 6.00761
24680.00 6.00986
24670.00 6.01212
24660.00 6.01438
24650.00 6.01664
24640.00 6.01891
24630.00 6.02117
24620.00 6.02344
24610.00 6.02570
24600.00 6.02797
24590.00 6.03024
24580.00 6.03252
24570.00 6.03479
24560.00 6.03707
24550.00 6.03935
24540.00 6.04163
24530.00 6.04391
24520.00 6.04619
24510.00 6.04847
24500.00 6.05076
24490.00 6.05305
24480.00 6.05534
24470.00 6.05763
24460.00 6.05992
24450.00 6.06221
24440.00 6.06451
24430.00 6.06681
24420.00 6.06911
24410.00 6.07141
24400.00 6.07371
24390.00 6.07601
24380.00 6.07832
24370.00 6.08063
24360.00 6.08294
24350.00 6.08525
24340.00 6.08756
24330.00 6.08987
24320.00 6.09219
24310.00 6.09451
24300.00 6.09682
24290.00 6.09914
24280.00 6.10147
24270.00 6.10379
24260.00 6.10611
24250.00 6.10844
24240.00 6.11077
24230.00 6.11310
24220.00 6.11543
24210.00 6.11777
24200.00 6.12010
24190.00 6.12244
24180.00 6.12477
24170.00 6.12712
24160.00 6.12946
24150.00 6.13180
24140.00 6.13415
24130.00 6.13649
24120.00 6.13884
24110.00 6.14119
24100.00 6.16289
24090.00 6.16524
24080.00 6.16758
24070.00 6.16992
24060.00 6.17227
24050.00 6.17462
24040.00 6.17697
24030.00 6.17932
24020.00 6.18167
24010.00 6.18403
24000.00 6.18639
23990.00 6.18874
23980.00 6.19110
23970.00 6.19346
23960.00 6.19583
23950.00 6.19819
23940.00 6.20056
23930.00 6.20292
23920.00 6.20529
23910.00 6.20766
23900.00 6.21004
23890.00 6.21241
23880.00 6.21478
23870.00 6.21716
23860.00 6.21954
23850.00 6.22192
23840.00 6.22430
23830.00 6.22669
23820.00 6.22907
23810.00 6.23146
23800.00 6.23384
23790.00 6.23623
23780.00 6.23862
23770.00 6.24102
23760.00 6.24341
23750.00 6.24581
23740.00 6.24821
23730.00 6.25060
23720.00 6.25301
23710.00 6.25541
23700.00 6.25781
23690.00 6.26022
23680.00 6.26262
23670.00 6.26503
23660.00 6.26744
23650.00 6.26985
23640.00 6.27227
23630.00 6.27468
23620.00 6.27710
23610.00 6.27952
23600.00 6.28194
23590.00 6.28436
23580.00 6.28678
23570.00 6.28921
23560.00 6.29163
23550.00 6.29406
23540.00 6.29649
23530.00 6.29892
23520.00 6.30135
23510.00 6.30379
23500.00 6.30622
23490.00 6.30866
23480.00 6.31110
23470.00 6.31354
23460.00 6.31598
23450.00 6.31842
23440.00 6.32087
23430.00 6.32331
23420.00 6.32576
23410.00 6.32821
23400.00 6.33066
23390.00 6.33311
23380.00 6.33557
23370.00 6.33803
23360.00 6.34048
23350.00 6.34294
23340.00 6.34540
23330.00 6.34787
23320.00 6.35033
23310.00 6.35279
23300.00 6.35526
23290.00 6.35773
23280.00 6.36020
23270.00 6.36267
23260.00 6.36514
23250.00 6.36762
23240.00 6.37010
23230.00 6.37258
23220.00 6.37506
23210.00 6.37754
23200.00 6.38002
23190.00 6.38250
23180.00 6.38499
23170.00 6.38748
23160.00 6.38997
23150.00 6.39246
23140.00 6.39495
23130.00 6.39744
23120.00 6.39994
23110.00 6.40244
23100.00 6.40494
23090.00 6.40744
23080.00 6.40994
23070.00 6.41244
23060.00 6.41495
23050.00 6.41745
23040.00 6.41996
23030.00 6.42247
23020.00 6.42498
23010.00 6.42750
23000.00 6.43001
22990.00 6.43253
22980.00 6.43504
22970.00 6.43756
22960.00 6.44008
22950.00 6.44261
22940.00 6.44513
22930.00 6.44766
22920.00 6.45018
22910.00 6.45271
22900.00 6.45524
22890.00 6.45777
22880.00 6.46031
22870.00 6.46284
22860.00 6.46538
22850.00 6.46792
22840.00 6.47046
22830.00 6.47300
22820.00 6.47554
22810.00 6.47809
22800.00 6.48063
22790.00 6.48318
22780.00 6.48573
22770.00 6.48828
22760.00 6.49083
22750.00 6.49339
22740.00 6.49594
22730.00 6.49850
22720.00 6.50106
22710.00 6.50362
22700.00 6.50618
22690.00 6.50874
22680.00 6.51131
22670.00 6.51388
22660.00 6.51645
22650.00 6.51901
22640.00 6.52159
22630.00 6.52416
22620.00 6.52673
22610.00 6.52931
22600.00 6.53189
22590.00 6.53447
22580.00 6.53705
22570.00 6.53963
22560.00 6.54221
22550.00 6.54480
22540.00 6.54739
22530.00 6.54998
22520.00 6.55257
22510.00 6.55516
22500.00 6.55775
22490.00 6.56035
22480.00 6.56294
22470.00 6.56554
22460.00 6.56814
22450.00 6.57074
22440.00 6.57335
22430.00 6.57595
22420.00 6.57856
22410.00 6.58117
22400.00 6.58378
22390.00 6.58639
22380.00 6.58900
22370.00 6.59161
22360.00 6.59423
22350.00 6.59685
22340.00 6.59947
22330.00 6.60209
22320.00 6.60471
22310.00 6.60733
22300.00 6.60996
22290.00 6.61258
22280.00 6.61521
22270.00 6.61784
22260.00 6.62047
22250.00 6.62311
22240.00 6.62574
22230.00 6.62838
22220.00 6.63102
22210.00 6.63366
22200.00 6.63630
22190.00 6.63894
22180.00 6.64158
22170.00 6.64423
22160.00 6.64688
22150.00 6.64953
22140.00 6.65218
22130.00 6.65483
22120.00 6.65748
22110.00 6.66014
22100.00 6.66279
22090.00 6.66545
22080.00 6.66811
22070.00 6.67077
22060.00 6.67344
22050.00 6.67610
22040.00 6.67877
22030.00 6.68144
22020.00 6.68411
22010.00 6.68678
22000.00 6.68945
21990.00 6.69212
21980.00 6.69480
21970.00 6.69748
21960.00 6.70016
21950.00 6.70284
21940.00 6.70552
21930.00 6.70820
21920.00 6.71089
21910.00 6.71358
21900.00 6.71626
21890.00 6.71895
21880.00 6.72165
21870.00 6.72434
21860.00 6.72703
21850.00 6.72973
21840.00 6.73243
21830.00 6.73513
21820.00 6.73783
21810.00 6.74053
21800.00 6.74324
21790.00 6.74594
21780.00 6.74865
21770.00 6.75136
21760.00 6.75407
21750.00 6.75678
21740.00 6.75949
21730.00 6.76221
21720.00 6.76493
21710.00 6.76764
21700.00 6.77037
21690.00 6.77309
21680.00 6.77581
21670.00 6.77854
21660.00 6.78126
21650.00 6.78399
21640.00 6.78672
21630.00 6.78945
21620.00 6.79218
21610.00 6.79492
21600.00 6.79765
21590.00 6.80039
21580.00 6.80313
21570.00 6.80587
21560.00 6.80861
21550.00 6.81136
21540.00 6.81410
21530.00 6.81685
21520.00 6.81960
21510.00 6.82235
21500.00 6.82510
21490.00 6.82785
21480.00 6.83061
21470.00 6.83337
21460.00 6.83612
21450.00 6.83888
21440.00 6.84164
21430.00 6.84441
21420.00 6.84717
21410.00 6.84994
21400.00 6.85271
21390.00 6.85547
21380.00 6.85825
21370.00 6.86102
21360.00 6.86379
21350.00 6.86657
21340.00 6.86934
21330.00 6.87212
21320.00 6.87490
21310.00 6.87768
21300.00 6.88047
21290.00 6.88325
21280.00 6.88604
21270.00 6.88883
21260.00 6.89162
21250.00 6.89441
21240.00 6.89720
21230.00 6.90000
21220.00 6.90279
21210.00 6.90559
21200.00 6.90839
21190.00 6.91119
21180.00 6.91399
21170.00 6.91680
21160.00 6.91960
21150.00 6.92241
21140.00 6.92522
21130.00 6.92803
21120.00 6.93084
21110.00 6.93365
21100.00 6.93647
21050.00 6.93740
21040.00 6.94029
21030.00 6.94318
21020.00 6.94607
21010.00 6.94897
21000.00 6.95187
20990.00 6.95476
20980.00 6.95767
20970.00 6.96057
20960.00 6.96347
20950.00 6.96638
20940.00 6.96929
20930.00 6.97220
20920.00 6.97511
20910.00 6.97803
20900.00 6.98541
20890.00 6.98836
20880.00 6.99131
20870.00 6.99426
20860.00 6.99721
20850.00 7.00017
20840.00 7.00312
20830.00 7.00609
20820.00 7.00905
20810.00 7.01202
20800.00 7.01499
20790.00 7.01796
20780.00 7.02093
20770.00 7.02391
20760.00 7.02689
20750.00 7.02987
20740.00 7.03286
20730.00 7.03584
20720.00 7.03884
20710.00 7.04183
20700.00 7.04483
20690.00 7.04782
20680.00 7.05083
20670.00 7.05383
20660.00 7.05684
20650.00 7.05984
20640.00 7.06286
20630.00 7.06587
20620.00 7.06889
20610.00 7.07191
20600.00 7.07493
20590.00 7.07796
20580.00 7.08098
20570.00 7.08401
20560.00 7.08705
20550.00 7.09008
20540.00 7.09312
20530.00 7.09616
20520.00 7.09921
20510.00 7.10225
20500.00 7.10530
20490.00 7.10835
20480.00 7.11141
20470.00 7.11447
20460.00 7.11753
20450.00 7.12059
20440.00 7.12365
20430.00 7.12672
20420.00 7.12979
20410.00 7.13286
20400.00 7.13594
20390.00 7.13902
20380.00 7.14210
20370.00 7.14518
20360.00 7.14827
20350.00 7.15136
20340.00 7.15445
20330.00 7.15754
20320.00 7.16064
20310.00 7.16374
20300.00 7.16684
20290.00 7.16995
20280.00 7.17305
20270.00 7.17617
20260.00 7.17928
20250.00 7.18239
20240.00 7.18551
20230.00 7.18863
20220.00 7.19176
20210.00 7.19488
20200.00 7.19801
20190.00 7.20114
20180.00 7.20428
20170.00 7.20741
20160.00 7.21055
20150.00 7.21369
20140.00 7.21684
20130.00 7.21999
20120.00 7.22314
20110.00 7.22629
20100.00 7.22944
20090.00 7.23260
20080.00 7.23576
20070.00 7.23893
20060.00 7.24209
20050.00 7.24526
20040.00 7.24843
20030.00 7.25161
20020.00 7.25478
20010.00 7.25796
20000.00 7.26114
19990.00 7.26433
19980.00 7.26752
19970.00 7.27071
19960.00 7.27390
19950.00 7.27709
19940.00 7.28029
19930.00 7.28349
19920.00 7.28670
19910.00 7.28990
19900.00 7.29311
19890.00 7.29632
19880.00 7.29953
19870.00 7.30275
19860.00 7.30597
19850.00 7.30919
19840.00 7.31242
19830.00 7.31564
19820.00 7.31887
19810.00 7.32211
19800.00 7.32534
19790.00 7.32858
19780.00 7.33182
19770.00 7.33506
19760.00 7.33831
19750.00 7.34156
19740.00 7.34481
19730.00 7.34806
19720.00 7.35132
19710.00 7.35457
19700.00 7.35784
19690.00 7.36110
19680.00 7.36437
19670.00 7.36764
19660.00 7.37091
19650.00 7.37418
19640.00 7.37746
19630.00 7.38074
19620.00 7.38402
19610.00 7.38731
19600.00 7.39060
19590.00 7.39389
19580.00 7.39718
19570.00 7.40048
19560.00 7.40378
19550.00 7.40708
19540.00 7.41038
19530.00 7.41369
19520.00 7.41700
19510.00 7.42031
19500.00 7.42363
19490.00 7.42694
19480.00 7.43026
19470.00 7.43359
19460.00 7.43691
19450.00 7.44024
19440.00 7.44357
19430.00 7.44691
19420.00 7.45024
19410.00 7.45358
19400.00 7.45692
19390.00 7.46026
19380.00 7.46361
19370.00 7.46696
19360.00 7.47031
19350.00 7.47367
19340.00 7.47702
19330.00 7.48038
19320.00 7.48375
19310.00 7.48711
19300.00 7.49048
19290.00 7.49385
19280.00 7.49722
19270.00 7.50060
19260.00 7.50398
19250.00 7.50736
19240.00 7.51074
19230.00 7.51413
19220.00 7.51752
19210.00 7.52091
19200.00 7.52430
19190.00 7.52770
19180.00 7.53110
19170.00 7.53450
19160.00 7.53791
19150.00 7.54132
19140.00 7.54473
19130.00 7.54814
19120.00 7.55155
19110.00 7.55497
19100.00 7.55839
19090.00 7.56182
19080.00 7.56524
19070.00 7.56867
19060.00 7.57210
19050.00 7.57554
19040.00 7.57898
19030.00 7.58241
19020.00 7.58586
19010.00 7.58930
19000.00 7.59275
18990.00 7.59620
18980.00 7.59965
18970.00 7.60311
18960.00 7.60657
18950.00 7.61003
18940.00 7.61349
18930.00 7.61696
18920.00 7.62043
18910.00 7.62390
18900.00 7.62737
18890.00 7.63085
18880.00 7.63433
18870.00 7.63781
18860.00 7.64130
18850.00 7.64478
18840.00 7.64827
18830.00 7.65176
18820.00 7.65526
18810.00 7.65876
18800.00 7.66226
18790.00 7.66576
18780.00 7.66927
18770.00 7.67278
18760.00 7.67629
18750.00 7.67980
18740.00 7.68332
18730.00 7.68684
18720.00 7.69036
18710.00 7.69389
18700.00 7.69741
18690.00 7.70094
18680.00 7.70448
18670.00 7.70801
18660.00 7.71155
18650.00 7.71173
18640.00 7.71532
18630.00 7.71891
18620.00 7.72251
18610.00 7.72611
18600.00 7.72971
18590.00 7.73332
18580.00 7.73693
18570.00 7.74054
18560.00 7.74416
18550.00 7.74778
18540.00 7.75140
18530.00 7.75503
18520.00 7.75866
18510.00 7.76230
18500.00 7.76593
18490.00 7.76958
18480.00 7.77322
18470.00 7.77687
18460.00 7.78052
18450.00 7.78417
18440.00 7.78783
18430.00 7.79149
18420.00 7.79516
18410.00 7.79883
18400.00 7.80250
18390.00 7.80618
18380.00 7.80986
18370.00 7.81354
18360.00 7.81723
18350.00 7.82092
18340.00 7.82461
18330.00 7.82831
18320.00 7.83201
18310.00 7.83571
18300.00 7.83942
18290.00 7.84313
18280.00 7.84685
18270.00 7.85056
18260.00 7.85429
18250.00 7.85801
18240.00 7.86174
18230.00 7.86547
18220.00 7.86921
18210.00 7.87295
18200.00 7.88157
18190.00 7.88523
18180.00 7.88889
18170.00 7.89256
18160.00 7.89624
18150.00 7.89992
18140.00 7.90360
18130.00 7.90728
18120.00 7.91097
18110.00 7.91467
18100.00 7.91837
18090.00 7.92207
18080.00 7.92578
18070.00 7.92949
18060.00 7.93321
18050.00 7.93693
18040.00 7.94065
18030.00 7.94438
18020.00 7.94811
18010.00 7.95185
18000.00 7.95559
17990.00 7.95934
17980.00 7.96309
17970.00 7.96684
17960.00 7.97060
17950.00 7.97436
17940.00 7.97812
17930.00 7.98190
17920.00 7.98567
17910.00 7.98945
17900.00 7.99323
17890.00 7.99702
17880.00 8.00081
17870.00 8.00461
17860.00 8.00841
17850.00 8.01221
17840.00 8.01602
17830.00 8.01983
17820.00 8.02365
17810.00 8.02747
17800.00 8.03130
17790.00 8.03513
17780.00 8.03896
17770.00 8.04280
17760.00 8.04664
17750.00 8.05049
17740.00 8.05434
17730.00 8.05819
17720.00 8.06205
17710.00 8.06591
17700.00 8.06978
17690.00 8.07365
17680.00 8.07753
17670.00 8.08141
17660.00 8.08529
17650.00 8.08918
17640.00 8.09307
17630.00 8.09697
17620.00 8.10087
17610.00 8.10478
17600.00 8.10869
17590.00 8.11260
17580.00 8.11652
17570.00 8.12044
17560.00 8.12436
17550.00 8.12830
17540.00 8.13223
17530.00 8.13617
17520.00 8.14011
17510.00 8.14406
17500.00 8.14801
17490.00 8.15197
17480.00 8.15593
17470.00 8.15989
17460.00 8.16386
17450.00 8.16783
17440.00 8.17181
17430.00 8.17579
17420.00 8.17978
17410.00 8.18377
17400.00 8.18776
17390.00 8.19176
17380.00 8.19576
17370.00 8.19977
17360.00 8.20378
17350.00 8.20779
17340.00 8.21181
17330.00 8.21583
17320.00 8.21986
17310.00 8.22389
17300.00 8.22792
17290.00 8.23197
17280.00 8.23601
17270.00 8.24006
17260.00 8.24411
17250.00 8.24817
17240.00 8.25223
17230.00 8.25629
17220.00 8.26036
17210.00 8.26444
17200.00 8.26851
17190.00 8.27260
17180.00 8.27668
17170.00 8.28077
17160.00 8.28487
17150.00 8.28897
17140.00 8.29307
17130.00 8.29718
17120.00 8.30129
17110.00 8.30540
17100.00 8.30952
17090.00 8.31365
17080.00 8.31778
17070.00 8.32191
17060.00 8.32605
17050.00 8.33018
17040.00 8.33433
17030.00 8.33848
17020.00 8.34263
17010.00 8.34679
17000.00 8.35095
16990.00 8.35512
16980.00 8.35929
16970.00 8.36346
16960.00 8.36764
16950.00 8.37183
16940.00 8.37601
16930.00 8.38020
16920.00 8.38440
16910.00 8.38860
16900.00 8.39280
16890.00 8.39701
16880.00 8.40122
16870.00 8.40544
16860.00 8.40966
16850.00 8.41389
16840.00 8.41812
16830.00 8.42235
16820.00 8.42659
16810.00 8.43083
16800.00 8.43508
16790.00 8.43933
16780.00 8.44358
16770.00 8.44784
16760.00 8.45210
16750.00 8.45637
16740.00 8.46064
16730.00 8.46492
16720.00 8.46919
16710.00 8.47348
16700.00 8.47777
16690.00 8.48206
16680.00 8.48636
16670.00 8.49066
16660.00 8.49496
16650.00 8.49927
16640.00 8.50358
16630.00 8.50790
16620.00 8.51222
16610.00 8.51655
16600.00 8.52088
16590.00 8.52521
16580.00 8.52955
16570.00 8.53390
16560.00 8.53824
16550.00 8.54259
16540.00 8.54695
16530.00 8.55131
16520.00 8.55567
16510.00 8.56004
16500.00 8.56441
16490.00 8.56879
16480.00 8.57317
16470.00 8.57756
16460.00 8.58194
16450.00 8.58634
16440.00 8.59074
16430.00 8.59514
16420.00 8.59954
16410.00 8.60395
16400.00 8.60837
16390.00 8.61279
16380.00 8.61721
16370.00 8.62164
16360.00 8.62607
16350.00 8.63050
16340.00 8.63494
16330.00 8.63939
16320.00 8.64383
16310.00 8.64829
16300.00 8.65274
16290.00 8.65720
16280.00 8.66167
16270.00 8.66614
16260.00 8.67061
16250.00 8.67509
16240.00 8.67957
16230.00 8.68406
16220.00 8.68855
16210.00 8.69304
16200.00 8.69754
16190.00 8.70204
16180.00 8.70655
16170.00 8.71106
16160.00 8.71558
16150.00 8.72009
16140.00 8.72462
16130.00 8.72915
16120.00 8.73368
16110.00 8.73821
16100.00 8.74275
16090.00 8.74730
16080.00 8.75185
16070.00 8.75640
16060.00 8.76096
16050.00 8.76552
16040.00 8.77009
16030.00 8.77466
16020.00 8.77923
16010.00 8.78381
16000.00 8.78839
15990.00 8.79298
15980.00 8.79757
15970.00 8.80217
15960.00 8.80677
15950.00 8.81137
15940.00 8.81598
15930.00 8.82059
15920.00 8.82521
15910.00 8.83478
15900.00 8.83943
15890.00 8.84410
15880.00 8.84876
15870.00 8.85343
15860.00 8.85811
15850.00 8.86279
15840.00 8.86747
15830.00 8.87216
