#1st harmonic bragg gap dummypitch dummyroll
Units mDeg mm mm mm
60000.00 6.20850
59000.00 6.25416
58990.00 6.25480
58980.00 6.25545
58970.00 6.25610
58960.00 6.25675
58950.00 6.25740
58940.00 6.25805
58930.00 6.25870
58920.00 6.25934
58910.00 6.25999
58900.00 6.26064
58890.00 6.26129
58880.00 6.26194
58870.00 6.26259
58860.00 6.26325
58850.00 6.26390
58840.00 6.26455
58830.00 6.26520
58820.00 6.26585
58810.00 6.26651
58800.00 6.26716
58790.00 6.26781
58780.00 6.26847
58770.00 6.26912
58760.00 6.26977
58750.00 6.27042
58740.00 6.27108
58730.00 6.27173
58720.00 6.27239
58710.00 6.27304
58700.00 6.27370
58690.00 6.27435
58680.00 6.27501
58670.00 6.27567
58660.00 6.27632
58650.00 6.27698
58600.00 6.29255
58590.00 6.29320
58580.00 6.29384
58570.00 6.29449
58560.00 6.29513
58550.00 6.29578
58540.00 6.29643
58530.00 6.29707
58520.00 6.29772
58510.00 6.29837
58500.00 6.30719
58490.00 6.30785
58480.00 6.30851
58470.00 6.30916
58460.00 6.30982
58450.00 6.31048
58440.00 6.31114
58430.00 6.31180
58420.00 6.31246
58410.00 6.31312
58400.00 6.31378
58390.00 6.31444
58380.00 6.31510
58370.00 6.31576
58360.00 6.31642
58350.00 6.31708
58340.00 6.31774
58330.00 6.31840
58320.00 6.31907
58310.00 6.31973
58300.00 6.32039
58290.00 6.32105
58280.00 6.32172
58270.00 6.32238
58260.00 6.32304
58250.00 6.32371
58240.00 6.32437
58230.00 6.32504
58220.00 6.32570
58210.00 6.32637
58200.00 6.32703
58190.00 6.32770
58180.00 6.32837
58170.00 6.32903
58160.00 6.32970
58150.00 6.33037
58140.00 6.33103
58130.00 6.33170
58120.00 6.33237
58110.00 6.33304
58100.00 6.33370
58090.00 6.33437
58080.00 6.33504
58070.00 6.33571
58060.00 6.33638
58050.00 6.33705
58040.00 6.33772
58030.00 6.33839
58020.00 6.33906
58010.00 6.33973
58000.00 6.34040
57990.00 6.34108
57980.00 6.34175
57970.00 6.34242
57960.00 6.34309
57950.00 6.34377
57940.00 6.34444
57930.00 6.34511
57920.00 6.34579
57910.00 6.34646
57900.00 6.34713
57890.00 6.34781
57880.00 6.34848
57870.00 6.34916
57860.00 6.34983
57850.00 6.35051
57840.00 6.35118
57830.00 6.35186
57820.00 6.35254
57810.00 6.35321
57800.00 6.35389
57790.00 6.35457
57780.00 6.35524
57770.00 6.35592
57760.00 6.35660
57750.00 6.35728
57740.00 6.35796
57730.00 6.35864
57720.00 6.35932
57710.00 6.35999
57700.00 6.36067
57690.00 6.36135
57680.00 6.36204
57670.00 6.36272
57660.00 6.36340
57650.00 6.36408
57640.00 6.36476
57630.00 6.36544
57620.00 6.36613
57610.00 6.36681
57600.00 6.36749
57590.00 6.36817
57580.00 6.36886
57570.00 6.36954
57560.00 6.37022
57550.00 6.37091
57540.00 6.37159
57530.00 6.37228
57520.00 6.37296
57510.00 6.37365
57500.00 6.37433
57490.00 6.37502
57480.00 6.37570
57470.00 6.37639
57460.00 6.37708
57450.00 6.37776
57440.00 6.37845
57430.00 6.37914
57420.00 6.37983
57410.00 6.38052
57400.00 6.38120
57390.00 6.38189
57380.00 6.38258
57370.00 6.38327
57360.00 6.38396
57350.00 6.38465
57340.00 6.38534
57330.00 6.38603
57320.00 6.38672
57310.00 6.38741
57300.00 6.38810
57290.00 6.38879
57280.00 6.38949
57270.00 6.39018
57260.00 6.39087
57250.00 6.39156
57240.00 6.39226
57230.00 6.39295
57220.00 6.39364
57210.00 6.39434
57200.00 6.39503
57190.00 6.39573
57180.00 6.39642
57170.00 6.39711
57160.00 6.39781
57150.00 6.39851
57140.00 6.39920
57130.00 6.39990
57120.00 6.40059
57110.00 6.40129
57100.00 6.40199
57090.00 6.40269
57080.00 6.40338
57070.00 6.40408
57060.00 6.40478
57050.00 6.40548
57040.00 6.40618
57030.00 6.40687
57020.00 6.40757
57010.00 6.40827
57000.00 6.40897
56990.00 6.40967
56980.00 6.41037
56970.00 6.41107
56960.00 6.41177
56950.00 6.41248
56940.00 6.41318
56930.00 6.41388
56920.00 6.41458
56910.00 6.41528
56900.00 6.41599
56890.00 6.41669
56880.00 6.41739
56870.00 6.41810
56860.00 6.41880
56850.00 6.41950
56840.00 6.42021
56830.00 6.42091
56820.00 6.42162
56810.00 6.42232
56800.00 6.42303
56790.00 6.42373
56780.00 6.42444
56770.00 6.42515
56760.00 6.42585
56750.00 6.42656
56740.00 6.42727
56730.00 6.42798
56720.00 6.42868
56710.00 6.42939
56700.00 6.43010
56690.00 6.43081
56680.00 6.43152
56670.00 6.43223
56660.00 6.43294
56650.00 6.43365
56640.00 6.43436
56630.00 6.43507
56620.00 6.43578
56610.00 6.43649
56600.00 6.43720
56590.00 6.43791
56580.00 6.43862
56570.00 6.43933
56560.00 6.44005
56550.00 6.44076
56540.00 6.44147
56530.00 6.44219
56520.00 6.44290
56510.00 6.44361
56500.00 6.44433
56490.00 6.44504
56480.00 6.44576
56470.00 6.44647
56460.00 6.44719
56450.00 6.44790
56440.00 6.44862
56430.00 6.44933
56420.00 6.45005
56410.00 6.45077
56400.00 6.45148
56390.00 6.45220
56380.00 6.45292
56370.00 6.45364
56360.00 6.45436
56350.00 6.45507
56340.00 6.45579
56330.00 6.45651
56320.00 6.45723
56310.00 6.45795
56300.00 6.45867
56290.00 6.45939
56280.00 6.46011
56270.00 6.46083
56260.00 6.46155
56250.00 6.46227
56240.00 6.46299
56230.00 6.46372
56220.00 6.46444
56210.00 6.46516
56200.00 6.46588
56190.00 6.46661
56180.00 6.46733
56170.00 6.46805
56160.00 6.46878
56150.00 6.46950
56140.00 6.47022
56130.00 6.47095
56120.00 6.47167
56110.00 6.47240
56100.00 6.47312
56090.00 6.47385
56080.00 6.47458
56070.00 6.47530
56060.00 6.47603
56050.00 6.47676
56040.00 6.47748
56030.00 6.47821
56020.00 6.47894
56010.00 6.47967
56000.00 6.48040
55990.00 6.48112
55980.00 6.48185
55970.00 6.48258
55960.00 6.48331
55950.00 6.48404
55940.00 6.48477
55930.00 6.48550
55920.00 6.48623
55910.00 6.48696
55900.00 6.48769
55890.00 6.48843
55880.00 6.48916
55870.00 6.48989
55860.00 6.49062
55850.00 6.49135
55840.00 6.49209
55830.00 6.49282
55820.00 6.49356
55810.00 6.49429
55800.00 6.49502
55790.00 6.49576
55780.00 6.49649
55770.00 6.49723
55760.00 6.49796
55750.00 6.49870
55740.00 6.49943
55730.00 6.50017
55720.00 6.50091
55710.00 6.50164
55700.00 6.50238
55690.00 6.50312
55680.00 6.50385
55670.00 6.50459
55660.00 6.50533
55650.00 6.50607
55640.00 6.50681
55630.00 6.50755
55620.00 6.50828
55610.00 6.50902
55600.00 6.50976
55590.00 6.51050
55580.00 6.51124
55570.00 6.51198
55560.00 6.51273
55550.00 6.51347
55540.00 6.51421
55530.00 6.51495
55520.00 6.51569
55510.00 6.51643
55500.00 6.51718
55490.00 6.51792
55480.00 6.51866
55470.00 6.51941
55460.00 6.52015
55450.00 6.52090
55440.00 6.52164
55430.00 6.52238
55420.00 6.52313
55410.00 6.52387
55400.00 6.52462
55390.00 6.52537
55380.00 6.52611
55370.00 6.52686
55360.00 6.52760
55350.00 6.52835
55340.00 6.52910
55330.00 6.52985
55320.00 6.53059
55310.00 6.53134
55300.00 6.53209
55290.00 6.53284
55280.00 6.53359
55270.00 6.53434
55260.00 6.53509
55250.00 6.53584
55240.00 6.53658
55230.00 6.53734
55220.00 6.53809
55210.00 6.53884
55200.00 6.53959
55190.00 6.54034
55180.00 6.54109
55170.00 6.54184
55160.00 6.54259
55150.00 6.54335
55140.00 6.54410
55130.00 6.54486
55120.00 6.54561
55110.00 6.54636
55100.00 6.54712
55090.00 6.54787
55080.00 6.54863
55070.00 6.54938
55060.00 6.55014
55050.00 6.55089
55040.00 6.55165
55030.00 6.55240
55020.00 6.55316
55010.00 6.55392
55000.00 6.55467
54990.00 6.55543
54980.00 6.55619
54970.00 6.55694
54960.00 6.55770
54950.00 6.55846
54940.00 6.55922
54930.00 6.55998
54920.00 6.56074
54910.00 6.56150
54900.00 6.56226
54890.00 6.56302
54880.00 6.56378
54870.00 6.56454
54860.00 6.56530
54850.00 6.56606
54840.00 6.56682
54830.00 6.56758
54820.00 6.56835
54810.00 6.56911
54800.00 6.56987
54790.00 6.57063
54780.00 6.57140
54770.00 6.57216
54760.00 6.57292
54750.00 6.57369
54740.00 6.57445
54730.00 6.57522
54720.00 6.57598
54710.00 6.57675
54700.00 6.57751
54690.00 6.57828
54680.00 6.57904
54670.00 6.57981
54660.00 6.58058
54650.00 6.58134
54640.00 6.58211
54630.00 6.58288
54620.00 6.58364
54610.00 6.58441
54600.00 6.58518
54590.00 6.58595
54580.00 6.58672
54570.00 6.58749
54560.00 6.58826
54550.00 6.58903
54540.00 6.58980
54530.00 6.59057
54520.00 6.59134
54510.00 6.59211
54500.00 6.59288
54490.00 6.59365
54480.00 6.59442
54470.00 6.59520
54460.00 6.59597
54450.00 6.59674
54440.00 6.59751
54430.00 6.59829
54420.00 6.59906
54410.00 6.59983
54400.00 6.60061
54390.00 6.60138
54380.00 6.60216
54370.00 6.60293
54360.00 6.60371
54350.00 6.60448
54340.00 6.60526
54330.00 6.60604
54320.00 6.60681
54310.00 6.60759
54300.00 6.60836
54290.00 6.60914
54280.00 6.60992
54270.00 6.61070
54260.00 6.61147
54250.00 6.61225
54240.00 6.61303
54230.00 6.61381
54220.00 6.61459
54210.00 6.61537
54200.00 6.61615
54190.00 6.61693
54180.00 6.61771
54170.00 6.61849
54160.00 6.61927
54150.00 6.62005
54140.00 6.62083
54130.00 6.62161
54120.00 6.62240
54110.00 6.62318
54100.00 6.62396
54090.00 6.62474
54080.00 6.62553
54070.00 6.62631
54060.00 6.62710
54050.00 6.62788
54040.00 6.62866
54030.00 6.62945
54020.00 6.63023
54010.00 6.63102
54000.00 6.63180
53990.00 6.63259
53980.00 6.63338
53970.00 6.63416
53960.00 6.63495
53950.00 6.63573
53940.00 6.63652
53930.00 6.63731
53920.00 6.63810
53910.00 6.63889
53900.00 6.63967
53890.00 6.64046
53880.00 6.64125
53870.00 6.64204
53860.00 6.64283
53850.00 6.64362
53840.00 6.64441
53830.00 6.64520
53820.00 6.64599
53810.00 6.64678
53800.00 6.64757
53790.00 6.64836
53780.00 6.64916
53770.00 6.64995
53760.00 6.65074
53750.00 6.65153
53740.00 6.65232
53730.00 6.65312
53720.00 6.65391
53710.00 6.65471
53700.00 6.65550
53690.00 6.65629
53680.00 6.65709
53670.00 6.65788
53660.00 6.65868
53650.00 6.65947
53640.00 6.66027
53630.00 6.66107
53620.00 6.66186
53610.00 6.66266
53600.00 6.66346
53590.00 6.66425
53580.00 6.66505
53570.00 6.66585
53560.00 6.66665
53550.00 6.66744
53540.00 6.66824
53530.00 6.66904
53520.00 6.66984
53510.00 6.67064
53500.00 6.67144
53490.00 6.67224
53480.00 6.67304
53470.00 6.67384
53460.00 6.67464
53450.00 6.67544
53440.00 6.67624
53430.00 6.67704
53420.00 6.67785
53410.00 6.67865
53400.00 6.67945
53390.00 6.68025
53380.00 6.68106
53370.00 6.68186
53360.00 6.68266
53350.00 6.68347
53340.00 6.68427
53330.00 6.68508
53320.00 6.68588
53310.00 6.68669
53300.00 6.68749
53290.00 6.68830
53280.00 6.68911
53270.00 6.68991
53260.00 6.69072
53250.00 6.69152
53240.00 6.69233
53230.00 6.69314
53220.00 6.69395
53210.00 6.69476
53200.00 6.69556
53190.00 6.69637
53180.00 6.69718
53170.00 6.69799
53160.00 6.69880
53150.00 6.69961
53140.00 6.70042
53130.00 6.70123
53120.00 6.70204
53110.00 6.70285
53100.00 6.70366
53090.00 6.70447
53080.00 6.70528
53070.00 6.70610
53060.00 6.70691
53050.00 6.70772
53040.00 6.70853
53030.00 6.70935
53020.00 6.71016
53010.00 6.71097
53000.00 6.71179
52990.00 6.71260
52980.00 6.71342
52970.00 6.71423
52960.00 6.71505
52950.00 6.71586
52940.00 6.71668
52930.00 6.71749
52920.00 6.71831
52910.00 6.71913
52900.00 6.71994
52890.00 6.72076
52880.00 6.72158
52870.00 6.72240
52860.00 6.72321
52850.00 6.72403
52840.00 6.72485
52830.00 6.72567
52820.00 6.72649
52810.00 6.72731
52800.00 6.72813
52790.00 6.72895
52780.00 6.72977
52770.00 6.73059
52760.00 6.73141
52750.00 6.73223
52740.00 6.73305
52730.00 6.73387
52720.00 6.73470
52710.00 6.73552
52700.00 6.73634
52690.00 6.73716
52680.00 6.73799
52670.00 6.73881
52660.00 6.73963
52650.00 6.74046
52640.00 6.74128
52630.00 6.74211
52620.00 6.74293
52610.00 6.74376
52600.00 6.74458
52590.00 6.74541
52580.00 6.74623
52570.00 6.74706
52560.00 6.74789
52550.00 6.74871
52540.00 6.74954
52530.00 6.75037
52520.00 6.75120
52510.00 6.75202
52500.00 6.75285
52282.10 6.76300
52085.50 6.77910
