10.100000 11.290806 5.076966
10.200000 11.178678 5.131364
10.300000 11.068770 5.185794
10.400000 10.961015 5.240256
10.500000 10.855351 5.294750
10.600000 10.751716 5.349276
10.700000 10.650054 5.403834
10.800000 10.550307 5.458424
10.900000 10.452422 5.513046
11.000000 10.356346 5.567700
11.100000 10.262030 5.622386
11.200000 10.169426 5.677104
11.300000 10.078487 5.731854
11.400000 9.989168 5.786636
11.500000 9.901427 5.841450
11.600000 9.815221 5.896296
11.700000 9.730511 5.951174
11.800000 9.647257 6.006084
11.900000 9.565423 6.061026
12.000000 9.484971 6.116000
12.100000 9.405868 6.171006
12.200000 9.328080 6.226044
12.300000 9.251573 6.281114
12.400000 9.176316 6.336216
12.500000 9.102279 6.391350
12.600000 9.029432 6.446516
12.700000 8.957747 6.501714
12.800000 8.887195 6.556944
12.900000 8.817751 6.612206
13.000000 8.749388 6.667500
13.100000 8.682081 6.722826
13.200000 8.615805 6.778184
13.300000 8.550538 6.833574
13.400000 8.486255 6.888996
13.500000 8.422935 6.944450
13.600000 8.360557 6.999936
13.700000 8.299099 7.055454
13.800000 8.238541 7.111004
13.900000 8.178864 7.166586
14  8.120047419 7.1803