18.8    6.037790873 5.022884
18.9    6.005727058 5.053961
19  5.974002615 5.085
19.1    5.942612174 5.116001
19.2    5.911550479 5.146964
19.3    5.880812384 5.177889
19.4    5.850392848 5.208776
19.5    5.820286937 5.239625
19.6    5.790489817 5.270436
19.7    5.760996754 5.301209
19.8    5.731803108 5.331944
19.9    5.702904337 5.362641
20  5.674295987 5.3933
20.1    5.645973696 5.423921
20.2    5.617933187 5.454504
20.3    5.590170269 5.485049
20.4    5.562680833 5.515556
20.5    5.535460854 5.546025
20.6    5.50850638  5.576456
20.7    5.481813542 5.606849
20.8    5.455378542 5.637204
20.9    5.429197657 5.667521
21  5.403267234 5.6978
21.1    5.377583691 5.728041
21.2    5.352143514 5.758244
21.3    5.326943256 5.788409
21.4    5.301979533 5.818536
21.5    5.277249026 5.848625
21.6    5.252748477 5.878676
21.7    5.22847469  5.908689
21.8    5.204424526 5.938664
21.9    5.180594905 5.968601
22  5.156982804 5.9985
22.1    5.133585253 6.028361
22.2    5.110399338 6.058184
22.3    5.087422196 6.087969
22.4    5.064651016 6.117716
22.5    5.042083038 6.147425
22.6    5.019715551 6.177096
22.7    4.997545891 6.206729
22.8    4.975571442 6.236324
22.9    4.953789633 6.265881
23  4.93219794  6.2954