15.800000 7.189772 5.064034
15.900000 7.144317 5.098136
16.000000 7.099434 5.132250
16.100000 7.055113 5.166376
16.200000 7.011344 5.200514
16.300000 6.968115 5.234664
16.400000 6.925418 5.268826
16.500000 6.883242 5.303000
16.600000 6.841578 5.337186
16.700000 6.800416 5.371384
16.800000 6.759748 5.405594
16.900000 6.719565 5.439816
17.000000 6.679857 5.474050
17.100000 6.640617 5.508296
17.200000 6.601837 5.542554
17.300000 6.563508 5.576824
17.400000 6.525622 5.611106
17.500000 6.488172 5.645400
17.600000 6.451150 5.679706
17.700000 6.414550 5.714024
17.800000 6.378363 5.748354
17.900000 6.342583 5.782696
18.000000 6.307203 5.817050
18.100000 6.272216 5.851416
18.200000 6.237616 5.885794
18.300000 6.203397 5.920184
18.400000 6.169551 5.954586
18.500000 6.136074 5.989000
18.600000 6.102959 6.023426
18.700000 6.070200 6.057864
18.800000 6.037791 6.092314
18.900000 6.005727 6.126776
19.000000 5.974003 6.161250
19.100000 5.942612 6.195736
19.200000 5.911550 6.230234
19.300000 5.880812 6.264744
19.400000 5.850393 6.299266
19.500000 5.820287 6.333800
19.600000 5.790490 6.368346
19.700000 5.760997 6.402904
19.800000 5.731803 6.437474
19.900000 5.702904 6.472056
20  5.674295987 6.451