5.000000 23.296747 5.939600
5.100000 22.813860 6.065576
5.200000 22.351156 6.192224
5.300000 21.907358 6.319544
5.400000 21.481301 6.447536
5.500000 21.071912 6.576200
5.600000 20.678210 6.705536
5.700000 20.299288 6.835544
5.800000 19.934309 6.966224
5.900000 19.582502 7.097576
6.000000 19.243151 7.229600
6.100000 18.915593 7.362296
6.200000 18.599211 7.495664
6.300000 18.293432 7.629704
6.400000 17.997722 7.764416
6.500000 17.711584 7.899800
6.600000 17.434551 8.035856
6.700000 17.166190 8.172584
6.800000 16.906093 8.309984
6.900000 16.653877 8.448056
7.000000 16.409186 8.586800
7.100000 16.171681 8.726216
7.200000 15.941048 8.866304
7.300000 15.716987 9.007064
7.400000 15.499219 9.148496
7.500000 15.287478 9.290600
7.600000 15.081514 9.433376
7.700000 14.881092 9.576824
7.800000 14.685988 9.720944
7.900000 14.495990 9.865736
8   14.31089947 10.0172