7.200000 15.941048 5.077824
7.300000 15.716987 5.152994
7.400000 15.499219 5.228336
7.500000 15.287478 5.303850
7.600000 15.081514 5.379536
7.700000 14.881092 5.455394
7.800000 14.685988 5.531424
7.900000 14.495990 5.607626
8.000000 14.310899 5.684000
8.100000 14.130526 5.760546
8.200000 13.954689 5.837264
8.300000 13.783218 5.914154
8.400000 13.615952 5.991216
8.500000 13.452735 6.068450
8.600000 13.293421 6.145856
8.700000 13.137871 6.223434
8.800000 12.985951 6.301184
8.900000 12.837535 6.379106
9.000000 12.692501 6.457200
9.100000 12.550735 6.535466
9.200000 12.412127 6.613904
9.300000 12.276571 6.692514
9.400000 12.143966 6.771296
9.500000 12.014217 6.850250
9.600000 11.887232 6.929376
9.700000 11.762922 7.008674
9.800000 11.641204 7.088144
9.900000 11.521996 7.167786
10.000000 11.405222 7.247600
10.100000 11.290806 7.327586
10.200000 11.178678 7.407744
10.300000 11.068770 7.488074
10.400000 10.961015 7.568576
10.500000 10.855351 7.649250
10.600000 10.751716 7.730096
10.700000 10.650054 7.811114
10.800000 10.550307 7.892304
10.900000 10.452422 7.973666
11.000000 10.356346 8.055200