22.8    4.975571442 5.02524
22.9    4.953789633 5.08516
23  4.93219794  5.143
23.1    4.910793881 5.19876
23.2    4.889575018 5.25244
23.3    4.868538955 5.30404
23.4    4.847683337 5.35356
23.5    4.827005849 5.401
23.6    4.806504216 5.44636
23.7    4.786176201 5.48964
23.8    4.766019607 5.53084
23.9    4.746032271 5.56996
24  4.726212067 5.607
24.1    4.706556907 5.64196
24.2    4.687064734 5.67484
24.3    4.667733527 5.70564
24.4    4.648561299 5.73436
24.5    4.629546094 5.761
24.6    4.610685989 5.78556
24.7    4.591979092 5.80804
24.8    4.573423542 5.82844
24.9    4.555017507 5.84676
25  4.536759186 5.863
25.1    4.518646806 5.87716
25.2    4.500678622 5.88924
25.3    4.482852917 5.89924
25.4    4.465168002 5.90716
25.5    4.447622213 5.913
25.6    4.430213914 5.91676
25.7    4.412941493 5.91844
25.8    4.395803363 5.91804
25.9    4.378797964 5.91556
26  4.361923758 5.911
26.1    4.345179231 5.90436
26.2    4.328562892 5.89564
26.3    4.312073274 5.88484
26.4    4.295708931 5.87196
26.5    4.27946844  5.857