12.800000 8.887195 5.033404
12.900000 8.817751 5.073526
13.000000 8.749388 5.113700
13.100000 8.682081 5.153926
13.200000 8.615805 5.194204
13.300000 8.550538 5.234534
13.400000 8.486255 5.274916
13.500000 8.422935 5.315350
13.600000 8.360557 5.355836
13.700000 8.299099 5.396374
13.800000 8.238541 5.436964
13.900000 8.178864 5.477606
14.000000 8.120047 5.518300
14.100000 8.062074 5.559046
14.200000 8.004925 5.599844
14.300000 7.948583 5.640694
14.400000 7.893032 5.681596
14.500000 7.838254 5.722550
14.600000 7.784233 5.763556
14.700000 7.730954 5.804614
14.800000 7.678402 5.845724
14.900000 7.626562 5.886886
15.000000 7.575418 5.928100
15.100000 7.524959 5.969366
15.200000 7.475169 6.010684
15.300000 7.426035 6.052054
15.400000 7.377545 6.093476
15.500000 7.329685 6.134950
15.600000 7.282445 6.176476
15.700000 7.235811 6.218054
15.800000 7.189772 6.259684
15.900000 7.144317 6.301366
16.000000 7.099434 6.343100
16.100000 7.055113 6.384886
16.200000 7.011344 6.426724
16.300000 6.968115 6.468614
16.400000 6.925418 6.510556
16.500000 6.883242 6.552550
16.600000 6.841578 6.594596
16.700000 6.800416 6.636694
16.800000 6.759748 6.678844
16.900000 6.719565 6.721046
17  6.679857305 6.7361