#F U:\Beamline I20\I20-1_EDE\Wigglers\xop\83mm-small-wiggler\EDE line ranges\0p9T-300mA-0p12x0p8mrad.dat
#C I20EDE 0.9T 300mA 0.12x0.8mrad
#S 1 File written by xplot on Tue Sep 10 16:33:20 2013
#N 2
#L    Energy [eV]  Flux [ph/s/0.1%bw]
50 6.71429E+012 
100 1.0642E+013 
150 1.39124E+013 
200 1.6805E+013 
250 1.94362E+013 
300 2.18685E+013 
350 2.41406E+013 
400 2.62786E+013 
450 2.83013E+013 
500 3.02225E+013 
550 3.20531E+013 
600 3.38019E+013 
650 3.54758E+013 
700 3.70807E+013 
750 3.86215E+013 
800 4.01026E+013 
850 4.15276E+013 
900 4.28997E+013 
950 4.42218E+013 
1000 4.54964E+013 
1050 4.67257E+013 
1100 4.79119E+013 
1150 4.90568E+013 
1200 5.01622E+013 
1250 5.12296E+013 
1300 5.22604E+013 
1350 5.32561E+013 
1400 5.42178E+013 
1450 5.51467E+013 
1500 5.6044E+013 
1550 5.69107E+013 
1600 5.77476E+013 
1650 5.85559E+013 
1700 5.93362E+013 
1750 6.00895E+013 
1800 6.08165E+013 
1850 6.1518E+013 
1900 6.21946E+013 
1950 6.28472E+013 
2000 6.34762E+013 
2050 6.40824E+013 
2100 6.46662E+013 
2150 6.52285E+013 
2200 6.57695E+013 
2250 6.629E+013 
2300 6.67903E+013 
2350 6.72711E+013 
2400 6.77328E+013 
2450 6.81758E+013 
2500 6.86006E+013 
2550 6.90076E+013 
2600 6.93973E+013 
2650 6.97701E+013 
2700 7.01263E+013 
2750 7.04664E+013 
2800 7.07906E+013 
2850 7.10995E+013 
2900 7.13933E+013 
2950 7.16724E+013 
3000 7.1937E+013 
3050 7.21876E+013 
3100 7.24245E+013 
3150 7.2648E+013 
3200 7.28583E+013 
3250 7.30558E+013 
3300 7.32407E+013 
3350 7.34134E+013 
3400 7.3574E+013 
3450 7.3723E+013 
3500 7.38605E+013 
3550 7.39868E+013 
3600 7.41021E+013 
3650 7.42067E+013 
3700 7.43008E+013 
3750 7.43847E+013 
3800 7.44586E+013 
3850 7.45227E+013 
3900 7.45772E+013 
3950 7.46224E+013 
4000 7.46584E+013 
4050 7.46854E+013 
4100 7.47038E+013 
4150 7.47136E+013 
4200 7.4715E+013 
4250 7.47083E+013 
4300 7.46936E+013 
4350 7.46711E+013 
4400 7.4641E+013 
4450 7.46034E+013 
4500 7.45586E+013 
4550 7.45067E+013 
4600 7.44478E+013 
4650 7.43821E+013 
4700 7.43099E+013 
4750 7.42311E+013 
4800 7.41461E+013 
4850 7.40548E+013 
4900 7.39576E+013 
4950 7.38545E+013 
5000 7.37456E+013 
5050 7.36311E+013 
5100 7.35112E+013 
5150 7.33859E+013 
5200 7.32555E+013 
5250 7.31199E+013 
5300 7.29794E+013 
5350 7.28341E+013 
5400 7.26841E+013 
5450 7.25295E+013 
5500 7.23704E+013 
5550 7.2207E+013 
5600 7.20393E+013 
5650 7.18675E+013 
5700 7.16916E+013 
5750 7.15118E+013 
5800 7.13282E+013 
5850 7.11409E+013 
5900 7.095E+013 
5950 7.07555E+013 
6000 7.05577E+013 
6050 7.03565E+013 
6100 7.0152E+013 
6150 6.99445E+013 
6200 6.97338E+013 
6250 6.95202E+013 
6300 6.93037E+013 
6350 6.90844E+013 
6400 6.88624E+013 
6450 6.86378E+013 
6500 6.84106E+013 
6550 6.8181E+013 
6600 6.79489E+013 
6650 6.77145E+013 
6700 6.74779E+013 
6750 6.72391E+013 
6800 6.69982E+013 
6850 6.67553E+013 
6900 6.65103E+013 
6950 6.62635E+013 
7000 6.60149E+013 
7050 6.57645E+013 
7100 6.55124E+013 
7150 6.52586E+013 
7200 6.50033E+013 
7250 6.47464E+013 
7300 6.44881E+013 
7350 6.42284E+013 
7400 6.39674E+013 
7450 6.3705E+013 
7500 6.34414E+013 
7550 6.31767E+013 
7600 6.29108E+013 
7650 6.26438E+013 
7700 6.23758E+013 
7750 6.21068E+013 
7800 6.18369E+013 
7850 6.15661E+013 
7900 6.12945E+013 
7950 6.10221E+013 
8000 6.0749E+013 
8050 6.04751E+013 
8100 6.02006E+013 
8150 5.99255E+013 
8200 5.96498E+013 
8250 5.93736E+013 
8300 5.90969E+013 
8350 5.88197E+013 
8400 5.85421E+013 
8450 5.82642E+013 
8500 5.79859E+013 
8550 5.77073E+013 
8600 5.74285E+013 
8650 5.71494E+013 
8700 5.68701E+013 
8750 5.65907E+013 
8800 5.63111E+013 
8850 5.60314E+013 
8900 5.57516E+013 
8950 5.54719E+013 
9000 5.5192E+013 
9050 5.49123E+013 
9100 5.46325E+013 
9150 5.43529E+013 
9200 5.40733E+013 
9250 5.37939E+013 
9300 5.35147E+013 
9350 5.32356E+013 
9400 5.29567E+013 
9450 5.26781E+013 
9500 5.23998E+013 
9550 5.21217E+013 
9600 5.18439E+013 
9650 5.15664E+013 
9700 5.12893E+013 
9750 5.10126E+013 
9800 5.07362E+013 
9850 5.04603E+013 
9900 5.01848E+013 
9950 4.99098E+013 
10000 4.96352E+013 
10050 4.93611E+013 
10100 4.90876E+013 
10150 4.88145E+013 
10200 4.8542E+013 
10250 4.82701E+013 
10300 4.79987E+013 
10350 4.77279E+013 
10400 4.74578E+013 
10450 4.71883E+013 
10500 4.69194E+013 
10550 4.66511E+013 
10600 4.63836E+013 
10650 4.61167E+013 
10700 4.58505E+013 
10750 4.5585E+013 
10800 4.53203E+013 
10850 4.50562E+013 
10900 4.4793E+013 
10950 4.45305E+013 
11000 4.42687E+013 
11050 4.40078E+013 
11100 4.37476E+013 
11150 4.34883E+013 
11200 4.32297E+013 
11250 4.2972E+013 
11300 4.27151E+013 
11350 4.24591E+013 
11400 4.22039E+013 
11450 4.19495E+013 
11500 4.16961E+013 
11550 4.14435E+013 
11600 4.11918E+013 
11650 4.0941E+013 
11700 4.06911E+013 
11750 4.04421E+013 
11800 4.01941E+013 
11850 3.99469E+013 
11900 3.97007E+013 
11950 3.94554E+013 
12000 3.92111E+013 
12050 3.89677E+013 
12100 3.87252E+013 
12150 3.84838E+013 
12200 3.82432E+013 
12250 3.80037E+013 
12300 3.77651E+013 
12350 3.75275E+013 
12400 3.72909E+013 
12450 3.70553E+013 
12500 3.68207E+013 
12550 3.6587E+013 
12600 3.63544E+013 
12650 3.61228E+013 
12700 3.58921E+013 
12750 3.56625E+013 
12800 3.54339E+013 
12850 3.52063E+013 
12900 3.49798E+013 
12950 3.47542E+013 
13000 3.45297E+013 
13050 3.43062E+013 
13100 3.40837E+013 
13150 3.38622E+013 
13200 3.36418E+013 
13250 3.34224E+013 
13300 3.32041E+013 
13350 3.29868E+013 
13400 3.27705E+013 
13450 3.25553E+013 
13500 3.23411E+013 
13550 3.21279E+013 
13600 3.19158E+013 
13650 3.17047E+013 
13700 3.14946E+013 
13750 3.12856E+013 
13800 3.10777E+013 
13850 3.08708E+013 
13900 3.06649E+013 
13950 3.04601E+013 
14000 3.02562E+013 
14050 3.00535E+013 
14100 2.98518E+013 
14150 2.96511E+013 
14200 2.94515E+013 
14250 2.92529E+013 
14300 2.90553E+013 
14350 2.88588E+013 
14400 2.86633E+013 
14450 2.84689E+013 
14500 2.82755E+013 
14550 2.80831E+013 
14600 2.78917E+013 
14650 2.77014E+013 
14700 2.75121E+013 
14750 2.73239E+013 
14800 2.71366E+013 
14850 2.69504E+013 
14900 2.67652E+013 
14950 2.6581E+013 
15000 2.63979E+013 
15050 2.62158E+013 
15100 2.60346E+013 
15150 2.58545E+013 
15200 2.56754E+013 
15250 2.54973E+013 
15300 2.53202E+013 
15350 2.51441E+013 
15400 2.49691E+013 
15450 2.4795E+013 
15500 2.46219E+013 
15550 2.44498E+013 
15600 2.42787E+013 
15650 2.41086E+013 
15700 2.39394E+013 
15750 2.37713E+013 
15800 2.36041E+013 
15850 2.34379E+013 
15900 2.32727E+013 
15950 2.31085E+013 
16000 2.29452E+013 
16050 2.27829E+013 
16100 2.26216E+013 
16150 2.24612E+013 
16200 2.23017E+013 
16250 2.21433E+013 
16300 2.19858E+013 
16350 2.18292E+013 
16400 2.16735E+013 
16450 2.15188E+013 
16500 2.13651E+013 
16550 2.12123E+013 
16600 2.10604E+013 
16650 2.09094E+013 
16700 2.07594E+013 
16750 2.06102E+013 
16800 2.04621E+013 
16850 2.03148E+013 
16900 2.01684E+013 
16950 2.00229E+013 
17000 1.98783E+013 
17050 1.97347E+013 
17100 1.95919E+013 
17150 1.945E+013 
17200 1.9309E+013 
17250 1.91689E+013 
17300 1.90297E+013 
17350 1.88913E+013 
17400 1.87539E+013 
17450 1.86173E+013 
17500 1.84815E+013 
17550 1.83466E+013 
17600 1.82126E+013 
17650 1.80795E+013 
17700 1.79472E+013 
17750 1.78157E+013 
17800 1.76851E+013 
17850 1.75553E+013 
17900 1.74264E+013 
17950 1.72983E+013 
18000 1.7171E+013 
18050 1.70446E+013 
18100 1.69189E+013 
18150 1.67941E+013 
18200 1.66701E+013 
18250 1.65469E+013 
18300 1.64245E+013 
18350 1.6303E+013 
18400 1.61822E+013 
18450 1.60622E+013 
18500 1.5943E+013 
18550 1.58246E+013 
18600 1.5707E+013 
18650 1.55901E+013 
18700 1.5474E+013 
18750 1.53587E+013 
18800 1.52442E+013 
18850 1.51304E+013 
18900 1.50174E+013 
18950 1.49052E+013 
19000 1.47937E+013 
19050 1.46829E+013 
19100 1.45729E+013 
19150 1.44636E+013 
19200 1.43551E+013 
19250 1.42473E+013 
19300 1.41402E+013 
19350 1.40339E+013 
19400 1.39283E+013 
19450 1.38234E+013 
19500 1.37192E+013 
19550 1.36157E+013 
19600 1.35129E+013 
19650 1.34108E+013 
19700 1.33094E+013 
19750 1.32088E+013 
19800 1.31088E+013 
19850 1.30095E+013 
19900 1.29108E+013 
19950 1.28129E+013 
20000 1.27156E+013 
20050 1.2619E+013 
20100 1.25231E+013 
20150 1.24278E+013 
20200 1.23332E+013 
20250 1.22393E+013 
20300 1.2146E+013 
20350 1.20533E+013 
20400 1.19613E+013 
20450 1.187E+013 
20500 1.17793E+013 
20550 1.16892E+013 
20600 1.15997E+013 
20650 1.15109E+013 
20700 1.14227E+013 
20750 1.13351E+013 
20800 1.12482E+013 
20850 1.11618E+013 
20900 1.10761E+013 
20950 1.09909E+013 
21000 1.09064E+013 
21050 1.08225E+013 
21100 1.07391E+013 
21150 1.06564E+013 
21200 1.05742E+013 
21250 1.04926E+013 
21300 1.04116E+013 
21350 1.03312E+013 
21400 1.02513E+013 
21450 1.01721E+013 
21500 1.00934E+013 
21550 1.00152E+013 
21600 9.93762E+012 
21650 9.86059E+012 
21700 9.78411E+012 
21750 9.70819E+012 
21800 9.6328E+012 
21850 9.55796E+012 
21900 9.48367E+012 
21950 9.4099E+012 
22000 9.33667E+012 
22050 9.26397E+012 
22100 9.1918E+012 
22150 9.12014E+012 
22200 9.04901E+012 
22250 8.9784E+012 
22300 8.9083E+012 
22350 8.8387E+012 
22400 8.76962E+012 
22450 8.70104E+012 
22500 8.63296E+012 
22550 8.56537E+012 
22600 8.49828E+012 
22650 8.43168E+012 
22700 8.36557E+012 
22750 8.29994E+012 
22800 8.23479E+012 
22850 8.17012E+012 
22900 8.10593E+012 
22950 8.04221E+012 
23000 7.97896E+012 
23050 7.91617E+012 
23100 7.85385E+012 
23150 7.79199E+012 
23200 7.73058E+012 
23250 7.66963E+012 
23300 7.60913E+012 
23350 7.54907E+012 
23400 7.48947E+012 
23450 7.4303E+012 
23500 7.37157E+012 
23550 7.31328E+012 
23600 7.25543E+012 
23650 7.198E+012 
23700 7.141E+012 
23750 7.08443E+012 
23800 7.02828E+012 
23850 6.97254E+012 
23900 6.91723E+012 
23950 6.86232E+012 
24000 6.80783E+012 
24050 6.75375E+012 
24100 6.70007E+012 
24150 6.6468E+012 
24200 6.59392E+012 
24250 6.54144E+012 
24300 6.48936E+012 
24350 6.43767E+012 
24400 6.38637E+012 
24450 6.33545E+012 
24500 6.28492E+012 
24550 6.23476E+012 
24600 6.18499E+012 
24650 6.1356E+012 
24700 6.08657E+012 
24750 6.03792E+012 
24800 5.98964E+012 
24850 5.94172E+012 
24900 5.89417E+012 
24950 5.84697E+012 
25000 5.80014E+012 
25050 5.75366E+012 
25100 5.70753E+012 
25150 5.66176E+012 
25200 5.61633E+012 
25250 5.57125E+012 
25300 5.52652E+012 
25350 5.48212E+012 
25400 5.43806E+012 
25450 5.39435E+012 
25500 5.35096E+012 
25550 5.30791E+012 
25600 5.26518E+012 
25650 5.22279E+012 
25700 5.18071E+012 
25750 5.13897E+012 
25800 5.09754E+012 
25850 5.05642E+012 
25900 5.01563E+012 
25950 4.97515E+012 
26000 4.93498E+012 
26050 4.89512E+012 
26100 4.85557E+012 
26150 4.81632E+012 
26200 4.77737E+012 
26250 4.73873E+012 
26300 4.70038E+012 
26350 4.66233E+012 
26400 4.62457E+012 
26450 4.58711E+012 
26500 4.54993E+012 
26550 4.51305E+012 
26600 4.47645E+012 
26650 4.44013E+012 
26700 4.40409E+012 
26750 4.36834E+012 
26800 4.33286E+012 
26850 4.29766E+012 
26900 4.26273E+012 
26950 4.22807E+012 
27000 4.19368E+012 
27050 4.15956E+012 
27100 4.12571E+012 
27150 4.09212E+012 
27200 4.05879E+012 
27250 4.02573E+012 
27300 3.99292E+012 
27350 3.96037E+012 
27400 3.92807E+012 
27450 3.89602E+012 
27500 3.86423E+012 
27550 3.83268E+012 
27600 3.80138E+012 
27650 3.77033E+012 
27700 3.73952E+012 
27750 3.70895E+012 
27800 3.67862E+012 
27850 3.64853E+012 
27900 3.61868E+012 
27950 3.58906E+012 
28000 3.55967E+012 
28050 3.53052E+012 
28100 3.50159E+012 
28150 3.47289E+012 
28200 3.44442E+012 
28250 3.41618E+012 
28300 3.38815E+012 
28350 3.36035E+012 
28400 3.33277E+012 
28450 3.3054E+012 
28500 3.27825E+012 
28550 3.25132E+012 
28600 3.2246E+012 
28650 3.19809E+012 
28700 3.17179E+012 
28750 3.1457E+012 
28800 3.11981E+012 
28850 3.09413E+012 
28900 3.06866E+012 
28950 3.04339E+012 
29000 3.01832E+012 
29050 2.99344E+012 
29100 2.96877E+012 
29150 2.94429E+012 
29200 2.92E+012 
29250 2.89591E+012 
29300 2.87201E+012 
29350 2.8483E+012 
29400 2.82478E+012 
29450 2.80145E+012 
29500 2.7783E+012 
29550 2.75534E+012 
29600 2.73256E+012 
29650 2.70997E+012 
29700 2.68755E+012 
29750 2.66532E+012 
29800 2.64326E+012 
29850 2.62137E+012 
29900 2.59967E+012 
29950 2.57813E+012 
30000 2.55677E+012 
30050 2.53558E+012 
30100 2.51456E+012 
30150 2.49371E+012 
30200 2.47303E+012 
30250 2.45251E+012 
30300 2.43216E+012 
30350 2.41197E+012 
30400 2.39194E+012 
30450 2.37207E+012 
30500 2.35237E+012 
30550 2.33282E+012 
30600 2.31343E+012 
30650 2.29419E+012 
30700 2.27512E+012 
30750 2.25619E+012 
30800 2.23742E+012 
30850 2.21879E+012 
30900 2.20032E+012 
30950 2.182E+012 
31000 2.16383E+012 
31050 2.1458E+012 
31100 2.12792E+012 
31150 2.11018E+012 
31200 2.09259E+012 
31250 2.07513E+012 
31300 2.05782E+012 
31350 2.04065E+012 
31400 2.02362E+012 
31450 2.00673E+012 
31500 1.98997E+012 
31550 1.97335E+012 
31600 1.95686E+012 
31650 1.94051E+012 
31700 1.92429E+012 
31750 1.90821E+012 
31800 1.89225E+012 
31850 1.87642E+012 
31900 1.86072E+012 
31950 1.84515E+012 
32000 1.82971E+012 
32050 1.81439E+012 
32100 1.7992E+012 
32150 1.78413E+012 
32200 1.76918E+012 
32250 1.75435E+012 
32300 1.73965E+012 
32350 1.72506E+012 
32400 1.7106E+012 
32450 1.69625E+012 
32500 1.68202E+012 
32550 1.6679E+012 
32600 1.6539E+012 
32650 1.64002E+012 
32700 1.62625E+012 
32750 1.61259E+012 
32800 1.59904E+012 
32850 1.5856E+012 
32900 1.57228E+012 
32950 1.55906E+012 
33000 1.54595E+012 
33050 1.53295E+012 
33100 1.52005E+012 
33150 1.50726E+012 
33200 1.49458E+012 
33250 1.482E+012 
33300 1.46952E+012 
33350 1.45714E+012 
33400 1.44487E+012 
33450 1.4327E+012 
33500 1.42063E+012 
33550 1.40865E+012 
33600 1.39678E+012 
33650 1.385E+012 
33700 1.37332E+012 
33750 1.36173E+012 
33800 1.35024E+012 
33850 1.33885E+012 
33900 1.32755E+012 
33950 1.31634E+012 
34000 1.30522E+012 
34050 1.2942E+012 
34100 1.28327E+012 
34150 1.27242E+012 
34200 1.26167E+012 
34250 1.25101E+012 
34300 1.24043E+012 
34350 1.22994E+012 
34400 1.21954E+012 
34450 1.20922E+012 
34500 1.19899E+012 
34550 1.18884E+012 
34600 1.17878E+012 
34650 1.1688E+012 
34700 1.1589E+012 
34750 1.14908E+012 
34800 1.13935E+012 
34850 1.1297E+012 
34900 1.12012E+012 
34950 1.11063E+012 
35000 1.10121E+012 
35050 1.09187E+012 
35100 1.08261E+012 
35150 1.07343E+012 
35200 1.06432E+012 
35250 1.05529E+012 
35300 1.04633E+012 
35350 1.03745E+012 
35400 1.02864E+012 
35450 1.01991E+012 
35500 1.01124E+012 
35550 1.00265E+012 
35600 9.94132E+011 
35650 9.85683E+011 
35700 9.77305E+011 
35750 9.68996E+011 
35800 9.60756E+011 
35850 9.52585E+011 
35900 9.44482E+011 
35950 9.36446E+011 
36000 9.28477E+011 
36050 9.20575E+011 
36100 9.12738E+011 
36150 9.04967E+011 
36200 8.97261E+011 
36250 8.89619E+011 
36300 8.8204E+011 
36350 8.74525E+011 
36400 8.67073E+011 
36450 8.59682E+011 
36500 8.52354E+011 
36550 8.45087E+011 
36600 8.3788E+011 
36650 8.30734E+011 
36700 8.23647E+011 
36750 8.1662E+011 
36800 8.09651E+011 
36850 8.02741E+011 
36900 7.95888E+011 
36950 7.89093E+011 
37000 7.82355E+011 
37050 7.75673E+011 
37100 7.69047E+011 
37150 7.62476E+011 
37200 7.55961E+011 
37250 7.495E+011 
37300 7.43094E+011 
37350 7.36741E+011 
37400 7.30441E+011 
37450 7.24194E+011 
37500 7.18E+011 
37550 7.11857E+011 
37600 7.05766E+011 
37650 6.99727E+011 
37700 6.93738E+011 
37750 6.87799E+011 
37800 6.8191E+011 
37850 6.76071E+011 
37900 6.70281E+011 
37950 6.64539E+011 
38000 6.58846E+011 
38050 6.532E+011 
38100 6.47602E+011 
38150 6.42051E+011 
38200 6.36547E+011 
38250 6.31089E+011 
38300 6.25678E+011 
38350 6.20311E+011 
38400 6.1499E+011 
38450 6.09714E+011 
38500 6.04482E+011 
38550 5.99294E+011 
38600 5.94151E+011 
38650 5.8905E+011 
38700 5.83992E+011 
38750 5.78978E+011 
38800 5.74005E+011 
38850 5.69074E+011 
38900 5.64185E+011 
38950 5.59338E+011 
39000 5.54531E+011 
39050 5.49765E+011 
39100 5.45039E+011 
39150 5.40353E+011 
39200 5.35706E+011 
39250 5.31099E+011 
39300 5.26531E+011 
39350 5.22001E+011 
39400 5.1751E+011 
39450 5.13057E+011 
39500 5.08641E+011 
39550 5.04263E+011 
39600 4.99922E+011 
39650 4.95618E+011 
39700 4.9135E+011 
39750 4.87118E+011 
39800 4.82922E+011 
39850 4.78761E+011 
39900 4.74636E+011 
39950 4.70546E+011 
40000 4.66491E+011 
40050 4.6247E+011 
40100 4.58483E+011 
40150 4.54529E+011 
40200 4.5061E+011 
40250 4.46723E+011 
40300 4.4287E+011 
40350 4.39049E+011 
40400 4.35261E+011 
40450 4.31505E+011 
40500 4.27781E+011 
40550 4.24088E+011 
40600 4.20427E+011 
40650 4.16797E+011 
40700 4.13198E+011 
40750 4.09629E+011 
40800 4.06091E+011 
40850 4.02583E+011 
40900 3.99105E+011 
40950 3.95656E+011 
41000 3.92236E+011 
41050 3.88846E+011 
41100 3.85485E+011 
41150 3.82152E+011 
41200 3.78848E+011 
41250 3.75571E+011 
41300 3.72323E+011 
41350 3.69102E+011 
41400 3.65909E+011 
41450 3.62743E+011 
41500 3.59604E+011 
41550 3.56492E+011 
41600 3.53406E+011 
41650 3.50347E+011 
41700 3.47313E+011 
41750 3.44306E+011 
41800 3.41324E+011 
41850 3.38368E+011 
41900 3.35437E+011 
41950 3.32531E+011 
42000 3.29649E+011 
42050 3.26793E+011 
42100 3.23961E+011 
42150 3.21152E+011 
42200 3.18368E+011 
42250 3.15608E+011 
42300 3.12871E+011 
42350 3.10158E+011 
42400 3.07468E+011 
42450 3.04801E+011 
42500 3.02157E+011 
42550 2.99535E+011 
42600 2.96936E+011 
42650 2.94359E+011 
42700 2.91804E+011 
42750 2.89271E+011 
42800 2.8676E+011 
42850 2.8427E+011 
42900 2.81801E+011 
42950 2.79354E+011 
43000 2.76928E+011 
43050 2.74522E+011 
43100 2.72137E+011 
43150 2.69772E+011 
43200 2.67428E+011 
43250 2.65104E+011 
43300 2.628E+011 
43350 2.60515E+011 
43400 2.5825E+011 
43450 2.56005E+011 
43500 2.53779E+011 
43550 2.51572E+011 
43600 2.49383E+011 
43650 2.47214E+011 
43700 2.45063E+011 
43750 2.42931E+011 
43800 2.40817E+011 
43850 2.38721E+011 
43900 2.36643E+011 
43950 2.34584E+011 
44000 2.32541E+011 
44050 2.30517E+011 
44100 2.28509E+011 
44150 2.26519E+011 
44200 2.24546E+011 
44250 2.2259E+011 
44300 2.20651E+011 
44350 2.18729E+011 
44400 2.16823E+011 
44450 2.14933E+011 
44500 2.1306E+011 
44550 2.11203E+011 
44600 2.09362E+011 
44650 2.07537E+011 
44700 2.05727E+011 
44750 2.03933E+011 
44800 2.02154E+011 
44850 2.00391E+011 
44900 1.98643E+011 
44950 1.9691E+011 
45000 1.95192E+011 
45050 1.93489E+011 
45100 1.91801E+011 
45150 1.90127E+011 
45200 1.88467E+011 
45250 1.86822E+011 
45300 1.85191E+011 
45350 1.83574E+011 
45400 1.81971E+011 
45450 1.80382E+011 
45500 1.78806E+011 
45550 1.77244E+011 
45600 1.75696E+011 
45650 1.74161E+011 
45700 1.72639E+011 
45750 1.71131E+011 
45800 1.69635E+011 
45850 1.68152E+011 
45900 1.66682E+011 
45950 1.65225E+011 
46000 1.63781E+011 
46050 1.62349E+011 
46100 1.60929E+011 
46150 1.59522E+011 
46200 1.58126E+011 
46250 1.56743E+011 
46300 1.55372E+011 
46350 1.54012E+011 
46400 1.52665E+011 
46450 1.51329E+011 
46500 1.50005E+011 
46550 1.48692E+011 
46600 1.4739E+011 
46650 1.461E+011 
46700 1.44821E+011 
46750 1.43553E+011 
46800 1.42296E+011 
46850 1.41049E+011 
46900 1.39814E+011 
46950 1.38589E+011 
47000 1.37375E+011 
47050 1.36172E+011 
47100 1.34979E+011 
47150 1.33796E+011 
47200 1.32623E+011 
47250 1.31461E+011 
47300 1.30309E+011 
47350 1.29166E+011 
47400 1.28034E+011 
47450 1.26911E+011 
47500 1.25799E+011 
47550 1.24696E+011 
47600 1.23602E+011 
47650 1.22518E+011 
47700 1.21443E+011 
47750 1.20378E+011 
47800 1.19322E+011 
47850 1.18275E+011 
47900 1.17237E+011 
47950 1.16208E+011 
48000 1.15188E+011 
48050 1.14177E+011 
48100 1.13175E+011 
48150 1.12181E+011 
48200 1.11196E+011 
48250 1.1022E+011 
48300 1.09252E+011 
48350 1.08293E+011 
48400 1.07341E+011 
48450 1.06399E+011 
48500 1.05464E+011 
48550 1.04537E+011 
48600 1.03619E+011 
48650 1.02709E+011 
48700 1.01806E+011 
48750 1.00911E+011 
48800 1.00024E+011 
48850 9.91451E+010 
48900 9.82735E+010 
48950 9.74096E+010 
49000 9.65531E+010 
49050 9.57041E+010 
49100 9.48626E+010 
49150 9.40283E+010 
49200 9.32013E+010 
49250 9.23815E+010 
49300 9.15688E+010 
49350 9.07633E+010 
49400 8.99647E+010 
49450 8.91731E+010 
49500 8.83884E+010 
49550 8.76106E+010 
49600 8.68395E+010 
49650 8.60751E+010 
49700 8.53175E+010 
49750 8.45664E+010 
49800 8.38218E+010 
49850 8.30838E+010 
49900 8.23522E+010 
49950 8.1627E+010 
50000 8.09081E+010 
50050 8.01955E+010 
50100 7.94891E+010 
50150 7.87889E+010 
50200 7.80947E+010 
50250 7.74067E+010 
50300 7.67246E+010 
50350 7.60485E+010 
50400 7.53783E+010 
50450 7.4714E+010 
50500 7.40554E+010 
50550 7.34026E+010 
50600 7.27555E+010 
50650 7.21141E+010 
50700 7.14783E+010 
50750 7.0848E+010 
50800 7.02232E+010 
50850 6.96039E+010 
50900 6.899E+010 
50950 6.83815E+010 
51000 6.77783E+010 
51050 6.71804E+010 
51100 6.65876E+010 
51150 6.60001E+010 
51200 6.54177E+010 
51250 6.48405E+010 
51300 6.42682E+010 
51350 6.3701E+010 
51400 6.31387E+010 
51450 6.25814E+010 
51500 6.20289E+010 
51550 6.14813E+010 
51600 6.09384E+010 
51650 6.04003E+010 
51700 5.98669E+010 
51750 5.93382E+010 
51800 5.88141E+010 
51850 5.82946E+010 
51900 5.77797E+010 
51950 5.72693E+010 
52000 5.67633E+010 
52050 5.62618E+010 
52100 5.57647E+010 
52150 5.52719E+010 
52200 5.47834E+010 
52250 5.42993E+010 
52300 5.38193E+010 
52350 5.33436E+010 
52400 5.2872E+010 
52450 5.24046E+010 
52500 5.19413E+010 
52550 5.1482E+010 
52600 5.10268E+010 
52650 5.05755E+010 
52700 5.01283E+010 
52750 4.96849E+010 
52800 4.92454E+010 
52850 4.88098E+010 
52900 4.8378E+010 
52950 4.795E+010 
53000 4.75258E+010 
53050 4.71053E+010 
53100 4.66884E+010 
53150 4.62752E+010 
53200 4.58657E+010 
53250 4.54598E+010 
53300 4.50574E+010 
53350 4.46585E+010 
53400 4.42632E+010 
53450 4.38713E+010 
53500 4.34829E+010 
53550 4.30978E+010 
53600 4.27162E+010 
53650 4.23379E+010 
53700 4.1963E+010 
53750 4.15913E+010 
53800 4.12229E+010 
53850 4.08577E+010 
53900 4.04958E+010 
53950 4.0137E+010 
54000 3.97814E+010 
54050 3.94289E+010 
54100 3.90795E+010 
54150 3.87332E+010 
54200 3.83899E+010 
54250 3.80497E+010 
54300 3.77124E+010 
54350 3.73781E+010 
54400 3.70468E+010 
54450 3.67183E+010 
54500 3.63928E+010 
54550 3.60701E+010 
54600 3.57503E+010 
54650 3.54333E+010 
54700 3.5119E+010 
54750 3.48075E+010 
54800 3.44988E+010 
54850 3.41928E+010 
54900 3.38895E+010 
54950 3.35889E+010 
55000 3.32909E+010 
55050 3.29955E+010 
55100 3.27027E+010 
55150 3.24125E+010 
55200 3.21249E+010 
55250 3.18398E+010 
55300 3.15572E+010 
55350 3.12771E+010 
55400 3.09995E+010 
55450 3.07243E+010 
55500 3.04515E+010 
55550 3.01812E+010 
55600 2.99132E+010 
55650 2.96476E+010 
55700 2.93843E+010 
55750 2.91234E+010 
55800 2.88648E+010 
55850 2.86084E+010 
55900 2.83543E+010 
55950 2.81024E+010 
56000 2.78528E+010 
56050 2.76054E+010 
56100 2.73601E+010 
56150 2.7117E+010 
56200 2.68761E+010 
56250 2.66373E+010 
56300 2.64005E+010 
56350 2.61659E+010 
56400 2.59334E+010 
56450 2.57029E+010 
56500 2.54744E+010 
56550 2.5248E+010 
56600 2.50235E+010 
56650 2.48011E+010 
56700 2.45806E+010 
56750 2.4362E+010 
56800 2.41454E+010 
56850 2.39307E+010 
56900 2.37178E+010 
56950 2.35069E+010 
57000 2.32978E+010 
57050 2.30906E+010 
57100 2.28852E+010 
57150 2.26816E+010 
57200 2.24799E+010 
57250 2.22799E+010 
57300 2.20817E+010 
57350 2.18852E+010 
57400 2.16904E+010 
57450 2.14974E+010 
57500 2.13061E+010 
57550 2.11165E+010 
57600 2.09285E+010 
57650 2.07423E+010 
57700 2.05576E+010 
57750 2.03746E+010 
57800 2.01932E+010 
57850 2.00135E+010 
57900 1.98353E+010 
57950 1.96587E+010 
58000 1.94836E+010 
58050 1.93101E+010 
58100 1.91382E+010 
58150 1.89677E+010 
58200 1.87988E+010 
58250 1.86314E+010 
58300 1.84654E+010 
58350 1.83009E+010 
58400 1.81379E+010 
58450 1.79763E+010 
58500 1.78161E+010 
58550 1.76574E+010 
58600 1.75E+010 
58650 1.73441E+010 
58700 1.71896E+010 
58750 1.70364E+010 
58800 1.68845E+010 
58850 1.6734E+010 
58900 1.65849E+010 
58950 1.6437E+010 
59000 1.62905E+010 
59050 1.61453E+010 
59100 1.60013E+010 
59150 1.58587E+010 
59200 1.57173E+010 
59250 1.55771E+010 
59300 1.54382E+010 
59350 1.53006E+010 
59400 1.51641E+010 
59450 1.50289E+010 
59500 1.48948E+010 
59550 1.4762E+010 
59600 1.46303E+010 
59650 1.44998E+010 
59700 1.43704E+010 
59750 1.42422E+010 
59800 1.41151E+010 
59850 1.39892E+010 
59900 1.38644E+010 
59950 1.37407E+010 
60000 1.36181E+010 
60050 1.34965E+010 
60100 1.33761E+010 
60150 1.32567E+010 
60200 1.31384E+010 
60250 1.30211E+010 
60300 1.29048E+010 
60350 1.27896E+010 
60400 1.26755E+010 
60450 1.25623E+010 
60500 1.24501E+010 
60550 1.2339E+010 
60600 1.22288E+010 
60650 1.21196E+010 
60700 1.20114E+010 
60750 1.19041E+010 
60800 1.17978E+010 
60850 1.16924E+010 
60900 1.15879E+010 
60950 1.14844E+010 
61000 1.13819E+010 
61050 1.12802E+010 
61100 1.11794E+010 
61150 1.10795E+010 
61200 1.09805E+010 
61250 1.08824E+010 
61300 1.07852E+010 
61350 1.06888E+010 
61400 1.05933E+010 
61450 1.04986E+010 
61500 1.04048E+010 
61550 1.03118E+010 
61600 1.02196E+010 
61650 1.01282E+010 
61700 1.00377E+010 
61750 9.94798E+009 
61800 9.85904E+009 
61850 9.7709E+009 
61900 9.68354E+009 
61950 9.59695E+009 
62000 9.51114E+009 
62050 9.42609E+009 
62100 9.34179E+009 
62150 9.25825E+009 
62200 9.17545E+009 
62250 9.09338E+009 
62300 9.01205E+009 
62350 8.93144E+009 
62400 8.85154E+009 
62450 8.77236E+009 
62500 8.69388E+009 
62550 8.6161E+009 
62600 8.53902E+009 
62650 8.46262E+009 
62700 8.38689E+009 
62750 8.31185E+009 
62800 8.23747E+009 
62850 8.16375E+009 
62900 8.09069E+009 
62950 8.01828E+009 
63000 7.94651E+009 
63050 7.87539E+009 
63100 7.8049E+009 
63150 7.73503E+009 
63200 7.66579E+009 
63250 7.59716E+009 
63300 7.52914E+009 
63350 7.46174E+009 
63400 7.39493E+009 
63450 7.32871E+009 
63500 7.26309E+009 
63550 7.19805E+009 
63600 7.13359E+009 
63650 7.06971E+009 
63700 7.00639E+009 
63750 6.94364E+009 
63800 6.88145E+009 
63850 6.81981E+009 
63900 6.75872E+009 
63950 6.69818E+009 
64000 6.63817E+009 
64050 6.5787E+009 
64100 6.51976E+009 
64150 6.46135E+009 
64200 6.40345E+009 
64250 6.34608E+009 
64300 6.28921E+009 
64350 6.23285E+009 
64400 6.177E+009 
64450 6.12164E+009 
64500 6.06678E+009 
64550 6.0124E+009 
64600 5.95851E+009 
64650 5.9051E+009 
64700 5.85217E+009 
64750 5.79971E+009 
64800 5.74772E+009 
64850 5.69619E+009 
64900 5.64512E+009 
64950 5.59451E+009 
65000 5.54435E+009 
65050 5.49464E+009 
65100 5.44537E+009 
65150 5.39654E+009 
65200 5.34814E+009 
65250 5.30018E+009 
65300 5.25264E+009 
65350 5.20554E+009 
65400 5.15885E+009 
65450 5.11257E+009 
65500 5.06671E+009 
65550 5.02126E+009 
65600 4.97622E+009 
65650 4.93158E+009 
65700 4.88733E+009 
65750 4.84349E+009 
65800 4.80003E+009 
65850 4.75696E+009 
65900 4.71428E+009 
65950 4.67198E+009 
66000 4.63005E+009 
66050 4.5885E+009 
66100 4.54732E+009 
66150 4.50651E+009 
66200 4.46606E+009 
66250 4.42598E+009 
66300 4.38625E+009 
66350 4.34688E+009 
66400 4.30786E+009 
66450 4.26919E+009 
66500 4.23086E+009 
66550 4.19288E+009 
66600 4.15524E+009 
66650 4.11793E+009 
66700 4.08096E+009 
66750 4.04431E+009 
66800 4.008E+009 
66850 3.97201E+009 
66900 3.93634E+009 
66950 3.90099E+009 
67000 3.86595E+009 
67050 3.83123E+009 
67100 3.79682E+009 
67150 3.76272E+009 
67200 3.72892E+009 
67250 3.69543E+009 
67300 3.66223E+009 
67350 3.62933E+009 
67400 3.59673E+009 
67450 3.56441E+009 
67500 3.53239E+009 
67550 3.50065E+009 
67600 3.4692E+009 
67650 3.43803E+009 
67700 3.40713E+009 
67750 3.37652E+009 
67800 3.34617E+009 
67850 3.3161E+009 
67900 3.2863E+009 
67950 3.25676E+009 
68000 3.22749E+009 
68050 3.19848E+009 
68100 3.16973E+009 
68150 3.14124E+009 
68200 3.11301E+009 
68250 3.08502E+009 
68300 3.05729E+009 
68350 3.0298E+009 
68400 3.00256E+009 
68450 2.97557E+009 
68500 2.94881E+009 
68550 2.9223E+009 
68600 2.89602E+009 
68650 2.86998E+009 
68700 2.84417E+009 
68750 2.8186E+009 
68800 2.79325E+009 
68850 2.76813E+009 
68900 2.74323E+009 
68950 2.71856E+009 
69000 2.69411E+009 
69050 2.66987E+009 
69100 2.64586E+009 
69150 2.62205E+009 
69200 2.59847E+009 
69250 2.57509E+009 
69300 2.55192E+009 
69350 2.52897E+009 
69400 2.50621E+009 
69450 2.48366E+009 
69500 2.46132E+009 
69550 2.43917E+009 
69600 2.41722E+009 
69650 2.39547E+009 
69700 2.37391E+009 
69750 2.35255E+009 
69800 2.33138E+009 
69850 2.31039E+009 
69900 2.2896E+009 
69950 2.26899E+009 
70000 2.24857E+009 
70050 2.22833E+009 
70100 2.20827E+009 
70150 2.18839E+009 
70200 2.16869E+009 
70250 2.14917E+009 
70300 2.12982E+009 
70350 2.11064E+009 
70400 2.09164E+009 
70450 2.07281E+009 
70500 2.05415E+009 
70550 2.03565E+009 
70600 2.01732E+009 
70650 1.99915E+009 
70700 1.98115E+009 
70750 1.96331E+009 
70800 1.94563E+009 
70850 1.9281E+009 
70900 1.91074E+009 
70950 1.89353E+009 
71000 1.87647E+009 
71050 1.85957E+009 
71100 1.84282E+009 
71150 1.82622E+009 
71200 1.80977E+009 
71250 1.79346E+009 
71300 1.77731E+009 
71350 1.7613E+009 
71400 1.74543E+009 
71450 1.7297E+009 
71500 1.71412E+009 
71550 1.69867E+009 
71600 1.68336E+009 
71650 1.6682E+009 
71700 1.65316E+009 
71750 1.63827E+009 
71800 1.6235E+009 
71850 1.60887E+009 
71900 1.59437E+009 
71950 1.58E+009 
72000 1.56576E+009 
72050 1.55165E+009 
72100 1.53766E+009 
72150 1.5238E+009 
72200 1.51007E+009 
72250 1.49645E+009 
72300 1.48296E+009 
72350 1.46959E+009 
72400 1.45634E+009 
72450 1.44321E+009 
72500 1.4302E+009 
72550 1.41731E+009 
72600 1.40453E+009 
72650 1.39186E+009 
72700 1.37931E+009 
72750 1.36687E+009 
72800 1.35455E+009 
72850 1.34233E+009 
72900 1.33023E+009 
72950 1.31823E+009 
73000 1.30634E+009 
73050 1.29456E+009 
73100 1.28288E+009 
73150 1.27131E+009 
73200 1.25984E+009 
73250 1.24848E+009 
73300 1.23722E+009 
73350 1.22606E+009 
73400 1.215E+009 
73450 1.20404E+009 
73500 1.19317E+009 
73550 1.18241E+009 
73600 1.17174E+009 
73650 1.16117E+009 
73700 1.15069E+009 
73750 1.14031E+009 
73800 1.13002E+009 
73850 1.11982E+009 
73900 1.10972E+009 
73950 1.0997E+009 
74000 1.08978E+009 
74050 1.07994E+009 
74100 1.0702E+009 
74150 1.06054E+009 
74200 1.05097E+009 
74250 1.04148E+009 
74300 1.03208E+009 
74350 1.02276E+009 
74400 1.01353E+009 
74450 1.00438E+009 
74500 9.95316E+008 
74550 9.86331E+008 
74600 9.77427E+008 
74650 9.68602E+008 
74700 9.59858E+008 
74750 9.51192E+008 
74800 9.42604E+008 
74850 9.34093E+008 
74900 9.25658E+008 
74950 9.173E+008 
75000 9.09017E+008 
75050 9.00809E+008 
75100 8.92674E+008 
75150 8.84612E+008 
75200 8.76624E+008 
75250 8.68707E+008 
75300 8.60861E+008 
75350 8.53086E+008 
75400 8.45381E+008 
75450 8.37745E+008 
75500 8.30178E+008 
75550 8.2268E+008 
75600 8.15249E+008 
75650 8.07884E+008 
75700 8.00586E+008 
75750 7.93354E+008 
75800 7.86187E+008 
75850 7.79084E+008 
75900 7.72045E+008 
75950 7.6507E+008 
76000 7.58158E+008 
76050 7.51308E+008 
76100 7.44519E+008 
76150 7.37792E+008 
76200 7.31125E+008 
76250 7.24518E+008 
76300 7.17971E+008 
76350 7.11483E+008 
76400 7.05053E+008 
76450 6.98681E+008 
76500 6.92367E+008 
76550 6.8611E+008 
76600 6.79908E+008 
76650 6.73763E+008 
76700 6.67673E+008 
76750 6.61638E+008 
76800 6.55658E+008 
76850 6.49731E+008 
76900 6.43858E+008 
76950 6.38038E+008 
77000 6.3227E+008 
77050 6.26554E+008 
77100 6.20889E+008 
77150 6.15276E+008 
77200 6.09713E+008 
77250 6.04201E+008 
77300 5.98738E+008 
77350 5.93324E+008 
77400 5.87959E+008 
77450 5.82643E+008 
77500 5.77374E+008 
77550 5.72153E+008 
77600 5.66979E+008 
77650 5.61852E+008 
77700 5.56771E+008 
77750 5.51736E+008 
77800 5.46746E+008 
77850 5.41801E+008 
77900 5.36901E+008 
77950 5.32045E+008 
78000 5.27232E+008 
78050 5.22463E+008 
78100 5.17738E+008 
78150 5.13054E+008 
78200 5.08413E+008 
78250 5.03814E+008 
78300 4.99256E+008 
78350 4.9474E+008 
78400 4.90264E+008 
78450 4.85829E+008 
78500 4.81433E+008 
78550 4.77077E+008 
78600 4.72761E+008 
78650 4.68483E+008 
78700 4.64245E+008 
78750 4.60044E+008 
78800 4.55881E+008 
78850 4.51756E+008 
78900 4.47668E+008 
78950 4.43617E+008 
79000 4.39602E+008 
79050 4.35624E+008 
79100 4.31682E+008 
79150 4.27775E+008 
79200 4.23903E+008 
79250 4.20066E+008 
79300 4.16264E+008 
79350 4.12497E+008 
79400 4.08763E+008 
79450 4.05063E+008 
79500 4.01397E+008 
79550 3.97763E+008 
79600 3.94162E+008 
79650 3.90594E+008 
79700 3.87058E+008 
79750 3.83554E+008 
79800 3.80082E+008 
79850 3.76641E+008 
79900 3.73231E+008 
79950 3.69852E+008 
80000 3.66503E+008 
80050 3.63185E+008 
80100 3.59896E+008 
80150 3.56637E+008 
80200 3.53408E+008 
80250 3.50208E+008 
80300 3.47036E+008 
80350 3.43894E+008 
80400 3.40779E+008 
80450 3.37693E+008 
80500 3.34635E+008 
80550 3.31605E+008 
80600 3.28601E+008 
80650 3.25625E+008 
80700 3.22676E+008 
80750 3.19753E+008 
80800 3.16857E+008 
80850 3.13987E+008 
80900 3.11143E+008 
80950 3.08325E+008 
81000 3.05531E+008 
81050 3.02764E+008 
81100 3.00021E+008 
81150 2.97303E+008 
81200 2.9461E+008 
81250 2.91941E+008 
81300 2.89296E+008 
81350 2.86675E+008 
81400 2.84078E+008 
81450 2.81504E+008 
81500 2.78953E+008 
81550 2.76426E+008 
81600 2.73921E+008 
81650 2.71439E+008 
81700 2.68979E+008 
81750 2.66542E+008 
81800 2.64126E+008 
81850 2.61733E+008 
81900 2.59361E+008 
81950 2.5701E+008 
82000 2.54681E+008 
82050 2.52373E+008 
82100 2.50086E+008 
82150 2.47819E+008 
82200 2.45573E+008 
82250 2.43347E+008 
82300 2.41142E+008 
82350 2.38956E+008 
82400 2.3679E+008 
82450 2.34643E+008 
82500 2.32516E+008 
82550 2.30409E+008 
82600 2.2832E+008 
82650 2.2625E+008 
82700 2.24199E+008 
82750 2.22166E+008 
82800 2.20152E+008 
82850 2.18156E+008 
82900 2.16178E+008 
82950 2.14218E+008 
83000 2.12276E+008 
83050 2.10352E+008 
83100 2.08444E+008 
83150 2.06554E+008 
83200 2.04681E+008 
83250 2.02825E+008 
83300 2.00986E+008 
83350 1.99163E+008 
83400 1.97357E+008 
83450 1.95568E+008 
83500 1.93794E+008 
83550 1.92036E+008 
83600 1.90295E+008 
83650 1.88569E+008 
83700 1.86859E+008 
83750 1.85164E+008 
83800 1.83484E+008 
83850 1.8182E+008 
83900 1.80171E+008 
83950 1.78537E+008 
84000 1.76917E+008 
84050 1.75312E+008 
84100 1.73722E+008 
84150 1.72146E+008 
84200 1.70585E+008 
84250 1.69037E+008 
84300 1.67504E+008 
84350 1.65984E+008 
84400 1.64478E+008 
84450 1.62986E+008 
84500 1.61507E+008 
84550 1.60042E+008 
84600 1.5859E+008 
84650 1.57151E+008 
84700 1.55725E+008 
84750 1.54312E+008 
84800 1.52912E+008 
84850 1.51524E+008 
84900 1.50149E+008 
84950 1.48787E+008 
85000 1.47437E+008 
85050 1.46099E+008 
85100 1.44773E+008 
85150 1.43459E+008 
85200 1.42157E+008 
85250 1.40867E+008 
85300 1.39588E+008 
85350 1.38322E+008 
85400 1.37066E+008 
85450 1.35822E+008 
85500 1.34589E+008 
85550 1.33368E+008 
85600 1.32157E+008 
85650 1.30957E+008 
85700 1.29769E+008 
85750 1.28591E+008 
85800 1.27423E+008 
85850 1.26267E+008 
85900 1.2512E+008 
85950 1.23985E+008 
86000 1.22859E+008 
86050 1.21744E+008 
86100 1.20638E+008 
86150 1.19543E+008 
86200 1.18458E+008 
86250 1.17382E+008 
86300 1.16316E+008 
86350 1.1526E+008 
86400 1.14214E+008 
86450 1.13177E+008 
86500 1.12149E+008 
86550 1.11131E+008 
86600 1.10122E+008 
86650 1.09122E+008 
86700 1.08131E+008 
86750 1.07149E+008 
86800 1.06176E+008 
86850 1.05211E+008 
86900 1.04256E+008 
86950 1.03309E+008 
87000 1.02371E+008 
87050 1.01441E+008 
87100 1.0052E+008 
87150 9.96069E+007 
87200 9.87022E+007 
87250 9.78057E+007 
87300 9.69174E+007 
87350 9.6037E+007 
87400 9.51647E+007 
87450 9.43003E+007 
87500 9.34437E+007 
87550 9.25948E+007 
87600 9.17537E+007 
87650 9.09202E+007 
87700 9.00942E+007 
87750 8.92758E+007 
87800 8.84647E+007 
87850 8.7661E+007 
87900 8.68646E+007 
87950 8.60754E+007 
88000 8.52934E+007 
88050 8.45184E+007 
88100 8.37505E+007 
88150 8.29896E+007 
88200 8.22355E+007 
88250 8.14883E+007 
88300 8.07479E+007 
88350 8.00141E+007 
88400 7.92871E+007 
88450 7.85666E+007 
88500 7.78526E+007 
88550 7.71452E+007 
88600 7.64441E+007 
88650 7.57494E+007 
88700 7.5061E+007 
88750 7.43789E+007 
88800 7.37029E+007 
88850 7.30331E+007 
88900 7.23693E+007 
88950 7.17116E+007 
89000 7.10598E+007 
89050 7.04139E+007 
89100 6.97739E+007 
89150 6.91397E+007 
89200 6.85113E+007 
89250 6.78885E+007 
89300 6.72714E+007 
89350 6.66599E+007 
89400 6.6054E+007 
89450 6.54535E+007 
89500 6.48585E+007 
89550 6.42689E+007 
89600 6.36847E+007 
89650 6.31057E+007 
89700 6.2532E+007 
89750 6.19635E+007 
89800 6.14002E+007 
89850 6.08419E+007 
89900 6.02888E+007 
89950 5.97406E+007 
90000 5.91975E+007 
90050 5.86592E+007 
90100 5.81259E+007 
90150 5.75974E+007 
90200 5.70736E+007 
90250 5.65547E+007 
90300 5.60404E+007 
90350 5.55308E+007 
90400 5.50259E+007 
90450 5.45255E+007 
90500 5.40297E+007 
90550 5.35383E+007 
90600 5.30514E+007 
90650 5.2569E+007 
90700 5.20909E+007 
90750 5.16172E+007 
90800 5.11477E+007 
90850 5.06825E+007 
90900 5.02216E+007 
90950 4.97648E+007 
91000 4.93122E+007 
91050 4.88637E+007 
91100 4.84192E+007 
91150 4.79788E+007 
91200 4.75424E+007 
91250 4.71099E+007 
91300 4.66814E+007 
91350 4.62568E+007 
91400 4.5836E+007 
91450 4.54191E+007 
91500 4.50059E+007 
91550 4.45965E+007 
91600 4.41908E+007 
91650 4.37887E+007 
91700 4.33904E+007 
91750 4.29956E+007 
91800 4.26045E+007 
91850 4.22169E+007 
91900 4.18328E+007 
91950 4.14522E+007 
92000 4.1075E+007 
92050 4.07013E+007 
92100 4.0331E+007 
92150 3.9964E+007 
92200 3.96004E+007 
92250 3.924E+007 
92300 3.8883E+007 
92350 3.85292E+007 
92400 3.81786E+007 
92450 3.78311E+007 
92500 3.74869E+007 
92550 3.71458E+007 
92600 3.68077E+007 
92650 3.64728E+007 
92700 3.61408E+007 
92750 3.58119E+007 
92800 3.5486E+007 
92850 3.51631E+007 
92900 3.4843E+007 
92950 3.45259E+007 
93000 3.42117E+007 
93050 3.39003E+007 
93100 3.35918E+007 
93150 3.3286E+007 
93200 3.29831E+007 
93250 3.26828E+007 
93300 3.23854E+007 
93350 3.20906E+007 
93400 3.17985E+007 
93450 3.1509E+007 
93500 3.12222E+007 
93550 3.0938E+007 
93600 3.06563E+007 
93650 3.03773E+007 
93700 3.01007E+007 
93750 2.98267E+007 
93800 2.95552E+007 
93850 2.92861E+007 
93900 2.90195E+007 
93950 2.87553E+007 
94000 2.84935E+007 
94050 2.82341E+007 
94100 2.7977E+007 
94150 2.77223E+007 
94200 2.74699E+007 
94250 2.72198E+007 
94300 2.69719E+007 
94350 2.67263E+007 
94400 2.6483E+007 
94450 2.62419E+007 
94500 2.60029E+007 
94550 2.57661E+007 
94600 2.55315E+007 
94650 2.5299E+007 
94700 2.50686E+007 
94750 2.48403E+007 
94800 2.46141E+007 
94850 2.439E+007 
94900 2.41679E+007 
94950 2.39478E+007 
95000 2.37297E+007 
95050 2.35136E+007 
95100 2.32994E+007 
95150 2.30872E+007 
95200 2.28769E+007 
95250 2.26686E+007 
95300 2.24621E+007 
95350 2.22575E+007 
95400 2.20548E+007 
95450 2.18539E+007 
95500 2.16549E+007 
95550 2.14576E+007 
95600 2.12622E+007 
95650 2.10685E+007 
95700 2.08766E+007 
95750 2.06864E+007 
95800 2.0498E+007 
95850 2.03112E+007 
95900 2.01262E+007 
95950 1.99429E+007 
96000 1.97612E+007 
96050 1.95812E+007 
96100 1.94028E+007 
96150 1.9226E+007 
96200 1.90509E+007 
96250 1.88773E+007 
96300 1.87053E+007 
96350 1.85349E+007 
96400 1.8366E+007 
96450 1.81987E+007 
96500 1.80329E+007 
96550 1.78686E+007 
96600 1.77058E+007 
96650 1.75444E+007 
96700 1.73846E+007 
96750 1.72262E+007 
96800 1.70692E+007 
96850 1.69137E+007 
96900 1.67596E+007 
96950 1.66068E+007 
97000 1.64555E+007 
97050 1.63055E+007 
97100 1.6157E+007 
97150 1.60097E+007 
97200 1.58638E+007 
97250 1.57193E+007 
97300 1.5576E+007 
97350 1.54341E+007 
97400 1.52934E+007 
97450 1.5154E+007 
97500 1.50159E+007 
97550 1.4879E+007 
97600 1.47434E+007 
97650 1.46091E+007 
97700 1.44759E+007 
97750 1.4344E+007 
97800 1.42132E+007 
97850 1.40837E+007 
97900 1.39553E+007 
97950 1.38281E+007 
98000 1.37021E+007 
98050 1.35772E+007 
98100 1.34534E+007 
98150 1.33308E+007 
98200 1.32093E+007 
98250 1.30888E+007 
98300 1.29695E+007 
98350 1.28513E+007 
98400 1.27341E+007 
98450 1.26181E+007 
98500 1.2503E+007 
98550 1.2389E+007 
98600 1.22761E+007 
98650 1.21642E+007 
98700 1.20533E+007 
98750 1.19434E+007 
98800 1.18345E+007 
98850 1.17266E+007 
98900 1.16197E+007 
98950 1.15137E+007 
99000 1.14088E+007 
99050 1.13047E+007 
99100 1.12017E+007 
99150 1.10995E+007 
99200 1.09983E+007 
99250 1.0898E+007 
99300 1.07987E+007 
99350 1.07002E+007 
99400 1.06026E+007 
99450 1.05059E+007 
99500 1.04101E+007 
99550 1.03152E+007 
99600 1.02211E+007 
99650 1.01279E+007 
99700 1.00356E+007 
99750 9.94406E+006 
99800 9.85337E+006 
99850 9.76351E+006 
99900 9.67447E+006 
99950 9.58624E+006 
100000 9.49881E+006 
