#F U:\Beamline I20\I20-2_EDE\Wigglers\xop\83mm-small-wiggler\EDE wiggler\1p0T-300mA-0p12x0p8mrad.dat
#C I20EDE 1.0T 300mA 0.12x0.8mrad
#S 1 File written by xplot on Tue Dec 07 18:25:48 2010
#N 2
#L    Energy [eV]  Flux [ph/s/0.1%bw]
50 6.24526E+012 
100 9.9017E+012 
150 1.29497E+013 
200 1.56493E+013 
250 1.81085E+013 
300 2.03856E+013 
350 2.25165E+013 
400 2.45252E+013 
450 2.64292E+013 
500 2.82413E+013 
550 2.99715E+013 
600 3.16279E+013 
650 3.32169E+013 
700 3.47439E+013 
750 3.62133E+013 
800 3.76292E+013 
850 3.89949E+013 
900 4.03132E+013 
950 4.15868E+013 
1000 4.2818E+013 
1050 4.40088E+013 
1100 4.5161E+013 
1150 4.62764E+013 
1200 4.73566E+013 
1250 4.84028E+013 
1300 4.94164E+013 
1350 5.03985E+013 
1400 5.13504E+013 
1450 5.2273E+013 
1500 5.31674E+013 
1550 5.40343E+013 
1600 5.48747E+013 
1650 5.56894E+013 
1700 5.64791E+013 
1750 5.72445E+013 
1800 5.79864E+013 
1850 5.87053E+013 
1900 5.9402E+013 
1950 6.00769E+013 
2000 6.07306E+013 
2050 6.13638E+013 
2100 6.19769E+013 
2150 6.25704E+013 
2200 6.31447E+013 
2250 6.37004E+013 
2300 6.42379E+013 
2350 6.47575E+013 
2400 6.52598E+013 
2450 6.57451E+013 
2500 6.62139E+013 
2550 6.66663E+013 
2600 6.7103E+013 
2650 6.75241E+013 
2700 6.793E+013 
2750 6.83211E+013 
2800 6.86976E+013 
2850 6.906E+013 
2900 6.94084E+013 
2950 6.97432E+013 
3000 7.00647E+013 
3050 7.03731E+013 
3100 7.06688E+013 
3150 7.09519E+013 
3200 7.12227E+013 
3250 7.14816E+013 
3300 7.17287E+013 
3350 7.19642E+013 
3400 7.21885E+013 
3450 7.24017E+013 
3500 7.26041E+013 
3550 7.27959E+013 
3600 7.29772E+013 
3650 7.31484E+013 
3700 7.33096E+013 
3750 7.3461E+013 
3800 7.36028E+013 
3850 7.37352E+013 
3900 7.38584E+013 
3950 7.39726E+013 
4000 7.4078E+013 
4050 7.41746E+013 
4100 7.42628E+013 
4150 7.43426E+013 
4200 7.44143E+013 
4250 7.4478E+013 
4300 7.45339E+013 
4350 7.45821E+013 
4400 7.46227E+013 
4450 7.4656E+013 
4500 7.46821E+013 
4550 7.47011E+013 
4600 7.47132E+013 
4650 7.47184E+013 
4700 7.4717E+013 
4750 7.47091E+013 
4800 7.46948E+013 
4850 7.46743E+013 
4900 7.46476E+013 
4950 7.46149E+013 
5000 7.45764E+013 
5050 7.4532E+013 
5100 7.44821E+013 
5150 7.44266E+013 
5200 7.43657E+013 
5250 7.42995E+013 
5300 7.42282E+013 
5350 7.41517E+013 
5400 7.40703E+013 
5450 7.39841E+013 
5500 7.38931E+013 
5550 7.37974E+013 
5600 7.36972E+013 
5650 7.35925E+013 
5700 7.34834E+013 
5750 7.33701E+013 
5800 7.32526E+013 
5850 7.31311E+013 
5900 7.30055E+013 
5950 7.28761E+013 
6000 7.27428E+013 
6050 7.26059E+013 
6100 7.24652E+013 
6150 7.2321E+013 
6200 7.21734E+013 
6250 7.20223E+013 
6300 7.18679E+013 
6350 7.17103E+013 
6400 7.15495E+013 
6450 7.13857E+013 
6500 7.12188E+013 
6550 7.1049E+013 
6600 7.08763E+013 
6650 7.07008E+013 
6700 7.05225E+013 
6750 7.03416E+013 
6800 7.01581E+013 
6850 6.99721E+013 
6900 6.97836E+013 
6950 6.95927E+013 
7000 6.93995E+013 
7050 6.9204E+013 
7100 6.90062E+013 
7150 6.88063E+013 
7200 6.86043E+013 
7250 6.84003E+013 
7300 6.81942E+013 
7350 6.79863E+013 
7400 6.77764E+013 
7450 6.75648E+013 
7500 6.73513E+013 
7550 6.71362E+013 
7600 6.69193E+013 
7650 6.67009E+013 
7700 6.64809E+013 
7750 6.62593E+013 
7800 6.60363E+013 
7850 6.58119E+013 
7900 6.55861E+013 
7950 6.53589E+013 
8000 6.51305E+013 
8050 6.49008E+013 
8100 6.46699E+013 
8150 6.44378E+013 
8200 6.42047E+013 
8250 6.39704E+013 
8300 6.37351E+013 
8350 6.34988E+013 
8400 6.32616E+013 
8450 6.30234E+013 
8500 6.27844E+013 
8550 6.25445E+013 
8600 6.23038E+013 
8650 6.20623E+013 
8700 6.182E+013 
8750 6.15771E+013 
8800 6.13335E+013 
8850 6.10893E+013 
8900 6.08444E+013 
8950 6.0599E+013 
9000 6.0353E+013 
9050 6.01065E+013 
9100 5.98596E+013 
9150 5.96122E+013 
9200 5.93643E+013 
9250 5.91161E+013 
9300 5.88675E+013 
9350 5.86186E+013 
9400 5.83693E+013 
9450 5.81198E+013 
9500 5.787E+013 
9550 5.762E+013 
9600 5.73698E+013 
9650 5.71194E+013 
9700 5.68688E+013 
9750 5.66181E+013 
9800 5.63673E+013 
9850 5.61164E+013 
9900 5.58655E+013 
9950 5.56145E+013 
10000 5.53635E+013 
10050 5.51125E+013 
10100 5.48615E+013 
10150 5.46106E+013 
10200 5.43597E+013 
10250 5.41089E+013 
10300 5.38582E+013 
10350 5.36076E+013 
10400 5.33572E+013 
10450 5.3107E+013 
10500 5.28569E+013 
10550 5.2607E+013 
10600 5.23573E+013 
10650 5.21079E+013 
10700 5.18587E+013 
10750 5.16097E+013 
10800 5.13611E+013 
10850 5.11127E+013 
10900 5.08646E+013 
10950 5.06169E+013 
11000 5.03695E+013 
11050 5.01224E+013 
11100 4.98758E+013 
11150 4.96295E+013 
11200 4.93836E+013 
11250 4.91381E+013 
11300 4.8893E+013 
11350 4.86484E+013 
11400 4.84042E+013 
11450 4.81605E+013 
11500 4.79172E+013 
11550 4.76745E+013 
11600 4.74322E+013 
11650 4.71904E+013 
11700 4.69491E+013 
11750 4.67084E+013 
11800 4.64682E+013 
11850 4.62285E+013 
11900 4.59894E+013 
11950 4.57509E+013 
12000 4.5513E+013 
12050 4.52756E+013 
12100 4.50388E+013 
12150 4.48026E+013 
12200 4.45671E+013 
12250 4.43321E+013 
12300 4.40978E+013 
12350 4.38641E+013 
12400 4.36311E+013 
12450 4.33987E+013 
12500 4.3167E+013 
12550 4.29359E+013 
12600 4.27055E+013 
12650 4.24758E+013 
12700 4.22468E+013 
12750 4.20184E+013 
12800 4.17908E+013 
12850 4.15638E+013 
12900 4.13376E+013 
12950 4.11121E+013 
13000 4.08873E+013 
13050 4.06633E+013 
13100 4.04399E+013 
13150 4.02174E+013 
13200 3.99955E+013 
13250 3.97744E+013 
13300 3.95541E+013 
13350 3.93345E+013 
13400 3.91156E+013 
13450 3.88976E+013 
13500 3.86803E+013 
13550 3.84637E+013 
13600 3.8248E+013 
13650 3.8033E+013 
13700 3.78188E+013 
13750 3.76054E+013 
13800 3.73928E+013 
13850 3.7181E+013 
13900 3.697E+013 
13950 3.67598E+013 
14000 3.65503E+013 
14050 3.63417E+013 
14100 3.61339E+013 
14150 3.59269E+013 
14200 3.57207E+013 
14250 3.55154E+013 
14300 3.53108E+013 
14350 3.51071E+013 
14400 3.49042E+013 
14450 3.47021E+013 
14500 3.45008E+013 
14550 3.43003E+013 
14600 3.41007E+013 
14650 3.39019E+013 
14700 3.3704E+013 
14750 3.35068E+013 
14800 3.33105E+013 
14850 3.3115E+013 
14900 3.29204E+013 
14950 3.27266E+013 
15000 3.25336E+013 
15050 3.23415E+013 
15100 3.21502E+013 
15150 3.19598E+013 
15200 3.17701E+013 
15250 3.15814E+013 
15300 3.13934E+013 
15350 3.12063E+013 
15400 3.102E+013 
15450 3.08346E+013 
15500 3.065E+013 
15550 3.04663E+013 
15600 3.02833E+013 
15650 3.01013E+013 
15700 2.992E+013 
15750 2.97396E+013 
15800 2.956E+013 
15850 2.93813E+013 
15900 2.92034E+013 
15950 2.90264E+013 
16000 2.88501E+013 
16050 2.86747E+013 
16100 2.85002E+013 
16150 2.83265E+013 
16200 2.81536E+013 
16250 2.79815E+013 
16300 2.78103E+013 
16350 2.76399E+013 
16400 2.74703E+013 
16450 2.73015E+013 
16500 2.71336E+013 
16550 2.69665E+013 
16600 2.68002E+013 
16650 2.66348E+013 
16700 2.64701E+013 
16750 2.63063E+013 
16800 2.61433E+013 
16850 2.59811E+013 
16900 2.58197E+013 
16950 2.56592E+013 
17000 2.54994E+013 
17050 2.53405E+013 
17100 2.51824E+013 
17150 2.5025E+013 
17200 2.48685E+013 
17250 2.47128E+013 
17300 2.45579E+013 
17350 2.44038E+013 
17400 2.42504E+013 
17450 2.40979E+013 
17500 2.39462E+013 
17550 2.37952E+013 
17600 2.36451E+013 
17650 2.34957E+013 
17700 2.33471E+013 
17750 2.31993E+013 
17800 2.30523E+013 
17850 2.29061E+013 
17900 2.27606E+013 
17950 2.26159E+013 
18000 2.2472E+013 
18050 2.23289E+013 
18100 2.21865E+013 
18150 2.20449E+013 
18200 2.1904E+013 
18250 2.17639E+013 
18300 2.16246E+013 
18350 2.1486E+013 
18400 2.13482E+013 
18450 2.12112E+013 
18500 2.10749E+013 
18550 2.09393E+013 
18600 2.08045E+013 
18650 2.06704E+013 
18700 2.0537E+013 
18750 2.04044E+013 
18800 2.02725E+013 
18850 2.01414E+013 
18900 2.0011E+013 
18950 1.98813E+013 
19000 1.97523E+013 
19050 1.96241E+013 
19100 1.94966E+013 
19150 1.93698E+013 
19200 1.92437E+013 
19250 1.91183E+013 
19300 1.89936E+013 
19350 1.88696E+013 
19400 1.87464E+013 
19450 1.86238E+013 
19500 1.85019E+013 
19550 1.83808E+013 
19600 1.82603E+013 
19650 1.81405E+013 
19700 1.80214E+013 
19750 1.7903E+013 
19800 1.77852E+013 
19850 1.76682E+013 
19900 1.75518E+013 
19950 1.74361E+013 
20000 1.73211E+013 
20050 1.72067E+013 
20100 1.7093E+013 
20150 1.69799E+013 
20200 1.68676E+013 
20250 1.67559E+013 
20300 1.66448E+013 
20350 1.65344E+013 
20400 1.64246E+013 
20450 1.63155E+013 
20500 1.6207E+013 
20550 1.60991E+013 
20600 1.59919E+013 
20650 1.58854E+013 
20700 1.57794E+013 
20750 1.56741E+013 
20800 1.55694E+013 
20850 1.54654E+013 
20900 1.53619E+013 
20950 1.52591E+013 
21000 1.51569E+013 
21050 1.50553E+013 
21100 1.49543E+013 
21150 1.4854E+013 
21200 1.47542E+013 
21250 1.4655E+013 
21300 1.45564E+013 
21350 1.44584E+013 
21400 1.43611E+013 
21450 1.42643E+013 
21500 1.41681E+013 
21550 1.40724E+013 
21600 1.39774E+013 
21650 1.38829E+013 
21700 1.3789E+013 
21750 1.36957E+013 
21800 1.3603E+013 
21850 1.35108E+013 
21900 1.34192E+013 
21950 1.33281E+013 
22000 1.32377E+013 
22050 1.31477E+013 
22100 1.30583E+013 
22150 1.29695E+013 
22200 1.28812E+013 
22250 1.27935E+013 
22300 1.27063E+013 
22350 1.26197E+013 
22400 1.25336E+013 
22450 1.2448E+013 
22500 1.2363E+013 
22550 1.22784E+013 
22600 1.21945E+013 
22650 1.2111E+013 
22700 1.2028E+013 
22750 1.19456E+013 
22800 1.18637E+013 
22850 1.17823E+013 
22900 1.17014E+013 
22950 1.16211E+013 
23000 1.15412E+013 
23050 1.14619E+013 
23100 1.1383E+013 
23150 1.13046E+013 
23200 1.12267E+013 
23250 1.11494E+013 
23300 1.10725E+013 
23350 1.09961E+013 
23400 1.09202E+013 
23450 1.08447E+013 
23500 1.07698E+013 
23550 1.06953E+013 
23600 1.06213E+013 
23650 1.05478E+013 
23700 1.04747E+013 
23750 1.04021E+013 
23800 1.033E+013 
23850 1.02583E+013 
23900 1.01871E+013 
23950 1.01164E+013 
24000 1.00461E+013 
24050 9.97623E+012 
24100 9.90683E+012 
24150 9.83788E+012 
24200 9.76938E+012 
24250 9.70132E+012 
24300 9.63369E+012 
24350 9.56651E+012 
24400 9.49976E+012 
24450 9.43344E+012 
24500 9.36755E+012 
24550 9.30209E+012 
24600 9.23705E+012 
24650 9.17244E+012 
24700 9.10825E+012 
24750 9.04447E+012 
24800 8.98111E+012 
24850 8.91817E+012 
24900 8.85563E+012 
24950 8.79351E+012 
25000 8.73179E+012 
25050 8.67047E+012 
25100 8.60955E+012 
25150 8.54904E+012 
25200 8.48892E+012 
25250 8.4292E+012 
25300 8.36987E+012 
25350 8.31092E+012 
25400 8.25237E+012 
25450 8.1942E+012 
25500 8.13642E+012 
25550 8.07902E+012 
25600 8.02199E+012 
25650 7.96535E+012 
25700 7.90908E+012 
25750 7.85318E+012 
25800 7.79765E+012 
25850 7.74249E+012 
25900 7.68769E+012 
25950 7.63326E+012 
26000 7.57919E+012 
26050 7.52548E+012 
26100 7.47213E+012 
26150 7.41913E+012 
26200 7.36649E+012 
26250 7.31419E+012 
26300 7.26225E+012 
26350 7.21065E+012 
26400 7.1594E+012 
26450 7.10849E+012 
26500 7.05792E+012 
26550 7.00769E+012 
26600 6.9578E+012 
26650 6.90824E+012 
26700 6.85902E+012 
26750 6.81012E+012 
26800 6.76155E+012 
26850 6.71331E+012 
26900 6.6654E+012 
26950 6.61781E+012 
27000 6.57054E+012 
27050 6.52358E+012 
27100 6.47695E+012 
27150 6.43063E+012 
27200 6.38462E+012 
27250 6.33892E+012 
27300 6.29353E+012 
27350 6.24845E+012 
27400 6.20368E+012 
27450 6.15921E+012 
27500 6.11504E+012 
27550 6.07117E+012 
27600 6.0276E+012 
27650 5.98432E+012 
27700 5.94134E+012 
27750 5.89865E+012 
27800 5.85626E+012 
27850 5.81415E+012 
27900 5.77233E+012 
27950 5.73079E+012 
28000 5.68954E+012 
28050 5.64857E+012 
28100 5.60788E+012 
28150 5.56747E+012 
28200 5.52733E+012 
28250 5.48747E+012 
28300 5.44788E+012 
28350 5.40856E+012 
28400 5.36952E+012 
28450 5.33074E+012 
28500 5.29223E+012 
28550 5.25398E+012 
28600 5.216E+012 
28650 5.17827E+012 
28700 5.14081E+012 
28750 5.1036E+012 
28800 5.06666E+012 
28850 5.02996E+012 
28900 4.99352E+012 
28950 4.95733E+012 
29000 4.92139E+012 
29050 4.8857E+012 
29100 4.85026E+012 
29150 4.81506E+012 
29200 4.7801E+012 
29250 4.74539E+012 
29300 4.71092E+012 
29350 4.67668E+012 
29400 4.64269E+012 
29450 4.60893E+012 
29500 4.5754E+012 
29550 4.54211E+012 
29600 4.50905E+012 
29650 4.47622E+012 
29700 4.44361E+012 
29750 4.41124E+012 
29800 4.37909E+012 
29850 4.34716E+012 
29900 4.31546E+012 
29950 4.28398E+012 
30000 4.25271E+012 
30050 4.22167E+012 
30100 4.19084E+012 
30150 4.16023E+012 
30200 4.12983E+012 
30250 4.09965E+012 
30300 4.06967E+012 
30350 4.03991E+012 
30400 4.01036E+012 
30450 3.98101E+012 
30500 3.95187E+012 
30550 3.92293E+012 
30600 3.8942E+012 
30650 3.86566E+012 
30700 3.83733E+012 
30750 3.8092E+012 
30800 3.78126E+012 
30850 3.75353E+012 
30900 3.72598E+012 
30950 3.69864E+012 
31000 3.67148E+012 
31050 3.64451E+012 
31100 3.61774E+012 
31150 3.59116E+012 
31200 3.56476E+012 
31250 3.53855E+012 
31300 3.51252E+012 
31350 3.48668E+012 
31400 3.46102E+012 
31450 3.43554E+012 
31500 3.41025E+012 
31550 3.38513E+012 
31600 3.36019E+012 
31650 3.33543E+012 
31700 3.31084E+012 
31750 3.28642E+012 
31800 3.26218E+012 
31850 3.23812E+012 
31900 3.21422E+012 
31950 3.1905E+012 
32000 3.16694E+012 
32050 3.14355E+012 
32100 3.12032E+012 
32150 3.09726E+012 
32200 3.07437E+012 
32250 3.05164E+012 
32300 3.02907E+012 
32350 3.00666E+012 
32400 2.98441E+012 
32450 2.96232E+012 
32500 2.94039E+012 
32550 2.91862E+012 
32600 2.897E+012 
32650 2.87553E+012 
32700 2.85422E+012 
32750 2.83306E+012 
32800 2.81205E+012 
32850 2.79119E+012 
32900 2.77049E+012 
32950 2.74993E+012 
33000 2.72951E+012 
33050 2.70925E+012 
33100 2.68913E+012 
33150 2.66915E+012 
33200 2.64932E+012 
33250 2.62963E+012 
33300 2.61008E+012 
33350 2.59067E+012 
33400 2.5714E+012 
33450 2.55227E+012 
33500 2.53328E+012 
33550 2.51442E+012 
33600 2.4957E+012 
33650 2.47712E+012 
33700 2.45867E+012 
33750 2.44035E+012 
33800 2.42216E+012 
33850 2.40411E+012 
33900 2.38618E+012 
33950 2.36839E+012 
34000 2.35072E+012 
34050 2.33318E+012 
34100 2.31577E+012 
34150 2.29848E+012 
34200 2.28132E+012 
34250 2.26428E+012 
34300 2.24737E+012 
34350 2.23058E+012 
34400 2.21391E+012 
34450 2.19736E+012 
34500 2.18093E+012 
34550 2.16462E+012 
34600 2.14843E+012 
34650 2.13235E+012 
34700 2.11639E+012 
34750 2.10055E+012 
34800 2.08482E+012 
34850 2.06921E+012 
34900 2.05371E+012 
34950 2.03832E+012 
35000 2.02305E+012 
35050 2.00789E+012 
35100 1.99283E+012 
35150 1.97789E+012 
35200 1.96305E+012 
35250 1.94833E+012 
35300 1.93371E+012 
35350 1.91919E+012 
35400 1.90479E+012 
35450 1.89048E+012 
35500 1.87629E+012 
35550 1.86219E+012 
35600 1.8482E+012 
35650 1.83431E+012 
35700 1.82052E+012 
35750 1.80683E+012 
35800 1.79325E+012 
35850 1.77976E+012 
35900 1.76637E+012 
35950 1.75308E+012 
36000 1.73988E+012 
36050 1.72679E+012 
36100 1.71379E+012 
36150 1.70088E+012 
36200 1.68807E+012 
36250 1.67535E+012 
36300 1.66272E+012 
36350 1.65019E+012 
36400 1.63775E+012 
36450 1.6254E+012 
36500 1.61315E+012 
36550 1.60098E+012 
36600 1.5889E+012 
36650 1.57691E+012 
36700 1.56501E+012 
36750 1.55319E+012 
36800 1.54146E+012 
36850 1.52982E+012 
36900 1.51827E+012 
36950 1.5068E+012 
37000 1.49541E+012 
37050 1.48411E+012 
37100 1.47289E+012 
37150 1.46175E+012 
37200 1.4507E+012 
37250 1.43972E+012 
37300 1.42883E+012 
37350 1.41802E+012 
37400 1.40729E+012 
37450 1.39663E+012 
37500 1.38606E+012 
37550 1.37556E+012 
37600 1.36515E+012 
37650 1.3548E+012 
37700 1.34454E+012 
37750 1.33435E+012 
37800 1.32423E+012 
37850 1.31419E+012 
37900 1.30423E+012 
37950 1.29434E+012 
38000 1.28452E+012 
38050 1.27477E+012 
38100 1.2651E+012 
38150 1.2555E+012 
38200 1.24597E+012 
38250 1.23651E+012 
38300 1.22712E+012 
38350 1.2178E+012 
38400 1.20855E+012 
38450 1.19937E+012 
38500 1.19025E+012 
38550 1.18121E+012 
38600 1.17223E+012 
38650 1.16331E+012 
38700 1.15447E+012 
38750 1.14569E+012 
38800 1.13697E+012 
38850 1.12832E+012 
38900 1.11973E+012 
38950 1.11121E+012 
39000 1.10275E+012 
39050 1.09435E+012 
39100 1.08602E+012 
39150 1.07775E+012 
39200 1.06954E+012 
39250 1.06139E+012 
39300 1.0533E+012 
39350 1.04527E+012 
39400 1.0373E+012 
39450 1.0294E+012 
39500 1.02155E+012 
39550 1.01376E+012 
39600 1.00602E+012 
39650 9.98347E+011 
39700 9.90728E+011 
39750 9.83167E+011 
39800 9.75662E+011 
39850 9.68214E+011 
39900 9.60821E+011 
39950 9.53483E+011 
40000 9.462E+011 
40050 9.38971E+011 
40100 9.31797E+011 
40150 9.24676E+011 
40200 9.17608E+011 
40250 9.10593E+011 
40300 9.03631E+011 
40350 8.96721E+011 
40400 8.89863E+011 
40450 8.83056E+011 
40500 8.763E+011 
40550 8.69595E+011 
40600 8.6294E+011 
40650 8.56334E+011 
40700 8.49779E+011 
40750 8.43272E+011 
40800 8.36814E+011 
40850 8.30405E+011 
40900 8.24044E+011 
40950 8.17731E+011 
41000 8.11465E+011 
41050 8.05246E+011 
41100 7.99073E+011 
41150 7.92948E+011 
41200 7.86868E+011 
41250 7.80834E+011 
41300 7.74845E+011 
41350 7.68901E+011 
41400 7.63002E+011 
41450 7.57147E+011 
41500 7.51337E+011 
41550 7.4557E+011 
41600 7.39846E+011 
41650 7.34166E+011 
41700 7.28528E+011 
41750 7.22933E+011 
41800 7.1738E+011 
41850 7.11869E+011 
41900 7.06399E+011 
41950 7.00971E+011 
42000 6.95583E+011 
42050 6.90237E+011 
42100 6.8493E+011 
42150 6.79664E+011 
42200 6.74437E+011 
42250 6.6925E+011 
42300 6.64101E+011 
42350 6.58992E+011 
42400 6.53921E+011 
42450 6.48889E+011 
42500 6.43894E+011 
42550 6.38938E+011 
42600 6.34019E+011 
42650 6.29137E+011 
42700 6.24292E+011 
42750 6.19483E+011 
42800 6.14711E+011 
42850 6.09975E+011 
42900 6.05275E+011 
42950 6.0061E+011 
43000 5.95981E+011 
43050 5.91387E+011 
43100 5.86827E+011 
43150 5.82302E+011 
43200 5.77812E+011 
43250 5.73355E+011 
43300 5.68932E+011 
43350 5.64543E+011 
43400 5.60187E+011 
43450 5.55864E+011 
43500 5.51574E+011 
43550 5.47316E+011 
43600 5.4309E+011 
43650 5.38897E+011 
43700 5.34736E+011 
43750 5.30606E+011 
43800 5.26507E+011 
43850 5.2244E+011 
43900 5.18403E+011 
43950 5.14397E+011 
44000 5.10422E+011 
44050 5.06476E+011 
44100 5.02561E+011 
44150 4.98676E+011 
44200 4.9482E+011 
44250 4.90993E+011 
44300 4.87195E+011 
44350 4.83427E+011 
44400 4.79687E+011 
44450 4.75975E+011 
44500 4.72292E+011 
44550 4.68636E+011 
44600 4.65009E+011 
44650 4.61409E+011 
44700 4.57837E+011 
44750 4.54292E+011 
44800 4.50773E+011 
44850 4.47282E+011 
44900 4.43817E+011 
44950 4.40379E+011 
45000 4.36967E+011 
45050 4.33581E+011 
45100 4.3022E+011 
45150 4.26886E+011 
45200 4.23576E+011 
45250 4.20292E+011 
45300 4.17033E+011 
45350 4.13799E+011 
45400 4.1059E+011 
45450 4.07405E+011 
45500 4.04245E+011 
45550 4.01108E+011 
45600 3.97996E+011 
45650 3.94907E+011 
45700 3.91842E+011 
45750 3.88801E+011 
45800 3.85782E+011 
45850 3.82787E+011 
45900 3.79814E+011 
45950 3.76865E+011 
46000 3.73938E+011 
46050 3.71033E+011 
46100 3.6815E+011 
46150 3.6529E+011 
46200 3.62451E+011 
46250 3.59635E+011 
46300 3.56839E+011 
46350 3.54065E+011 
46400 3.51313E+011 
46450 3.48581E+011 
46500 3.45871E+011 
46550 3.43181E+011 
46600 3.40512E+011 
46650 3.37863E+011 
46700 3.35234E+011 
46750 3.32626E+011 
46800 3.30038E+011 
46850 3.27469E+011 
46900 3.24921E+011 
46950 3.22391E+011 
47000 3.19882E+011 
47050 3.17391E+011 
47100 3.1492E+011 
47150 3.12467E+011 
47200 3.10034E+011 
47250 3.07619E+011 
47300 3.05222E+011 
47350 3.02844E+011 
47400 3.00484E+011 
47450 2.98143E+011 
47500 2.95819E+011 
47550 2.93514E+011 
47600 2.91226E+011 
47650 2.88955E+011 
47700 2.86702E+011 
47750 2.84467E+011 
47800 2.82248E+011 
47850 2.80047E+011 
47900 2.77862E+011 
47950 2.75694E+011 
48000 2.73543E+011 
48050 2.71409E+011 
48100 2.69291E+011 
48150 2.67189E+011 
48200 2.65104E+011 
48250 2.63035E+011 
48300 2.60981E+011 
48350 2.58943E+011 
48400 2.56921E+011 
48450 2.54915E+011 
48500 2.52924E+011 
48550 2.50948E+011 
48600 2.48988E+011 
48650 2.47043E+011 
48700 2.45112E+011 
48750 2.43197E+011 
48800 2.41296E+011 
48850 2.3941E+011 
48900 2.37539E+011 
48950 2.35682E+011 
49000 2.33839E+011 
49050 2.32011E+011 
49100 2.30197E+011 
49150 2.28396E+011 
49200 2.2661E+011 
49250 2.24837E+011 
49300 2.23078E+011 
49350 2.21333E+011 
49400 2.19601E+011 
49450 2.17883E+011 
49500 2.16178E+011 
49550 2.14486E+011 
49600 2.12807E+011 
49650 2.11141E+011 
49700 2.09488E+011 
49750 2.07847E+011 
49800 2.0622E+011 
49850 2.04605E+011 
49900 2.03002E+011 
49950 2.01412E+011 
50000 1.99834E+011 
50050 1.98269E+011 
50100 1.96715E+011 
50150 1.95174E+011 
50200 1.93644E+011 
50250 1.92126E+011 
50300 1.9062E+011 
50350 1.89126E+011 
50400 1.87643E+011 
50450 1.86172E+011 
50500 1.84712E+011 
50550 1.83264E+011 
50600 1.81826E+011 
50650 1.804E+011 
50700 1.78985E+011 
50750 1.77581E+011 
50800 1.76188E+011 
50850 1.74805E+011 
50900 1.73433E+011 
50950 1.72072E+011 
51000 1.70722E+011 
51050 1.69382E+011 
51100 1.68052E+011 
51150 1.66733E+011 
51200 1.65423E+011 
51250 1.64125E+011 
51300 1.62836E+011 
51350 1.61557E+011 
51400 1.60288E+011 
51450 1.59029E+011 
51500 1.57779E+011 
51550 1.5654E+011 
51600 1.5531E+011 
51650 1.54089E+011 
51700 1.52878E+011 
51750 1.51677E+011 
51800 1.50485E+011 
51850 1.49302E+011 
51900 1.48128E+011 
51950 1.46963E+011 
52000 1.45808E+011 
52050 1.44661E+011 
52100 1.43524E+011 
52150 1.42395E+011 
52200 1.41275E+011 
52250 1.40163E+011 
52300 1.39061E+011 
52350 1.37967E+011 
52400 1.36881E+011 
52450 1.35804E+011 
52500 1.34735E+011 
52550 1.33675E+011 
52600 1.32623E+011 
52650 1.31579E+011 
52700 1.30543E+011 
52750 1.29515E+011 
52800 1.28495E+011 
52850 1.27483E+011 
52900 1.26479E+011 
52950 1.25483E+011 
53000 1.24495E+011 
53050 1.23514E+011 
53100 1.22541E+011 
53150 1.21576E+011 
53200 1.20618E+011 
53250 1.19667E+011 
53300 1.18724E+011 
53350 1.17789E+011 
53400 1.1686E+011 
53450 1.15939E+011 
53500 1.15025E+011 
53550 1.14118E+011 
53600 1.13219E+011 
53650 1.12326E+011 
53700 1.1144E+011 
53750 1.10561E+011 
53800 1.09689E+011 
53850 1.08824E+011 
53900 1.07965E+011 
53950 1.07114E+011 
54000 1.06269E+011 
54050 1.0543E+011 
54100 1.04598E+011 
54150 1.03773E+011 
54200 1.02954E+011 
54250 1.02141E+011 
54300 1.01335E+011 
54350 1.00535E+011 
54400 9.97414E+010 
54450 9.8954E+010 
54500 9.81726E+010 
54550 9.73974E+010 
54600 9.66283E+010 
54650 9.58651E+010 
54700 9.51079E+010 
54750 9.43567E+010 
54800 9.36113E+010 
54850 9.28718E+010 
54900 9.2138E+010 
54950 9.141E+010 
55000 9.06877E+010 
55050 8.9971E+010 
55100 8.92599E+010 
55150 8.85544E+010 
55200 8.78544E+010 
55250 8.71599E+010 
55300 8.64709E+010 
55350 8.57872E+010 
55400 8.51089E+010 
55450 8.44359E+010 
55500 8.37682E+010 
55550 8.31057E+010 
55600 8.24484E+010 
55650 8.17962E+010 
55700 8.11492E+010 
55750 8.05072E+010 
55800 7.98703E+010 
55850 7.92383E+010 
55900 7.86113E+010 
55950 7.79892E+010 
56000 7.7372E+010 
56050 7.67597E+010 
56100 7.61521E+010 
56150 7.55493E+010 
56200 7.49512E+010 
56250 7.43579E+010 
56300 7.37691E+010 
56350 7.3185E+010 
56400 7.26055E+010 
56450 7.20305E+010 
56500 7.14601E+010 
56550 7.08941E+010 
56600 7.03325E+010 
56650 6.97754E+010 
56700 6.92226E+010 
56750 6.86742E+010 
56800 6.81301E+010 
56850 6.75902E+010 
56900 6.70546E+010 
56950 6.65232E+010 
57000 6.5996E+010 
57050 6.54729E+010 
57100 6.49539E+010 
57150 6.4439E+010 
57200 6.39282E+010 
57250 6.34213E+010 
57300 6.29185E+010 
57350 6.24196E+010 
57400 6.19246E+010 
57450 6.14335E+010 
57500 6.09463E+010 
57550 6.04629E+010 
57600 5.99833E+010 
57650 5.95075E+010 
57700 5.90354E+010 
57750 5.8567E+010 
57800 5.81023E+010 
57850 5.76413E+010 
57900 5.71839E+010 
57950 5.67301E+010 
58000 5.62799E+010 
58050 5.58332E+010 
58100 5.539E+010 
58150 5.49503E+010 
58200 5.45141E+010 
58250 5.40813E+010 
58300 5.36519E+010 
58350 5.32259E+010 
58400 5.28032E+010 
58450 5.23839E+010 
58500 5.19679E+010 
58550 5.15551E+010 
58600 5.11457E+010 
58650 5.07394E+010 
58700 5.03363E+010 
58750 4.99364E+010 
58800 4.95397E+010 
58850 4.91461E+010 
58900 4.87555E+010 
58950 4.83681E+010 
59000 4.79837E+010 
59050 4.76024E+010 
59100 4.7224E+010 
59150 4.68487E+010 
59200 4.64763E+010 
59250 4.61068E+010 
59300 4.57402E+010 
59350 4.53766E+010 
59400 4.50158E+010 
59450 4.46578E+010 
59500 4.43027E+010 
59550 4.39504E+010 
59600 4.36009E+010 
59650 4.32541E+010 
59700 4.291E+010 
59750 4.25687E+010 
59800 4.22301E+010 
59850 4.18941E+010 
59900 4.15608E+010 
59950 4.12301E+010 
60000 4.0902E+010 
60050 4.05765E+010 
60100 4.02536E+010 
60150 3.99333E+010 
60200 3.96154E+010 
60250 3.93001E+010 
60300 3.89873E+010 
60350 3.86769E+010 
60400 3.8369E+010 
60450 3.80635E+010 
60500 3.77604E+010 
60550 3.74598E+010 
60600 3.71615E+010 
60650 3.68655E+010 
60700 3.65719E+010 
60750 3.62807E+010 
60800 3.59917E+010 
60850 3.5705E+010 
60900 3.54206E+010 
60950 3.51384E+010 
61000 3.48585E+010 
61050 3.45807E+010 
61100 3.43052E+010 
61150 3.40318E+010 
61200 3.37606E+010 
61250 3.34916E+010 
61300 3.32247E+010 
61350 3.29599E+010 
61400 3.26972E+010 
61450 3.24365E+010 
61500 3.2178E+010 
61550 3.19214E+010 
61600 3.16669E+010 
61650 3.14145E+010 
61700 3.1164E+010 
61750 3.09155E+010 
61800 3.06689E+010 
61850 3.04244E+010 
61900 3.01817E+010 
61950 2.9941E+010 
62000 2.97022E+010 
62050 2.94652E+010 
62100 2.92302E+010 
62150 2.8997E+010 
62200 2.87657E+010 
62250 2.85362E+010 
62300 2.83085E+010 
62350 2.80826E+010 
62400 2.78585E+010 
62450 2.76362E+010 
62500 2.74156E+010 
62550 2.71968E+010 
62600 2.69797E+010 
62650 2.67643E+010 
62700 2.65507E+010 
62750 2.63388E+010 
62800 2.61285E+010 
62850 2.59199E+010 
62900 2.57129E+010 
62950 2.55076E+010 
63000 2.53039E+010 
63050 2.51018E+010 
63100 2.49014E+010 
63150 2.47025E+010 
63200 2.45052E+010 
63250 2.43095E+010 
63300 2.41153E+010 
63350 2.39226E+010 
63400 2.37315E+010 
63450 2.35419E+010 
63500 2.33538E+010 
63550 2.31672E+010 
63600 2.29821E+010 
63650 2.27985E+010 
63700 2.26163E+010 
63750 2.24355E+010 
63800 2.22562E+010 
63850 2.20783E+010 
63900 2.19019E+010 
63950 2.17268E+010 
64000 2.15531E+010 
64050 2.13808E+010 
64100 2.12099E+010 
64150 2.10403E+010 
64200 2.08721E+010 
64250 2.07052E+010 
64300 2.05396E+010 
64350 2.03753E+010 
64400 2.02124E+010 
64450 2.00507E+010 
64500 1.98904E+010 
64550 1.97313E+010 
64600 1.95734E+010 
64650 1.94169E+010 
64700 1.92615E+010 
64750 1.91074E+010 
64800 1.89545E+010 
64850 1.88029E+010 
64900 1.86524E+010 
64950 1.85032E+010 
65000 1.83551E+010 
65050 1.82082E+010 
65100 1.80625E+010 
65150 1.79179E+010 
65200 1.77745E+010 
65250 1.76322E+010 
65300 1.74911E+010 
65350 1.73511E+010 
65400 1.72122E+010 
65450 1.70744E+010 
65500 1.69377E+010 
65550 1.68021E+010 
65600 1.66675E+010 
65650 1.65341E+010 
65700 1.64016E+010 
65750 1.62703E+010 
65800 1.614E+010 
65850 1.60107E+010 
65900 1.58825E+010 
65950 1.57553E+010 
66000 1.56291E+010 
66050 1.55039E+010 
66100 1.53797E+010 
66150 1.52564E+010 
66200 1.51342E+010 
66250 1.5013E+010 
66300 1.48927E+010 
66350 1.47733E+010 
66400 1.46549E+010 
66450 1.45375E+010 
66500 1.4421E+010 
66550 1.43054E+010 
66600 1.41907E+010 
66650 1.4077E+010 
66700 1.39641E+010 
66750 1.38522E+010 
66800 1.37412E+010 
66850 1.3631E+010 
66900 1.35217E+010 
66950 1.34133E+010 
67000 1.33057E+010 
67050 1.31991E+010 
67100 1.30932E+010 
67150 1.29882E+010 
67200 1.28841E+010 
67250 1.27807E+010 
67300 1.26782E+010 
67350 1.25765E+010 
67400 1.24757E+010 
67450 1.23756E+010 
67500 1.22763E+010 
67550 1.21778E+010 
67600 1.20801E+010 
67650 1.19832E+010 
67700 1.1887E+010 
67750 1.17917E+010 
67800 1.16971E+010 
67850 1.16032E+010 
67900 1.15101E+010 
67950 1.14177E+010 
68000 1.13261E+010 
68050 1.12352E+010 
68100 1.1145E+010 
68150 1.10555E+010 
68200 1.09668E+010 
68250 1.08787E+010 
68300 1.07914E+010 
68350 1.07048E+010 
68400 1.06188E+010 
68450 1.05336E+010 
68500 1.0449E+010 
68550 1.03651E+010 
68600 1.02819E+010 
68650 1.01993E+010 
68700 1.01174E+010 
68750 1.00361E+010 
68800 9.95554E+009 
68850 9.87558E+009 
68900 9.79626E+009 
68950 9.71757E+009 
69000 9.63951E+009 
69050 9.56207E+009 
69100 9.48525E+009 
69150 9.40905E+009 
69200 9.33345E+009 
69250 9.25846E+009 
69300 9.18407E+009 
69350 9.11028E+009 
69400 9.03707E+009 
69450 8.96445E+009 
69500 8.8924E+009 
69550 8.82094E+009 
69600 8.75004E+009 
69650 8.67972E+009 
69700 8.60995E+009 
69750 8.54074E+009 
69800 8.47209E+009 
69850 8.40398E+009 
69900 8.33642E+009 
69950 8.2694E+009 
70000 8.20292E+009 
70050 8.13696E+009 
70100 8.07154E+009 
70150 8.00664E+009 
70200 7.94225E+009 
70250 7.87839E+009 
70300 7.81503E+009 
70350 7.75218E+009 
70400 7.68983E+009 
70450 7.62798E+009 
70500 7.56663E+009 
70550 7.50577E+009 
70600 7.44539E+009 
70650 7.3855E+009 
70700 7.32609E+009 
70750 7.26715E+009 
70800 7.20868E+009 
70850 7.15068E+009 
70900 7.09315E+009 
70950 7.03608E+009 
71000 6.97946E+009 
71050 6.9233E+009 
71100 6.86759E+009 
71150 6.81232E+009 
71200 6.75749E+009 
71250 6.70311E+009 
71300 6.64916E+009 
71350 6.59564E+009 
71400 6.54255E+009 
71450 6.48989E+009 
71500 6.43764E+009 
71550 6.38582E+009 
71600 6.33441E+009 
71650 6.28341E+009 
71700 6.23282E+009 
71750 6.18264E+009 
71800 6.13286E+009 
71850 6.08348E+009 
71900 6.03449E+009 
71950 5.9859E+009 
72000 5.93769E+009 
72050 5.88987E+009 
72100 5.84244E+009 
72150 5.79538E+009 
72200 5.7487E+009 
72250 5.7024E+009 
72300 5.65647E+009 
72350 5.6109E+009 
72400 5.56571E+009 
72450 5.52087E+009 
72500 5.47639E+009 
72550 5.43227E+009 
72600 5.3885E+009 
72650 5.34509E+009 
72700 5.30202E+009 
72750 5.2593E+009 
72800 5.21692E+009 
72850 5.17488E+009 
72900 5.13317E+009 
72950 5.09181E+009 
73000 5.05077E+009 
73050 5.01006E+009 
73100 4.96968E+009 
73150 4.92962E+009 
73200 4.88989E+009 
73250 4.85047E+009 
73300 4.81137E+009 
73350 4.77258E+009 
73400 4.73411E+009 
73450 4.69594E+009 
73500 4.65808E+009 
73550 4.62053E+009 
73600 4.58327E+009 
73650 4.54631E+009 
73700 4.50965E+009 
73750 4.47329E+009 
73800 4.43722E+009 
73850 4.40143E+009 
73900 4.36593E+009 
73950 4.33072E+009 
74000 4.29579E+009 
74050 4.26115E+009 
74100 4.22678E+009 
74150 4.19268E+009 
74200 4.15886E+009 
74250 4.12531E+009 
74300 4.09203E+009 
74350 4.05902E+009 
74400 4.02627E+009 
74450 3.99379E+009 
74500 3.96156E+009 
74550 3.9296E+009 
74600 3.89789E+009 
74650 3.86644E+009 
74700 3.83524E+009 
74750 3.80429E+009 
74800 3.77359E+009 
74850 3.74313E+009 
74900 3.71292E+009 
74950 3.68296E+009 
75000 3.65323E+009 
75050 3.62374E+009 
75100 3.59449E+009 
75150 3.56548E+009 
75200 3.5367E+009 
75250 3.50815E+009 
75300 3.47982E+009 
75350 3.45173E+009 
75400 3.42386E+009 
75450 3.39622E+009 
75500 3.3688E+009 
75550 3.3416E+009 
75600 3.31462E+009 
75650 3.28785E+009 
75700 3.2613E+009 
75750 3.23496E+009 
75800 3.20884E+009 
75850 3.18292E+009 
75900 3.15722E+009 
75950 3.13172E+009 
76000 3.10642E+009 
76050 3.08133E+009 
76100 3.05644E+009 
76150 3.03175E+009 
76200 3.00726E+009 
76250 2.98297E+009 
76300 2.95887E+009 
76350 2.93496E+009 
76400 2.91125E+009 
76450 2.88773E+009 
76500 2.8644E+009 
76550 2.84125E+009 
76600 2.8183E+009 
76650 2.79552E+009 
76700 2.77293E+009 
76750 2.75053E+009 
76800 2.7283E+009 
76850 2.70625E+009 
76900 2.68438E+009 
76950 2.66268E+009 
77000 2.64116E+009 
77050 2.61981E+009 
77100 2.59864E+009 
77150 2.57763E+009 
77200 2.5568E+009 
77250 2.53613E+009 
77300 2.51562E+009 
77350 2.49529E+009 
77400 2.47512E+009 
77450 2.4551E+009 
77500 2.43525E+009 
77550 2.41556E+009 
77600 2.39603E+009 
77650 2.37666E+009 
77700 2.35744E+009 
77750 2.33838E+009 
77800 2.31947E+009 
77850 2.30071E+009 
77900 2.2821E+009 
77950 2.26365E+009 
78000 2.24534E+009 
78050 2.22718E+009 
78100 2.20917E+009 
78150 2.1913E+009 
78200 2.17357E+009 
78250 2.15599E+009 
78300 2.13855E+009 
78350 2.12125E+009 
78400 2.10409E+009 
78450 2.08707E+009 
78500 2.07018E+009 
78550 2.05343E+009 
78600 2.03682E+009 
78650 2.02034E+009 
78700 2.00399E+009 
78750 1.98778E+009 
78800 1.97169E+009 
78850 1.95574E+009 
78900 1.93991E+009 
78950 1.92421E+009 
79000 1.90864E+009 
79050 1.89319E+009 
79100 1.87787E+009 
79150 1.86267E+009 
79200 1.84759E+009 
79250 1.83264E+009 
79300 1.81781E+009 
79350 1.80309E+009 
79400 1.78849E+009 
79450 1.77402E+009 
79500 1.75966E+009 
79550 1.74541E+009 
79600 1.73128E+009 
79650 1.71726E+009 
79700 1.70336E+009 
79750 1.68957E+009 
79800 1.67589E+009 
79850 1.66232E+009 
79900 1.64886E+009 
79950 1.63551E+009 
80000 1.62226E+009 
80050 1.60912E+009 
80100 1.59609E+009 
80150 1.58317E+009 
80200 1.57034E+009 
80250 1.55763E+009 
80300 1.54501E+009 
80350 1.5325E+009 
80400 1.52008E+009 
80450 1.50777E+009 
80500 1.49556E+009 
80550 1.48344E+009 
80600 1.47143E+009 
80650 1.45951E+009 
80700 1.44768E+009 
80750 1.43595E+009 
80800 1.42432E+009 
80850 1.41278E+009 
80900 1.40133E+009 
80950 1.38998E+009 
81000 1.37872E+009 
81050 1.36755E+009 
81100 1.35646E+009 
81150 1.34547E+009 
81200 1.33457E+009 
81250 1.32375E+009 
81300 1.31303E+009 
81350 1.30239E+009 
81400 1.29183E+009 
81450 1.28136E+009 
81500 1.27097E+009 
81550 1.26067E+009 
81600 1.25045E+009 
81650 1.24032E+009 
81700 1.23026E+009 
81750 1.22029E+009 
81800 1.2104E+009 
81850 1.20059E+009 
81900 1.19085E+009 
81950 1.1812E+009 
82000 1.17162E+009 
82050 1.16213E+009 
82100 1.1527E+009 
82150 1.14336E+009 
82200 1.13409E+009 
82250 1.12489E+009 
82300 1.11577E+009 
82350 1.10672E+009 
82400 1.09775E+009 
82450 1.08884E+009 
82500 1.08001E+009 
82550 1.07125E+009 
82600 1.06257E+009 
82650 1.05395E+009 
82700 1.0454E+009 
82750 1.03692E+009 
82800 1.02851E+009 
82850 1.02017E+009 
82900 1.01189E+009 
82950 1.00369E+009 
83000 9.95545E+008 
83050 9.87469E+008 
83100 9.79458E+008 
83150 9.71512E+008 
83200 9.63631E+008 
83250 9.55813E+008 
83300 9.48058E+008 
83350 9.40366E+008 
83400 9.32736E+008 
83450 9.25168E+008 
83500 9.17661E+008 
83550 9.10215E+008 
83600 9.02829E+008 
83650 8.95503E+008 
83700 8.88236E+008 
83750 8.81028E+008 
83800 8.73878E+008 
83850 8.66786E+008 
83900 8.59751E+008 
83950 8.52773E+008 
84000 8.45852E+008 
84050 8.38987E+008 
84100 8.32177E+008 
84150 8.25422E+008 
84200 8.18722E+008 
84250 8.12076E+008 
84300 8.05484E+008 
84350 7.98945E+008 
84400 7.9246E+008 
84450 7.86026E+008 
84500 7.79645E+008 
84550 7.73315E+008 
84600 7.67037E+008 
84650 7.60809E+008 
84700 7.54632E+008 
84750 7.48505E+008 
84800 7.42427E+008 
84850 7.36399E+008 
84900 7.30419E+008 
84950 7.24488E+008 
85000 7.18605E+008 
85050 7.12769E+008 
85100 7.06981E+008 
85150 7.01239E+008 
85200 6.95544E+008 
85250 6.89895E+008 
85300 6.84292E+008 
85350 6.78735E+008 
85400 6.73222E+008 
85450 6.67753E+008 
85500 6.6233E+008 
85550 6.5695E+008 
85600 6.51613E+008 
85650 6.4632E+008 
85700 6.4107E+008 
85750 6.35862E+008 
85800 6.30696E+008 
85850 6.25572E+008 
85900 6.2049E+008 
85950 6.15449E+008 
86000 6.10449E+008 
86050 6.05489E+008 
86100 6.00569E+008 
86150 5.95689E+008 
86200 5.90849E+008 
86250 5.86048E+008 
86300 5.81286E+008 
86350 5.76562E+008 
86400 5.71877E+008 
86450 5.6723E+008 
86500 5.6262E+008 
86550 5.58048E+008 
86600 5.53513E+008 
86650 5.49014E+008 
86700 5.44552E+008 
86750 5.40126E+008 
86800 5.35736E+008 
86850 5.31381E+008 
86900 5.27062E+008 
86950 5.22778E+008 
87000 5.18529E+008 
87050 5.14313E+008 
87100 5.10133E+008 
87150 5.05986E+008 
87200 5.01872E+008 
87250 4.97792E+008 
87300 4.93745E+008 
87350 4.89731E+008 
87400 4.85749E+008 
87450 4.818E+008 
87500 4.77883E+008 
87550 4.73997E+008 
87600 4.70143E+008 
87650 4.6632E+008 
87700 4.62528E+008 
87750 4.58767E+008 
87800 4.55037E+008 
87850 4.51336E+008 
87900 4.47666E+008 
87950 4.44025E+008 
88000 4.40414E+008 
88050 4.36833E+008 
88100 4.3328E+008 
88150 4.29756E+008 
88200 4.26261E+008 
88250 4.22794E+008 
88300 4.19355E+008 
88350 4.15944E+008 
88400 4.12561E+008 
88450 4.09205E+008 
88500 4.05876E+008 
88550 4.02574E+008 
88600 3.99299E+008 
88650 3.96051E+008 
88700 3.92829E+008 
88750 3.89633E+008 
88800 3.86463E+008 
88850 3.83319E+008 
88900 3.80201E+008 
88950 3.77107E+008 
89000 3.74039E+008 
89050 3.70996E+008 
89100 3.67977E+008 
89150 3.64983E+008 
89200 3.62013E+008 
89250 3.59067E+008 
89300 3.56145E+008 
89350 3.53247E+008 
89400 3.50372E+008 
89450 3.47521E+008 
89500 3.44693E+008 
89550 3.41888E+008 
89600 3.39105E+008 
89650 3.36345E+008 
89700 3.33608E+008 
89750 3.30893E+008 
89800 3.28199E+008 
89850 3.25528E+008 
89900 3.22878E+008 
89950 3.2025E+008 
90000 3.17643E+008 
90050 3.15058E+008 
90100 3.12493E+008 
90150 3.09949E+008 
90200 3.07426E+008 
90250 3.04923E+008 
90300 3.02441E+008 
90350 2.99978E+008 
90400 2.97536E+008 
90450 2.95114E+008 
90500 2.92711E+008 
90550 2.90328E+008 
90600 2.87964E+008 
90650 2.85619E+008 
90700 2.83294E+008 
90750 2.80987E+008 
90800 2.78699E+008 
90850 2.76429E+008 
90900 2.74178E+008 
90950 2.71946E+008 
91000 2.69731E+008 
91050 2.67534E+008 
91100 2.65356E+008 
91150 2.63194E+008 
91200 2.61051E+008 
91250 2.58925E+008 
91300 2.56816E+008 
91350 2.54724E+008 
91400 2.5265E+008 
91450 2.50592E+008 
91500 2.4855E+008 
91550 2.46526E+008 
91600 2.44518E+008 
91650 2.42526E+008 
91700 2.4055E+008 
91750 2.38591E+008 
91800 2.36647E+008 
91850 2.34719E+008 
91900 2.32807E+008 
91950 2.30911E+008 
92000 2.29029E+008 
92050 2.27163E+008 
92100 2.25313E+008 
92150 2.23477E+008 
92200 2.21656E+008 
92250 2.1985E+008 
92300 2.18059E+008 
92350 2.16282E+008 
92400 2.1452E+008 
92450 2.12772E+008 
92500 2.11038E+008 
92550 2.09318E+008 
92600 2.07612E+008 
92650 2.0592E+008 
92700 2.04242E+008 
92750 2.02578E+008 
92800 2.00927E+008 
92850 1.99289E+008 
92900 1.97665E+008 
92950 1.96054E+008 
93000 1.94456E+008 
93050 1.92871E+008 
93100 1.91299E+008 
93150 1.8974E+008 
93200 1.88193E+008 
93250 1.86659E+008 
93300 1.85138E+008 
93350 1.83629E+008 
93400 1.82132E+008 
93450 1.80647E+008 
93500 1.79174E+008 
93550 1.77714E+008 
93600 1.76265E+008 
93650 1.74828E+008 
93700 1.73403E+008 
93750 1.71989E+008 
93800 1.70587E+008 
93850 1.69196E+008 
93900 1.67816E+008 
93950 1.66448E+008 
94000 1.65091E+008 
94050 1.63745E+008 
94100 1.6241E+008 
94150 1.61085E+008 
94200 1.59772E+008 
94250 1.58469E+008 
94300 1.57177E+008 
94350 1.55895E+008 
94400 1.54624E+008 
94450 1.53363E+008 
94500 1.52112E+008 
94550 1.50871E+008 
94600 1.49641E+008 
94650 1.4842E+008 
94700 1.4721E+008 
94750 1.46009E+008 
94800 1.44818E+008 
94850 1.43637E+008 
94900 1.42466E+008 
94950 1.41304E+008 
95000 1.40151E+008 
95050 1.39008E+008 
95100 1.37874E+008 
95150 1.36749E+008 
95200 1.35634E+008 
95250 1.34527E+008 
95300 1.3343E+008 
95350 1.32341E+008 
95400 1.31262E+008 
95450 1.30191E+008 
95500 1.29129E+008 
95550 1.28075E+008 
95600 1.2703E+008 
95650 1.25994E+008 
95700 1.24966E+008 
95750 1.23946E+008 
95800 1.22935E+008 
95850 1.21932E+008 
95900 1.20937E+008 
95950 1.1995E+008 
96000 1.18971E+008 
96050 1.18E+008 
96100 1.17037E+008 
96150 1.16082E+008 
96200 1.15135E+008 
96250 1.14196E+008 
96300 1.13264E+008 
96350 1.12339E+008 
96400 1.11422E+008 
96450 1.10513E+008 
96500 1.09611E+008 
96550 1.08717E+008 
96600 1.07829E+008 
96650 1.06949E+008 
96700 1.06076E+008 
96750 1.0521E+008 
96800 1.04352E+008 
96850 1.035E+008 
96900 1.02655E+008 
96950 1.01817E+008 
97000 1.00986E+008 
97050 1.00162E+008 
97100 9.9344E+007 
97150 9.8533E+007 
97200 9.77286E+007 
97250 9.69308E+007 
97300 9.61395E+007 
97350 9.53546E+007 
97400 9.45761E+007 
97450 9.38039E+007 
97500 9.30381E+007 
97550 9.22785E+007 
97600 9.1525E+007 
97650 9.07778E+007 
97700 9.00366E+007 
97750 8.93014E+007 
97800 8.85722E+007 
97850 8.7849E+007 
97900 8.71316E+007 
97950 8.64202E+007 
98000 8.57145E+007 
98050 8.50145E+007 
98100 8.43203E+007 
98150 8.36317E+007 
98200 8.29487E+007 
98250 8.22713E+007 
98300 8.15994E+007 
98350 8.0933E+007 
98400 8.0272E+007 
98450 7.96164E+007 
98500 7.89662E+007 
98550 7.83212E+007 
98600 7.76815E+007 
98650 7.7047E+007 
98700 7.64177E+007 
98750 7.57936E+007 
98800 7.51745E+007 
98850 7.45604E+007 
98900 7.39514E+007 
98950 7.33473E+007 
99000 7.27481E+007 
99050 7.21539E+007 
99100 7.15644E+007 
99150 7.09798E+007 
99200 7.04E+007 
99250 6.98248E+007 
99300 6.92544E+007 
99350 6.86886E+007 
99400 6.81274E+007 
99450 6.75708E+007 
99500 6.70188E+007 
99550 6.64712E+007 
99600 6.59281E+007 
99650 6.53894E+007 
99700 6.48552E+007 
99750 6.43252E+007 
99800 6.37996E+007 
99850 6.32783E+007 
99900 6.27613E+007 
99950 6.22484E+007 
100000 6.17398E+007 
