#F U:\Beamline I20\I20-2_EDE\Wigglers\xop\83mm-small-wiggler\EDE wiggler\1p0T-300mA-0p12x1p4mrad.dat
#C I20EDE 1.0T 300mA 0.12x1.4mrad
#S 1 File written by xplot on Tue Dec 07 18:28:20 2010
#N 2
#L    Energy [eV]  Flux [ph/s/0.1%bw]
50 1.11978E+013 
100 1.77519E+013 
150 2.32133E+013 
200 2.80482E+013 
250 3.24504E+013 
300 3.65244E+013 
350 4.03344E+013 
400 4.3924E+013 
450 4.7324E+013 
500 5.05579E+013 
550 5.36435E+013 
600 5.65953E+013 
650 5.94249E+013 
700 6.2142E+013 
750 6.47548E+013 
800 6.72702E+013 
850 6.96944E+013 
900 7.20326E+013 
950 7.42895E+013 
1000 7.64693E+013 
1050 7.85756E+013 
1100 8.06118E+013 
1150 8.25811E+013 
1200 8.44861E+013 
1250 8.63295E+013 
1300 8.81135E+013 
1350 8.98404E+013 
1400 9.15123E+013 
1450 9.31309E+013 
1500 9.46981E+013 
1550 9.62154E+013 
1600 9.76846E+013 
1650 9.9107E+013 
1700 1.00484E+014 
1750 1.01817E+014 
1800 1.03107E+014 
1850 1.04356E+014 
1900 1.05564E+014 
1950 1.06733E+014 
2000 1.07863E+014 
2050 1.08956E+014 
2100 1.10013E+014 
2150 1.11034E+014 
2200 1.1202E+014 
2250 1.12973E+014 
2300 1.13892E+014 
2350 1.1478E+014 
2400 1.15636E+014 
2450 1.16462E+014 
2500 1.17257E+014 
2550 1.18023E+014 
2600 1.18761E+014 
2650 1.19471E+014 
2700 1.20153E+014 
2750 1.20808E+014 
2800 1.21438E+014 
2850 1.22042E+014 
2900 1.22621E+014 
2950 1.23175E+014 
3000 1.23705E+014 
3050 1.24212E+014 
3100 1.24696E+014 
3150 1.25158E+014 
3200 1.25598E+014 
3250 1.26016E+014 
3300 1.26413E+014 
3350 1.26789E+014 
3400 1.27146E+014 
3450 1.27482E+014 
3500 1.278E+014 
3550 1.28098E+014 
3600 1.28378E+014 
3650 1.28639E+014 
3700 1.28883E+014 
3750 1.2911E+014 
3800 1.2932E+014 
3850 1.29512E+014 
3900 1.29689E+014 
3950 1.29849E+014 
4000 1.29994E+014 
4050 1.30124E+014 
4100 1.30238E+014 
4150 1.30338E+014 
4200 1.30423E+014 
4250 1.30495E+014 
4300 1.30552E+014 
4350 1.30596E+014 
4400 1.30627E+014 
4450 1.30645E+014 
4500 1.3065E+014 
4550 1.30643E+014 
4600 1.30623E+014 
4650 1.30592E+014 
4700 1.30549E+014 
4750 1.30495E+014 
4800 1.30429E+014 
4850 1.30353E+014 
4900 1.30266E+014 
4950 1.30168E+014 
5000 1.30061E+014 
5050 1.29943E+014 
5100 1.29815E+014 
5150 1.29678E+014 
5200 1.29532E+014 
5250 1.29376E+014 
5300 1.29212E+014 
5350 1.29039E+014 
5400 1.28857E+014 
5450 1.28667E+014 
5500 1.28469E+014 
5550 1.28262E+014 
5600 1.28048E+014 
5650 1.27826E+014 
5700 1.27597E+014 
5750 1.27361E+014 
5800 1.27117E+014 
5850 1.26867E+014 
5900 1.2661E+014 
5950 1.26346E+014 
6000 1.26076E+014 
6050 1.25799E+014 
6100 1.25516E+014 
6150 1.25227E+014 
6200 1.24933E+014 
6250 1.24633E+014 
6300 1.24327E+014 
6350 1.24015E+014 
6400 1.23699E+014 
6450 1.23377E+014 
6500 1.2305E+014 
6550 1.22719E+014 
6600 1.22382E+014 
6650 1.22041E+014 
6700 1.21696E+014 
6750 1.21346E+014 
6800 1.20992E+014 
6850 1.20633E+014 
6900 1.20271E+014 
6950 1.19905E+014 
7000 1.19535E+014 
7050 1.19161E+014 
7100 1.18783E+014 
7150 1.18402E+014 
7200 1.18018E+014 
7250 1.17631E+014 
7300 1.1724E+014 
7350 1.16846E+014 
7400 1.16449E+014 
7450 1.16049E+014 
7500 1.15647E+014 
7550 1.15242E+014 
7600 1.14834E+014 
7650 1.14424E+014 
7700 1.14011E+014 
7750 1.13596E+014 
7800 1.13178E+014 
7850 1.12759E+014 
7900 1.12337E+014 
7950 1.11913E+014 
8000 1.11488E+014 
8050 1.1106E+014 
8100 1.10631E+014 
8150 1.102E+014 
8200 1.09767E+014 
8250 1.09333E+014 
8300 1.08897E+014 
8350 1.0846E+014 
8400 1.08021E+014 
8450 1.07581E+014 
8500 1.0714E+014 
8550 1.06698E+014 
8600 1.06254E+014 
8650 1.0581E+014 
8700 1.05364E+014 
8750 1.04918E+014 
8800 1.04471E+014 
8850 1.04022E+014 
8900 1.03574E+014 
8950 1.03124E+014 
9000 1.02674E+014 
9050 1.02223E+014 
9100 1.01772E+014 
9150 1.0132E+014 
9200 1.00868E+014 
9250 1.00415E+014 
9300 9.99623E+013 
9350 9.9509E+013 
9400 9.90555E+013 
9450 9.86018E+013 
9500 9.8148E+013 
9550 9.7694E+013 
9600 9.72399E+013 
9650 9.67859E+013 
9700 9.63318E+013 
9750 9.58778E+013 
9800 9.54239E+013 
9850 9.49701E+013 
9900 9.45166E+013 
9950 9.40632E+013 
10000 9.361E+013 
10050 9.31572E+013 
10100 9.27046E+013 
10150 9.22524E+013 
10200 9.18006E+013 
10250 9.13493E+013 
10300 9.08983E+013 
10350 9.04479E+013 
10400 8.9998E+013 
10450 8.95486E+013 
10500 8.90998E+013 
10550 8.86516E+013 
10600 8.8204E+013 
10650 8.77571E+013 
10700 8.73109E+013 
10750 8.68654E+013 
10800 8.64206E+013 
10850 8.59767E+013 
10900 8.55335E+013 
10950 8.50911E+013 
11000 8.46496E+013 
11050 8.42089E+013 
11100 8.37691E+013 
11150 8.33302E+013 
11200 8.28923E+013 
11250 8.24553E+013 
11300 8.20193E+013 
11350 8.15843E+013 
11400 8.11503E+013 
11450 8.07173E+013 
11500 8.02854E+013 
11550 7.98545E+013 
11600 7.94248E+013 
11650 7.89961E+013 
11700 7.85686E+013 
11750 7.81422E+013 
11800 7.7717E+013 
11850 7.72929E+013 
11900 7.68701E+013 
11950 7.64484E+013 
12000 7.6028E+013 
12050 7.56087E+013 
12100 7.51908E+013 
12150 7.47741E+013 
12200 7.43586E+013 
12250 7.39445E+013 
12300 7.35316E+013 
12350 7.31201E+013 
12400 7.27099E+013 
12450 7.2301E+013 
12500 7.18935E+013 
12550 7.14873E+013 
12600 7.10825E+013 
12650 7.0679E+013 
12700 7.0277E+013 
12750 6.98763E+013 
12800 6.9477E+013 
12850 6.90792E+013 
12900 6.86828E+013 
12950 6.82877E+013 
13000 6.78942E+013 
13050 6.75021E+013 
13100 6.71114E+013 
13150 6.67222E+013 
13200 6.63344E+013 
13250 6.59482E+013 
13300 6.55634E+013 
13350 6.51801E+013 
13400 6.47983E+013 
13450 6.44179E+013 
13500 6.40391E+013 
13550 6.36618E+013 
13600 6.3286E+013 
13650 6.29117E+013 
13700 6.2539E+013 
13750 6.21678E+013 
13800 6.1798E+013 
13850 6.14299E+013 
13900 6.10632E+013 
13950 6.06981E+013 
14000 6.03346E+013 
14050 5.99725E+013 
14100 5.96121E+013 
14150 5.92532E+013 
14200 5.88958E+013 
14250 5.854E+013 
14300 5.81858E+013 
14350 5.78331E+013 
14400 5.7482E+013 
14450 5.71324E+013 
14500 5.67844E+013 
14550 5.6438E+013 
14600 5.60931E+013 
14650 5.57498E+013 
14700 5.54081E+013 
14750 5.50679E+013 
14800 5.47293E+013 
14850 5.43923E+013 
14900 5.40568E+013 
14950 5.37229E+013 
15000 5.33906E+013 
15050 5.30598E+013 
15100 5.27306E+013 
15150 5.2403E+013 
15200 5.2077E+013 
15250 5.17525E+013 
15300 5.14296E+013 
15350 5.11082E+013 
15400 5.07884E+013 
15450 5.04702E+013 
15500 5.01535E+013 
15550 4.98384E+013 
15600 4.95248E+013 
15650 4.92128E+013 
15700 4.89024E+013 
15750 4.85934E+013 
15800 4.82861E+013 
15850 4.79803E+013 
15900 4.7676E+013 
15950 4.73733E+013 
16000 4.70721E+013 
16050 4.67725E+013 
16100 4.64744E+013 
16150 4.61778E+013 
16200 4.58827E+013 
16250 4.55892E+013 
16300 4.52972E+013 
16350 4.50067E+013 
16400 4.47178E+013 
16450 4.44303E+013 
16500 4.41444E+013 
16550 4.386E+013 
16600 4.3577E+013 
16650 4.32956E+013 
16700 4.30157E+013 
16750 4.27372E+013 
16800 4.24603E+013 
16850 4.21848E+013 
16900 4.19109E+013 
16950 4.16384E+013 
17000 4.13673E+013 
17050 4.10978E+013 
17100 4.08297E+013 
17150 4.05631E+013 
17200 4.02979E+013 
17250 4.00342E+013 
17300 3.97719E+013 
17350 3.95111E+013 
17400 3.92517E+013 
17450 3.89938E+013 
17500 3.87373E+013 
17550 3.84822E+013 
17600 3.82285E+013 
17650 3.79763E+013 
17700 3.77255E+013 
17750 3.7476E+013 
17800 3.7228E+013 
17850 3.69814E+013 
17900 3.67362E+013 
17950 3.64924E+013 
18000 3.625E+013 
18050 3.60089E+013 
18100 3.57692E+013 
18150 3.55309E+013 
18200 3.5294E+013 
18250 3.50584E+013 
18300 3.48242E+013 
18350 3.45913E+013 
18400 3.43598E+013 
18450 3.41296E+013 
18500 3.39007E+013 
18550 3.36732E+013 
18600 3.3447E+013 
18650 3.32222E+013 
18700 3.29986E+013 
18750 3.27764E+013 
18800 3.25555E+013 
18850 3.23358E+013 
18900 3.21175E+013 
18950 3.19005E+013 
19000 3.16847E+013 
19050 3.14702E+013 
19100 3.1257E+013 
19150 3.10451E+013 
19200 3.08344E+013 
19250 3.0625E+013 
19300 3.04168E+013 
19350 3.02099E+013 
19400 3.00042E+013 
19450 2.97998E+013 
19500 2.95966E+013 
19550 2.93946E+013 
19600 2.91939E+013 
19650 2.89943E+013 
19700 2.8796E+013 
19750 2.85989E+013 
19800 2.8403E+013 
19850 2.82083E+013 
19900 2.80147E+013 
19950 2.78224E+013 
20000 2.76312E+013 
20050 2.74412E+013 
20100 2.72523E+013 
20150 2.70647E+013 
20200 2.68782E+013 
20250 2.66928E+013 
20300 2.65086E+013 
20350 2.63255E+013 
20400 2.61435E+013 
20450 2.59627E+013 
20500 2.5783E+013 
20550 2.56045E+013 
20600 2.5427E+013 
20650 2.52506E+013 
20700 2.50754E+013 
20750 2.49012E+013 
20800 2.47282E+013 
20850 2.45562E+013 
20900 2.43853E+013 
20950 2.42155E+013 
21000 2.40468E+013 
21050 2.38791E+013 
21100 2.37125E+013 
21150 2.35469E+013 
21200 2.33824E+013 
21250 2.32189E+013 
21300 2.30565E+013 
21350 2.28951E+013 
21400 2.27347E+013 
21450 2.25753E+013 
21500 2.2417E+013 
21550 2.22597E+013 
21600 2.21034E+013 
21650 2.1948E+013 
21700 2.17937E+013 
21750 2.16404E+013 
21800 2.14881E+013 
21850 2.13367E+013 
21900 2.11863E+013 
21950 2.10369E+013 
22000 2.08884E+013 
22050 2.0741E+013 
22100 2.05944E+013 
22150 2.04488E+013 
22200 2.03042E+013 
22250 2.01605E+013 
22300 2.00177E+013 
22350 1.98759E+013 
22400 1.9735E+013 
22450 1.9595E+013 
22500 1.94559E+013 
22550 1.93177E+013 
22600 1.91805E+013 
22650 1.90441E+013 
22700 1.89087E+013 
22750 1.87741E+013 
22800 1.86404E+013 
22850 1.85076E+013 
22900 1.83756E+013 
22950 1.82445E+013 
23000 1.81143E+013 
23050 1.7985E+013 
23100 1.78565E+013 
23150 1.77289E+013 
23200 1.76021E+013 
23250 1.74761E+013 
23300 1.7351E+013 
23350 1.72267E+013 
23400 1.71032E+013 
23450 1.69806E+013 
23500 1.68588E+013 
23550 1.67378E+013 
23600 1.66176E+013 
23650 1.64982E+013 
23700 1.63796E+013 
23750 1.62618E+013 
23800 1.61448E+013 
23850 1.60285E+013 
23900 1.59131E+013 
23950 1.57984E+013 
24000 1.56845E+013 
24050 1.55714E+013 
24100 1.5459E+013 
24150 1.53474E+013 
24200 1.52365E+013 
24250 1.51264E+013 
24300 1.5017E+013 
24350 1.49084E+013 
24400 1.48005E+013 
24450 1.46933E+013 
24500 1.45869E+013 
24550 1.44812E+013 
24600 1.43762E+013 
24650 1.42719E+013 
24700 1.41683E+013 
24750 1.40654E+013 
24800 1.39633E+013 
24850 1.38618E+013 
24900 1.3761E+013 
24950 1.36609E+013 
25000 1.35615E+013 
25050 1.34628E+013 
25100 1.33648E+013 
25150 1.32674E+013 
25200 1.31707E+013 
25250 1.30746E+013 
25300 1.29792E+013 
25350 1.28845E+013 
25400 1.27904E+013 
25450 1.2697E+013 
25500 1.26042E+013 
25550 1.2512E+013 
25600 1.24205E+013 
25650 1.23296E+013 
25700 1.22394E+013 
25750 1.21497E+013 
25800 1.20607E+013 
25850 1.19723E+013 
25900 1.18845E+013 
25950 1.17974E+013 
26000 1.17108E+013 
26050 1.16248E+013 
26100 1.15394E+013 
26150 1.14547E+013 
26200 1.13705E+013 
26250 1.12869E+013 
26300 1.12039E+013 
26350 1.11214E+013 
26400 1.10395E+013 
26450 1.09582E+013 
26500 1.08775E+013 
26550 1.07973E+013 
26600 1.07177E+013 
26650 1.06387E+013 
26700 1.05602E+013 
26750 1.04823E+013 
26800 1.04048E+013 
26850 1.0328E+013 
26900 1.02517E+013 
26950 1.01759E+013 
27000 1.01006E+013 
27050 1.00259E+013 
27100 9.95173E+012 
27150 9.87806E+012 
27200 9.80491E+012 
27250 9.73227E+012 
27300 9.66014E+012 
27350 9.58853E+012 
27400 9.51742E+012 
27450 9.44681E+012 
27500 9.3767E+012 
27550 9.30709E+012 
27600 9.23797E+012 
27650 9.16933E+012 
27700 9.10119E+012 
27750 9.03353E+012 
27800 8.96635E+012 
27850 8.89964E+012 
27900 8.83341E+012 
27950 8.76765E+012 
28000 8.70236E+012 
28050 8.63753E+012 
28100 8.57316E+012 
28150 8.50925E+012 
28200 8.4458E+012 
28250 8.3828E+012 
28300 8.32024E+012 
28350 8.25814E+012 
28400 8.19647E+012 
28450 8.13525E+012 
28500 8.07447E+012 
28550 8.01412E+012 
28600 7.9542E+012 
28650 7.89471E+012 
28700 7.83565E+012 
28750 7.77701E+012 
28800 7.71879E+012 
28850 7.66099E+012 
28900 7.60361E+012 
28950 7.54663E+012 
29000 7.49007E+012 
29050 7.43391E+012 
29100 7.37815E+012 
29150 7.3228E+012 
29200 7.26784E+012 
29250 7.21328E+012 
29300 7.15912E+012 
29350 7.10534E+012 
29400 7.05196E+012 
29450 6.99895E+012 
29500 6.94633E+012 
29550 6.89409E+012 
29600 6.84223E+012 
29650 6.79074E+012 
29700 6.73963E+012 
29750 6.68889E+012 
29800 6.63851E+012 
29850 6.5885E+012 
29900 6.53884E+012 
29950 6.48956E+012 
30000 6.44062E+012 
30050 6.39204E+012 
30100 6.34382E+012 
30150 6.29594E+012 
30200 6.24842E+012 
30250 6.20124E+012 
30300 6.1544E+012 
30350 6.1079E+012 
30400 6.06174E+012 
30450 6.01592E+012 
30500 5.97043E+012 
30550 5.92527E+012 
30600 5.88045E+012 
30650 5.83595E+012 
30700 5.79177E+012 
30750 5.74792E+012 
30800 5.70438E+012 
30850 5.66117E+012 
30900 5.61827E+012 
30950 5.57568E+012 
31000 5.53341E+012 
31050 5.49144E+012 
31100 5.44979E+012 
31150 5.40843E+012 
31200 5.36738E+012 
31250 5.32664E+012 
31300 5.28619E+012 
31350 5.24604E+012 
31400 5.20618E+012 
31450 5.16661E+012 
31500 5.12734E+012 
31550 5.08835E+012 
31600 5.04965E+012 
31650 5.01124E+012 
31700 4.97311E+012 
31750 4.93526E+012 
31800 4.89768E+012 
31850 4.86039E+012 
31900 4.82337E+012 
31950 4.78662E+012 
32000 4.75014E+012 
32050 4.71393E+012 
32100 4.67799E+012 
32150 4.64232E+012 
32200 4.60691E+012 
32250 4.57176E+012 
32300 4.53687E+012 
32350 4.50223E+012 
32400 4.46786E+012 
32450 4.43374E+012 
32500 4.39987E+012 
32550 4.36625E+012 
32600 4.33288E+012 
32650 4.29976E+012 
32700 4.26688E+012 
32750 4.23425E+012 
32800 4.20186E+012 
32850 4.16971E+012 
32900 4.13779E+012 
32950 4.10612E+012 
33000 4.07468E+012 
33050 4.04347E+012 
33100 4.0125E+012 
33150 3.98176E+012 
33200 3.95124E+012 
33250 3.92095E+012 
33300 3.89089E+012 
33350 3.86105E+012 
33400 3.83144E+012 
33450 3.80204E+012 
33500 3.77287E+012 
33550 3.74391E+012 
33600 3.71516E+012 
33650 3.68664E+012 
33700 3.65832E+012 
33750 3.63022E+012 
33800 3.60232E+012 
33850 3.57464E+012 
33900 3.54716E+012 
33950 3.51988E+012 
34000 3.49281E+012 
34050 3.46595E+012 
34100 3.43928E+012 
34150 3.41281E+012 
34200 3.38655E+012 
34250 3.36048E+012 
34300 3.3346E+012 
34350 3.30892E+012 
34400 3.28343E+012 
34450 3.25813E+012 
34500 3.23302E+012 
34550 3.2081E+012 
34600 3.18337E+012 
34650 3.15882E+012 
34700 3.13446E+012 
34750 3.11028E+012 
34800 3.08628E+012 
34850 3.06246E+012 
34900 3.03882E+012 
34950 3.01536E+012 
35000 2.99207E+012 
35050 2.96896E+012 
35100 2.94603E+012 
35150 2.92327E+012 
35200 2.90068E+012 
35250 2.87825E+012 
35300 2.856E+012 
35350 2.83392E+012 
35400 2.812E+012 
35450 2.79025E+012 
35500 2.76866E+012 
35550 2.74723E+012 
35600 2.72597E+012 
35650 2.70487E+012 
35700 2.68392E+012 
35750 2.66314E+012 
35800 2.64251E+012 
35850 2.62204E+012 
35900 2.60172E+012 
35950 2.58156E+012 
36000 2.56155E+012 
36050 2.54169E+012 
36100 2.52198E+012 
36150 2.50242E+012 
36200 2.483E+012 
36250 2.46374E+012 
36300 2.44462E+012 
36350 2.42565E+012 
36400 2.40682E+012 
36450 2.38813E+012 
36500 2.36958E+012 
36550 2.35118E+012 
36600 2.33292E+012 
36650 2.31479E+012 
36700 2.2968E+012 
36750 2.27895E+012 
36800 2.26123E+012 
36850 2.24365E+012 
36900 2.2262E+012 
36950 2.20889E+012 
37000 2.1917E+012 
37050 2.17465E+012 
37100 2.15773E+012 
37150 2.14093E+012 
37200 2.12427E+012 
37250 2.10773E+012 
37300 2.09131E+012 
37350 2.07503E+012 
37400 2.05886E+012 
37450 2.04282E+012 
37500 2.0269E+012 
37550 2.01111E+012 
37600 1.99543E+012 
37650 1.97987E+012 
37700 1.96443E+012 
37750 1.94911E+012 
37800 1.93391E+012 
37850 1.91882E+012 
37900 1.90385E+012 
37950 1.88899E+012 
38000 1.87425E+012 
38050 1.85962E+012 
38100 1.8451E+012 
38150 1.83069E+012 
38200 1.81639E+012 
38250 1.8022E+012 
38300 1.78812E+012 
38350 1.77415E+012 
38400 1.76028E+012 
38450 1.74652E+012 
38500 1.73287E+012 
38550 1.71932E+012 
38600 1.70588E+012 
38650 1.69253E+012 
38700 1.67929E+012 
38750 1.66616E+012 
38800 1.65312E+012 
38850 1.64018E+012 
38900 1.62734E+012 
38950 1.6146E+012 
39000 1.60196E+012 
39050 1.58941E+012 
39100 1.57697E+012 
39150 1.56461E+012 
39200 1.55236E+012 
39250 1.54019E+012 
39300 1.52812E+012 
39350 1.51614E+012 
39400 1.50426E+012 
39450 1.49246E+012 
39500 1.48076E+012 
39550 1.46915E+012 
39600 1.45763E+012 
39650 1.44619E+012 
39700 1.43484E+012 
39750 1.42358E+012 
39800 1.41241E+012 
39850 1.40132E+012 
39900 1.39032E+012 
39950 1.37941E+012 
40000 1.36858E+012 
40050 1.35783E+012 
40100 1.34716E+012 
40150 1.33658E+012 
40200 1.32608E+012 
40250 1.31565E+012 
40300 1.30531E+012 
40350 1.29505E+012 
40400 1.28487E+012 
40450 1.27477E+012 
40500 1.26475E+012 
40550 1.2548E+012 
40600 1.24493E+012 
40650 1.23513E+012 
40700 1.22542E+012 
40750 1.21577E+012 
40800 1.20621E+012 
40850 1.19671E+012 
40900 1.18729E+012 
40950 1.17794E+012 
41000 1.16867E+012 
41050 1.15946E+012 
41100 1.15033E+012 
41150 1.14127E+012 
41200 1.13228E+012 
41250 1.12335E+012 
41300 1.1145E+012 
41350 1.10572E+012 
41400 1.097E+012 
41450 1.08835E+012 
41500 1.07977E+012 
41550 1.07126E+012 
41600 1.06281E+012 
41650 1.05442E+012 
41700 1.04611E+012 
41750 1.03785E+012 
41800 1.02966E+012 
41850 1.02154E+012 
41900 1.01347E+012 
41950 1.00547E+012 
42000 9.97535E+011 
42050 9.89659E+011 
42100 9.81844E+011 
42150 9.74089E+011 
42200 9.66395E+011 
42250 9.5876E+011 
42300 9.51186E+011 
42350 9.43669E+011 
42400 9.36212E+011 
42450 9.28812E+011 
42500 9.2147E+011 
42550 9.14185E+011 
42600 9.06957E+011 
42650 8.99785E+011 
42700 8.9267E+011 
42750 8.85609E+011 
42800 8.78603E+011 
42850 8.71652E+011 
42900 8.64756E+011 
42950 8.57913E+011 
43000 8.51123E+011 
43050 8.44386E+011 
43100 8.37702E+011 
43150 8.3107E+011 
43200 8.24489E+011 
43250 8.1796E+011 
43300 8.11482E+011 
43350 8.05055E+011 
43400 7.98677E+011 
43450 7.9235E+011 
43500 7.86072E+011 
43550 7.79842E+011 
43600 7.73662E+011 
43650 7.6753E+011 
43700 7.61445E+011 
43750 7.55409E+011 
43800 7.49419E+011 
43850 7.43476E+011 
43900 7.3758E+011 
43950 7.3173E+011 
44000 7.25926E+011 
44050 7.20167E+011 
44100 7.14453E+011 
44150 7.08783E+011 
44200 7.03158E+011 
44250 6.97578E+011 
44300 6.9204E+011 
44350 6.86547E+011 
44400 6.81096E+011 
44450 6.75688E+011 
44500 6.70322E+011 
44550 6.64998E+011 
44600 6.59716E+011 
44650 6.54476E+011 
44700 6.49276E+011 
44750 6.44117E+011 
44800 6.38999E+011 
44850 6.3392E+011 
44900 6.28882E+011 
44950 6.23883E+011 
45000 6.18923E+011 
45050 6.14003E+011 
45100 6.09121E+011 
45150 6.04277E+011 
45200 5.99471E+011 
45250 5.94703E+011 
45300 5.89972E+011 
45350 5.85279E+011 
45400 5.80622E+011 
45450 5.76002E+011 
45500 5.71418E+011 
45550 5.6687E+011 
45600 5.62358E+011 
45650 5.57881E+011 
45700 5.5344E+011 
45750 5.49034E+011 
45800 5.44662E+011 
45850 5.40324E+011 
45900 5.36021E+011 
45950 5.31751E+011 
46000 5.27515E+011 
46050 5.23313E+011 
46100 5.19143E+011 
46150 5.15006E+011 
46200 5.10902E+011 
46250 5.0683E+011 
46300 5.02791E+011 
46350 4.98783E+011 
46400 4.94806E+011 
46450 4.90861E+011 
46500 4.86947E+011 
46550 4.83064E+011 
46600 4.79211E+011 
46650 4.75389E+011 
46700 4.71597E+011 
46750 4.67835E+011 
46800 4.64102E+011 
46850 4.60399E+011 
46900 4.56725E+011 
46950 4.5308E+011 
47000 4.49463E+011 
47050 4.45876E+011 
47100 4.42316E+011 
47150 4.38785E+011 
47200 4.35282E+011 
47250 4.31806E+011 
47300 4.28357E+011 
47350 4.24936E+011 
47400 4.21542E+011 
47450 4.18175E+011 
47500 4.14834E+011 
47550 4.1152E+011 
47600 4.08231E+011 
47650 4.04969E+011 
47700 4.01733E+011 
47750 3.98522E+011 
47800 3.95336E+011 
47850 3.92176E+011 
47900 3.89041E+011 
47950 3.8593E+011 
48000 3.82844E+011 
48050 3.79783E+011 
48100 3.76745E+011 
48150 3.73732E+011 
48200 3.70743E+011 
48250 3.67777E+011 
48300 3.64834E+011 
48350 3.61915E+011 
48400 3.5902E+011 
48450 3.56146E+011 
48500 3.53296E+011 
48550 3.50468E+011 
48600 3.47663E+011 
48650 3.4488E+011 
48700 3.42119E+011 
48750 3.3938E+011 
48800 3.36662E+011 
48850 3.33966E+011 
48900 3.31291E+011 
48950 3.28638E+011 
49000 3.26006E+011 
49050 3.23394E+011 
49100 3.20803E+011 
49150 3.18233E+011 
49200 3.15683E+011 
49250 3.13153E+011 
49300 3.10644E+011 
49350 3.08154E+011 
49400 3.05684E+011 
49450 3.03234E+011 
49500 3.00803E+011 
49550 2.98391E+011 
49600 2.95999E+011 
49650 2.93625E+011 
49700 2.9127E+011 
49750 2.88935E+011 
49800 2.86617E+011 
49850 2.84318E+011 
49900 2.82037E+011 
49950 2.79775E+011 
50000 2.7753E+011 
50050 2.75303E+011 
50100 2.73094E+011 
50150 2.70902E+011 
50200 2.68728E+011 
50250 2.66571E+011 
50300 2.64432E+011 
50350 2.62309E+011 
50400 2.60203E+011 
50450 2.58114E+011 
50500 2.56041E+011 
50550 2.53985E+011 
50600 2.51945E+011 
50650 2.49922E+011 
50700 2.47914E+011 
50750 2.45923E+011 
50800 2.43948E+011 
50850 2.41988E+011 
50900 2.40044E+011 
50950 2.38115E+011 
51000 2.36201E+011 
51050 2.34303E+011 
51100 2.3242E+011 
51150 2.30552E+011 
51200 2.28699E+011 
51250 2.2686E+011 
51300 2.25037E+011 
51350 2.23227E+011 
51400 2.21432E+011 
51450 2.19652E+011 
51500 2.17885E+011 
51550 2.16133E+011 
51600 2.14395E+011 
51650 2.1267E+011 
51700 2.10959E+011 
51750 2.09262E+011 
51800 2.07579E+011 
51850 2.05909E+011 
51900 2.04252E+011 
51950 2.02608E+011 
52000 2.00978E+011 
52050 1.9936E+011 
52100 1.97756E+011 
52150 1.96164E+011 
52200 1.94585E+011 
52250 1.93018E+011 
52300 1.91464E+011 
52350 1.89923E+011 
52400 1.88393E+011 
52450 1.86876E+011 
52500 1.85371E+011 
52550 1.83878E+011 
52600 1.82397E+011 
52650 1.80928E+011 
52700 1.7947E+011 
52750 1.78025E+011 
52800 1.7659E+011 
52850 1.75168E+011 
52900 1.73756E+011 
52950 1.72356E+011 
53000 1.70967E+011 
53050 1.69589E+011 
53100 1.68222E+011 
53150 1.66866E+011 
53200 1.65521E+011 
53250 1.64187E+011 
53300 1.62863E+011 
53350 1.6155E+011 
53400 1.60247E+011 
53450 1.58955E+011 
53500 1.57673E+011 
53550 1.56402E+011 
53600 1.5514E+011 
53650 1.53889E+011 
53700 1.52647E+011 
53750 1.51416E+011 
53800 1.50194E+011 
53850 1.48983E+011 
53900 1.47781E+011 
53950 1.46588E+011 
54000 1.45405E+011 
54050 1.44232E+011 
54100 1.43068E+011 
54150 1.41913E+011 
54200 1.40767E+011 
54250 1.39631E+011 
54300 1.38504E+011 
54350 1.37386E+011 
54400 1.36277E+011 
54450 1.35176E+011 
54500 1.34085E+011 
54550 1.33002E+011 
54600 1.31928E+011 
54650 1.30862E+011 
54700 1.29805E+011 
54750 1.28757E+011 
54800 1.27717E+011 
54850 1.26685E+011 
54900 1.25662E+011 
54950 1.24646E+011 
55000 1.23639E+011 
55050 1.2264E+011 
55100 1.21649E+011 
55150 1.20666E+011 
55200 1.19691E+011 
55250 1.18723E+011 
55300 1.17764E+011 
55350 1.16812E+011 
55400 1.15867E+011 
55450 1.14931E+011 
55500 1.14002E+011 
55550 1.1308E+011 
55600 1.12165E+011 
55650 1.11258E+011 
55700 1.10359E+011 
55750 1.09466E+011 
55800 1.08581E+011 
55850 1.07703E+011 
55900 1.06832E+011 
55950 1.05967E+011 
56000 1.0511E+011 
56050 1.0426E+011 
56100 1.03416E+011 
56150 1.02579E+011 
56200 1.01749E+011 
56250 1.00926E+011 
56300 1.00109E+011 
56350 9.92991E+010 
56400 9.84955E+010 
56450 9.76982E+010 
56500 9.69074E+010 
56550 9.6123E+010 
56600 9.53449E+010 
56650 9.4573E+010 
56700 9.38073E+010 
56750 9.30478E+010 
56800 9.22943E+010 
56850 9.1547E+010 
56900 9.08056E+010 
56950 9.00702E+010 
57000 8.93408E+010 
57050 8.86171E+010 
57100 8.78994E+010 
57150 8.71874E+010 
57200 8.64811E+010 
57250 8.57805E+010 
57300 8.50855E+010 
57350 8.43961E+010 
57400 8.37123E+010 
57450 8.3034E+010 
57500 8.23611E+010 
57550 8.16937E+010 
57600 8.10316E+010 
57650 8.03749E+010 
57700 7.97234E+010 
57750 7.90772E+010 
57800 7.84362E+010 
57850 7.78004E+010 
57900 7.71696E+010 
57950 7.6544E+010 
58000 7.59234E+010 
58050 7.53078E+010 
58100 7.46971E+010 
58150 7.40914E+010 
58200 7.34906E+010 
58250 7.28946E+010 
58300 7.23034E+010 
58350 7.17169E+010 
58400 7.11352E+010 
58450 7.05582E+010 
58500 6.99858E+010 
58550 6.94181E+010 
58600 6.88549E+010 
58650 6.82962E+010 
58700 6.77421E+010 
58750 6.71924E+010 
58800 6.66472E+010 
58850 6.61064E+010 
58900 6.55699E+010 
58950 6.50377E+010 
59000 6.45099E+010 
59050 6.39863E+010 
59100 6.34669E+010 
59150 6.29517E+010 
59200 6.24406E+010 
59250 6.19337E+010 
59300 6.14309E+010 
59350 6.09322E+010 
59400 6.04374E+010 
59450 5.99467E+010 
59500 5.94599E+010 
59550 5.8977E+010 
59600 5.84981E+010 
59650 5.8023E+010 
59700 5.75517E+010 
59750 5.70843E+010 
59800 5.66206E+010 
59850 5.61606E+010 
59900 5.57044E+010 
59950 5.52519E+010 
60000 5.4803E+010 
60050 5.43577E+010 
60100 5.39161E+010 
60150 5.3478E+010 
60200 5.30434E+010 
60250 5.26124E+010 
60300 5.21848E+010 
60350 5.17607E+010 
60400 5.13401E+010 
60450 5.09228E+010 
60500 5.05089E+010 
60550 5.00983E+010 
60600 4.9691E+010 
60650 4.92871E+010 
60700 4.88864E+010 
60750 4.8489E+010 
60800 4.80947E+010 
60850 4.77037E+010 
60900 4.73158E+010 
60950 4.6931E+010 
61000 4.65494E+010 
61050 4.61708E+010 
61100 4.57953E+010 
61150 4.54229E+010 
61200 4.50534E+010 
61250 4.4687E+010 
61300 4.43235E+010 
61350 4.39629E+010 
61400 4.36053E+010 
61450 4.32505E+010 
61500 4.28987E+010 
61550 4.25496E+010 
61600 4.22034E+010 
61650 4.186E+010 
61700 4.15194E+010 
61750 4.11816E+010 
61800 4.08464E+010 
61850 4.0514E+010 
61900 4.01843E+010 
61950 3.98572E+010 
62000 3.95328E+010 
62050 3.9211E+010 
62100 3.88919E+010 
62150 3.85753E+010 
62200 3.82612E+010 
62250 3.79497E+010 
62300 3.76408E+010 
62350 3.73343E+010 
62400 3.70303E+010 
62450 3.67288E+010 
62500 3.64297E+010 
62550 3.61331E+010 
62600 3.58388E+010 
62650 3.5547E+010 
62700 3.52575E+010 
62750 3.49703E+010 
62800 3.46855E+010 
62850 3.44029E+010 
62900 3.41227E+010 
62950 3.38447E+010 
63000 3.3569E+010 
63050 3.32956E+010 
63100 3.30243E+010 
63150 3.27552E+010 
63200 3.24884E+010 
63250 3.22236E+010 
63300 3.19611E+010 
63350 3.17006E+010 
63400 3.14423E+010 
63450 3.11861E+010 
63500 3.09319E+010 
63550 3.06798E+010 
63600 3.04298E+010 
63650 3.01817E+010 
63700 2.99357E+010 
63750 2.96917E+010 
63800 2.94497E+010 
63850 2.92096E+010 
63900 2.89715E+010 
63950 2.87353E+010 
64000 2.8501E+010 
64050 2.82686E+010 
64100 2.80381E+010 
64150 2.78095E+010 
64200 2.75827E+010 
64250 2.73578E+010 
64300 2.71347E+010 
64350 2.69134E+010 
64400 2.66939E+010 
64450 2.64762E+010 
64500 2.62603E+010 
64550 2.60461E+010 
64600 2.58336E+010 
64650 2.56229E+010 
64700 2.54139E+010 
64750 2.52065E+010 
64800 2.50009E+010 
64850 2.47969E+010 
64900 2.45946E+010 
64950 2.43939E+010 
65000 2.41949E+010 
65050 2.39975E+010 
65100 2.38017E+010 
65150 2.36074E+010 
65200 2.34148E+010 
65250 2.32237E+010 
65300 2.30342E+010 
65350 2.28462E+010 
65400 2.26597E+010 
65450 2.24747E+010 
65500 2.22913E+010 
65550 2.21093E+010 
65600 2.19288E+010 
65650 2.17498E+010 
65700 2.15723E+010 
65750 2.13962E+010 
65800 2.12215E+010 
65850 2.10482E+010 
65900 2.08763E+010 
65950 2.07059E+010 
66000 2.05368E+010 
66050 2.03691E+010 
66100 2.02028E+010 
66150 2.00378E+010 
66200 1.98742E+010 
66250 1.97118E+010 
66300 1.95508E+010 
66350 1.93912E+010 
66400 1.92328E+010 
66450 1.90757E+010 
66500 1.89199E+010 
66550 1.87653E+010 
66600 1.8612E+010 
66650 1.846E+010 
66700 1.83092E+010 
66750 1.81596E+010 
66800 1.80112E+010 
66850 1.7864E+010 
66900 1.77181E+010 
66950 1.75733E+010 
67000 1.74297E+010 
67050 1.72873E+010 
67100 1.7146E+010 
67150 1.70059E+010 
67200 1.68669E+010 
67250 1.6729E+010 
67300 1.65923E+010 
67350 1.64567E+010 
67400 1.63222E+010 
67450 1.61888E+010 
67500 1.60564E+010 
67550 1.59252E+010 
67600 1.5795E+010 
67650 1.56659E+010 
67700 1.55378E+010 
67750 1.54108E+010 
67800 1.52848E+010 
67850 1.51598E+010 
67900 1.50358E+010 
67950 1.49129E+010 
68000 1.4791E+010 
68050 1.467E+010 
68100 1.455E+010 
68150 1.44311E+010 
68200 1.43131E+010 
68250 1.4196E+010 
68300 1.40799E+010 
68350 1.39647E+010 
68400 1.38505E+010 
68450 1.37372E+010 
68500 1.36249E+010 
68550 1.35134E+010 
68600 1.34029E+010 
68650 1.32932E+010 
68700 1.31845E+010 
68750 1.30766E+010 
68800 1.29696E+010 
68850 1.28635E+010 
68900 1.27583E+010 
68950 1.26539E+010 
69000 1.25503E+010 
69050 1.24476E+010 
69100 1.23458E+010 
69150 1.22448E+010 
69200 1.21445E+010 
69250 1.20452E+010 
69300 1.19466E+010 
69350 1.18488E+010 
69400 1.17518E+010 
69450 1.16557E+010 
69500 1.15603E+010 
69550 1.14656E+010 
69600 1.13718E+010 
69650 1.12787E+010 
69700 1.11864E+010 
69750 1.10948E+010 
69800 1.1004E+010 
69850 1.09139E+010 
69900 1.08245E+010 
69950 1.07359E+010 
70000 1.0648E+010 
70050 1.05608E+010 
70100 1.04743E+010 
70150 1.03886E+010 
70200 1.03035E+010 
70250 1.02192E+010 
70300 1.01355E+010 
70350 1.00525E+010 
70400 9.97014E+009 
70450 9.88848E+009 
70500 9.8075E+009 
70550 9.72717E+009 
70600 9.6475E+009 
70650 9.56848E+009 
70700 9.49011E+009 
70750 9.41237E+009 
70800 9.33527E+009 
70850 9.2588E+009 
70900 9.18295E+009 
70950 9.10772E+009 
71000 9.03311E+009 
71050 8.95911E+009 
71100 8.8857E+009 
71150 8.8129E+009 
71200 8.7407E+009 
71250 8.66908E+009 
71300 8.59805E+009 
71350 8.52759E+009 
71400 8.45772E+009 
71450 8.38841E+009 
71500 8.31967E+009 
71550 8.25149E+009 
71600 8.18386E+009 
71650 8.11679E+009 
71700 8.05027E+009 
71750 7.98429E+009 
71800 7.91885E+009 
71850 7.85394E+009 
71900 7.78957E+009 
71950 7.72572E+009 
72000 7.66239E+009 
72050 7.59958E+009 
72100 7.53728E+009 
72150 7.47549E+009 
72200 7.41421E+009 
72250 7.35342E+009 
72300 7.29314E+009 
72350 7.23334E+009 
72400 7.17404E+009 
72450 7.11522E+009 
72500 7.05688E+009 
72550 6.99901E+009 
72600 6.94162E+009 
72650 6.8847E+009 
72700 6.82824E+009 
72750 6.77225E+009 
72800 6.71671E+009 
72850 6.66163E+009 
72900 6.607E+009 
72950 6.55281E+009 
73000 6.49907E+009 
73050 6.44576E+009 
73100 6.39289E+009 
73150 6.34046E+009 
73200 6.28845E+009 
73250 6.23687E+009 
73300 6.18571E+009 
73350 6.13497E+009 
73400 6.08464E+009 
73450 6.03472E+009 
73500 5.98521E+009 
73550 5.93611E+009 
73600 5.88741E+009 
73650 5.83911E+009 
73700 5.7912E+009 
73750 5.74368E+009 
73800 5.69656E+009 
73850 5.64982E+009 
73900 5.60345E+009 
73950 5.55747E+009 
74000 5.51187E+009 
74050 5.46664E+009 
74100 5.42178E+009 
74150 5.37728E+009 
74200 5.33315E+009 
74250 5.28938E+009 
74300 5.24597E+009 
74350 5.20292E+009 
74400 5.16022E+009 
74450 5.11786E+009 
74500 5.07585E+009 
74550 5.03419E+009 
74600 4.99287E+009 
74650 4.95188E+009 
74700 4.91123E+009 
74750 4.87092E+009 
74800 4.83093E+009 
74850 4.79127E+009 
74900 4.75194E+009 
74950 4.71292E+009 
75000 4.67423E+009 
75050 4.63585E+009 
75100 4.59779E+009 
75150 4.56004E+009 
75200 4.5226E+009 
75250 4.48546E+009 
75300 4.44863E+009 
75350 4.4121E+009 
75400 4.37587E+009 
75450 4.33994E+009 
75500 4.3043E+009 
75550 4.26895E+009 
75600 4.23389E+009 
75650 4.19912E+009 
75700 4.16463E+009 
75750 4.13043E+009 
75800 4.0965E+009 
75850 4.06286E+009 
75900 4.02949E+009 
75950 3.99639E+009 
76000 3.96356E+009 
76050 3.931E+009 
76100 3.89871E+009 
76150 3.86669E+009 
76200 3.83492E+009 
76250 3.80342E+009 
76300 3.77217E+009 
76350 3.74118E+009 
76400 3.71045E+009 
76450 3.67996E+009 
76500 3.64973E+009 
76550 3.61974E+009 
76600 3.59E+009 
76650 3.5605E+009 
76700 3.53125E+009 
76750 3.50223E+009 
76800 3.47345E+009 
76850 3.44491E+009 
76900 3.4166E+009 
76950 3.38853E+009 
77000 3.36068E+009 
77050 3.33306E+009 
77100 3.30567E+009 
77150 3.2785E+009 
77200 3.25156E+009 
77250 3.22483E+009 
77300 3.19833E+009 
77350 3.17204E+009 
77400 3.14597E+009 
77450 3.12011E+009 
77500 3.09447E+009 
77550 3.06903E+009 
77600 3.0438E+009 
77650 3.01878E+009 
77700 2.99397E+009 
77750 2.96935E+009 
77800 2.94494E+009 
77850 2.92073E+009 
77900 2.89672E+009 
77950 2.87291E+009 
78000 2.84929E+009 
78050 2.82586E+009 
78100 2.80263E+009 
78150 2.77958E+009 
78200 2.75673E+009 
78250 2.73406E+009 
78300 2.71158E+009 
78350 2.68928E+009 
78400 2.66717E+009 
78450 2.64524E+009 
78500 2.62349E+009 
78550 2.60191E+009 
78600 2.58051E+009 
78650 2.55929E+009 
78700 2.53825E+009 
78750 2.51737E+009 
78800 2.49667E+009 
78850 2.47613E+009 
78900 2.45577E+009 
78950 2.43557E+009 
79000 2.41554E+009 
79050 2.39567E+009 
79100 2.37596E+009 
79150 2.35642E+009 
79200 2.33704E+009 
79250 2.31781E+009 
79300 2.29875E+009 
79350 2.27984E+009 
79400 2.26108E+009 
79450 2.24248E+009 
79500 2.22403E+009 
79550 2.20574E+009 
79600 2.18759E+009 
79650 2.16959E+009 
79700 2.15174E+009 
79750 2.13404E+009 
79800 2.11648E+009 
79850 2.09906E+009 
79900 2.08179E+009 
79950 2.06466E+009 
80000 2.04768E+009 
80050 2.03083E+009 
80100 2.01411E+009 
80150 1.99754E+009 
80200 1.9811E+009 
80250 1.9648E+009 
80300 1.94863E+009 
80350 1.9326E+009 
80400 1.91669E+009 
80450 1.90092E+009 
80500 1.88527E+009 
80550 1.86976E+009 
80600 1.85437E+009 
80650 1.83911E+009 
80700 1.82397E+009 
80750 1.80896E+009 
80800 1.79407E+009 
80850 1.7793E+009 
80900 1.76465E+009 
80950 1.75013E+009 
81000 1.73572E+009 
81050 1.72143E+009 
81100 1.70726E+009 
81150 1.69321E+009 
81200 1.67927E+009 
81250 1.66544E+009 
81300 1.65173E+009 
81350 1.63814E+009 
81400 1.62465E+009 
81450 1.61127E+009 
81500 1.59801E+009 
81550 1.58485E+009 
81600 1.5718E+009 
81650 1.55886E+009 
81700 1.54602E+009 
81750 1.53329E+009 
81800 1.52067E+009 
81850 1.50815E+009 
81900 1.49573E+009 
81950 1.48341E+009 
82000 1.4712E+009 
82050 1.45908E+009 
82100 1.44707E+009 
82150 1.43515E+009 
82200 1.42333E+009 
82250 1.41161E+009 
82300 1.39998E+009 
82350 1.38845E+009 
82400 1.37702E+009 
82450 1.36568E+009 
82500 1.35443E+009 
82550 1.34327E+009 
82600 1.33221E+009 
82650 1.32124E+009 
82700 1.31035E+009 
82750 1.29956E+009 
82800 1.28886E+009 
82850 1.27824E+009 
82900 1.26771E+009 
82950 1.25727E+009 
83000 1.24691E+009 
83050 1.23664E+009 
83100 1.22645E+009 
83150 1.21635E+009 
83200 1.20633E+009 
83250 1.19639E+009 
83300 1.18653E+009 
83350 1.17676E+009 
83400 1.16706E+009 
83450 1.15745E+009 
83500 1.14791E+009 
83550 1.13845E+009 
83600 1.12907E+009 
83650 1.11977E+009 
83700 1.11054E+009 
83750 1.10139E+009 
83800 1.09232E+009 
83850 1.08332E+009 
83900 1.07439E+009 
83950 1.06554E+009 
84000 1.05676E+009 
84050 1.04805E+009 
84100 1.03941E+009 
84150 1.03084E+009 
84200 1.02235E+009 
84250 1.01392E+009 
84300 1.00557E+009 
84350 9.9728E+008 
84400 9.89061E+008 
84450 9.80909E+008 
84500 9.72825E+008 
84550 9.64807E+008 
84600 9.56854E+008 
84650 9.48968E+008 
84700 9.41146E+008 
84750 9.33388E+008 
84800 9.25695E+008 
84850 9.18064E+008 
84900 9.10497E+008 
84950 9.02991E+008 
85000 8.95548E+008 
85050 8.88165E+008 
85100 8.80844E+008 
85150 8.73582E+008 
85200 8.66381E+008 
85250 8.59238E+008 
85300 8.52155E+008 
85350 8.45129E+008 
85400 8.38162E+008 
85450 8.31252E+008 
85500 8.24398E+008 
85550 8.17601E+008 
85600 8.1086E+008 
85650 8.04175E+008 
85700 7.97544E+008 
85750 7.90968E+008 
85800 7.84446E+008 
85850 7.77978E+008 
85900 7.71563E+008 
85950 7.65201E+008 
86000 7.58891E+008 
86050 7.52633E+008 
86100 7.46427E+008 
86150 7.40272E+008 
86200 7.34167E+008 
86250 7.28113E+008 
86300 7.22108E+008 
86350 7.16153E+008 
86400 7.10247E+008 
86450 7.0439E+008 
86500 6.9858E+008 
86550 6.92819E+008 
86600 6.87105E+008 
86650 6.81438E+008 
86700 6.75818E+008 
86750 6.70244E+008 
86800 6.64716E+008 
86850 6.59233E+008 
86900 6.53796E+008 
86950 6.48403E+008 
87000 6.43055E+008 
87050 6.3775E+008 
87100 6.3249E+008 
87150 6.27272E+008 
87200 6.22098E+008 
87250 6.16966E+008 
87300 6.11877E+008 
87350 6.06829E+008 
87400 6.01823E+008 
87450 5.96858E+008 
87500 5.91935E+008 
87550 5.87051E+008 
87600 5.82208E+008 
87650 5.77405E+008 
87700 5.72641E+008 
87750 5.67917E+008 
87800 5.63231E+008 
87850 5.58584E+008 
87900 5.53975E+008 
87950 5.49405E+008 
88000 5.44872E+008 
88050 5.40376E+008 
88100 5.35917E+008 
88150 5.31495E+008 
88200 5.2711E+008 
88250 5.2276E+008 
88300 5.18447E+008 
88350 5.14169E+008 
88400 5.09926E+008 
88450 5.05718E+008 
88500 5.01545E+008 
88550 4.97406E+008 
88600 4.93301E+008 
88650 4.8923E+008 
88700 4.85193E+008 
88750 4.81189E+008 
88800 4.77217E+008 
88850 4.73279E+008 
88900 4.69373E+008 
88950 4.65499E+008 
89000 4.61657E+008 
89050 4.57847E+008 
89100 4.54068E+008 
89150 4.50321E+008 
89200 4.46604E+008 
89250 4.42918E+008 
89300 4.39262E+008 
89350 4.35636E+008 
89400 4.3204E+008 
89450 4.28474E+008 
89500 4.24937E+008 
89550 4.2143E+008 
89600 4.17951E+008 
89650 4.14501E+008 
89700 4.11079E+008 
89750 4.07686E+008 
89800 4.0432E+008 
89850 4.00983E+008 
89900 3.97673E+008 
89950 3.9439E+008 
90000 3.91134E+008 
90050 3.87905E+008 
90100 3.84702E+008 
90150 3.81526E+008 
90200 3.78376E+008 
90250 3.75252E+008 
90300 3.72154E+008 
90350 3.69082E+008 
90400 3.66034E+008 
90450 3.63012E+008 
90500 3.60015E+008 
90550 3.57042E+008 
90600 3.54094E+008 
90650 3.51171E+008 
90700 3.48271E+008 
90750 3.45395E+008 
90800 3.42543E+008 
90850 3.39715E+008 
90900 3.3691E+008 
90950 3.34128E+008 
91000 3.31369E+008 
91050 3.28632E+008 
91100 3.25918E+008 
91150 3.23227E+008 
91200 3.20558E+008 
91250 3.1791E+008 
91300 3.15285E+008 
91350 3.12681E+008 
91400 3.10099E+008 
91450 3.07538E+008 
91500 3.04998E+008 
91550 3.02479E+008 
91600 2.99981E+008 
91650 2.97504E+008 
91700 2.95046E+008 
91750 2.9261E+008 
91800 2.90193E+008 
91850 2.87796E+008 
91900 2.85419E+008 
91950 2.83062E+008 
92000 2.80723E+008 
92050 2.78405E+008 
92100 2.76105E+008 
92150 2.73825E+008 
92200 2.71563E+008 
92250 2.69319E+008 
92300 2.67095E+008 
92350 2.64888E+008 
92400 2.627E+008 
92450 2.6053E+008 
92500 2.58378E+008 
92550 2.56244E+008 
92600 2.54127E+008 
92650 2.52028E+008 
92700 2.49946E+008 
92750 2.47881E+008 
92800 2.45833E+008 
92850 2.43802E+008 
92900 2.41788E+008 
92950 2.3979E+008 
93000 2.37809E+008 
93050 2.35844E+008 
93100 2.33896E+008 
93150 2.31963E+008 
93200 2.30047E+008 
93250 2.28146E+008 
93300 2.26261E+008 
93350 2.24392E+008 
93400 2.22538E+008 
93450 2.20699E+008 
93500 2.18875E+008 
93550 2.17067E+008 
93600 2.15273E+008 
93650 2.13494E+008 
93700 2.1173E+008 
93750 2.09981E+008 
93800 2.08246E+008 
93850 2.06525E+008 
93900 2.04818E+008 
93950 2.03126E+008 
94000 2.01447E+008 
94050 1.99782E+008 
94100 1.98131E+008 
94150 1.96494E+008 
94200 1.9487E+008 
94250 1.9326E+008 
94300 1.91663E+008 
94350 1.90079E+008 
94400 1.88508E+008 
94450 1.8695E+008 
94500 1.85405E+008 
94550 1.83872E+008 
94600 1.82353E+008 
94650 1.80846E+008 
94700 1.79351E+008 
94750 1.77869E+008 
94800 1.76398E+008 
94850 1.7494E+008 
94900 1.73495E+008 
94950 1.72061E+008 
95000 1.70638E+008 
95050 1.69228E+008 
95100 1.67829E+008 
95150 1.66442E+008 
95200 1.65066E+008 
95250 1.63702E+008 
95300 1.62348E+008 
95350 1.61006E+008 
95400 1.59676E+008 
95450 1.58356E+008 
95500 1.57047E+008 
95550 1.55748E+008 
95600 1.54461E+008 
95650 1.53184E+008 
95700 1.51918E+008 
95750 1.50662E+008 
95800 1.49416E+008 
95850 1.48181E+008 
95900 1.46956E+008 
95950 1.45741E+008 
96000 1.44536E+008 
96050 1.43341E+008 
96100 1.42156E+008 
96150 1.40981E+008 
96200 1.39815E+008 
96250 1.38659E+008 
96300 1.37513E+008 
96350 1.36376E+008 
96400 1.35248E+008 
96450 1.3413E+008 
96500 1.33021E+008 
96550 1.31921E+008 
96600 1.30831E+008 
96650 1.29749E+008 
96700 1.28676E+008 
96750 1.27612E+008 
96800 1.26557E+008 
96850 1.2551E+008 
96900 1.24472E+008 
96950 1.23443E+008 
97000 1.22422E+008 
97050 1.2141E+008 
97100 1.20406E+008 
97150 1.19411E+008 
97200 1.18423E+008 
97250 1.17444E+008 
97300 1.16473E+008 
97350 1.15509E+008 
97400 1.14554E+008 
97450 1.13607E+008 
97500 1.12667E+008 
97550 1.11736E+008 
97600 1.10811E+008 
97650 1.09895E+008 
97700 1.08986E+008 
97750 1.08085E+008 
97800 1.07191E+008 
97850 1.06304E+008 
97900 1.05425E+008 
97950 1.04553E+008 
98000 1.03689E+008 
98050 1.02831E+008 
98100 1.01981E+008 
98150 1.01137E+008 
98200 1.00301E+008 
98250 9.9471E+007 
98300 9.86483E+007 
98350 9.78323E+007 
98400 9.70231E+007 
98450 9.62206E+007 
98500 9.54247E+007 
98550 9.46354E+007 
98600 9.38526E+007 
98650 9.30763E+007 
98700 9.23064E+007 
98750 9.15428E+007 
98800 9.07856E+007 
98850 9.00346E+007 
98900 8.92898E+007 
98950 8.85512E+007 
99000 8.78187E+007 
99050 8.70922E+007 
99100 8.63718E+007 
99150 8.56572E+007 
99200 8.49486E+007 
99250 8.42459E+007 
99300 8.35489E+007 
99350 8.28578E+007 
99400 8.21723E+007 
99450 8.14925E+007 
99500 8.08183E+007 
99550 8.01497E+007 
99600 7.94866E+007 
99650 7.8829E+007 
99700 7.81768E+007 
99750 7.753E+007 
99800 7.68885E+007 
99850 7.62524E+007 
99900 7.56215E+007 
99950 7.49958E+007 
100000 7.43753E+007 
