#F U:\Beamline I20\I20-2_EDE\Wigglers\xop\83mm-small-wiggler\EDE wiggler\1p0T-300mA-0p12x1p1mrad.dat
#C I20EDE 1.0T 300mA 0.12x1.1mrad
#S 1 File written by xplot on Tue Dec 07 18:27:11 2010
#N 2
#L    Energy [eV]  Flux [ph/s/0.1%bw]
50 8.6737E+012 
100 1.37513E+013 
150 1.79833E+013 
200 2.1731E+013 
250 2.51443E+013 
300 2.83041E+013 
350 3.12602E+013 
400 3.40463E+013 
450 3.66864E+013 
500 3.91984E+013 
550 4.15963E+013 
600 4.38911E+013 
650 4.60919E+013 
700 4.82062E+013 
750 5.02402E+013 
800 5.21995E+013 
850 5.40886E+013 
900 5.59116E+013 
950 5.76722E+013 
1000 5.93735E+013 
1050 6.10183E+013 
1100 6.26094E+013 
1150 6.4149E+013 
1200 6.56392E+013 
1250 6.70822E+013 
1300 6.84795E+013 
1350 6.9833E+013 
1400 7.11441E+013 
1450 7.24144E+013 
1500 7.36451E+013 
1550 7.48376E+013 
1600 7.59931E+013 
1650 7.71125E+013 
1700 7.81972E+013 
1750 7.92479E+013 
1800 8.02658E+013 
1850 8.12516E+013 
1900 8.22063E+013 
1950 8.31307E+013 
2000 8.40256E+013 
2050 8.48918E+013 
2100 8.57299E+013 
2150 8.65406E+013 
2200 8.73247E+013 
2250 8.80828E+013 
2300 8.88155E+013 
2350 8.95234E+013 
2400 9.0207E+013 
2450 9.0867E+013 
2500 9.15039E+013 
2550 9.21182E+013 
2600 9.27104E+013 
2650 9.32809E+013 
2700 9.38304E+013 
2750 9.43592E+013 
2800 9.48678E+013 
2850 9.53566E+013 
2900 9.5826E+013 
2950 9.62765E+013 
3000 9.67085E+013 
3050 9.71223E+013 
3100 9.75184E+013 
3150 9.78971E+013 
3200 9.82588E+013 
3250 9.86037E+013 
3300 9.89324E+013 
3350 9.92451E+013 
3400 9.95421E+013 
3450 9.98237E+013 
3500 1.0009E+014 
3550 1.00342E+014 
3600 1.0058E+014 
3650 1.00803E+014 
3700 1.01013E+014 
3750 1.01209E+014 
3800 1.01392E+014 
3850 1.01561E+014 
3900 1.01718E+014 
3950 1.01863E+014 
4000 1.01995E+014 
4050 1.02115E+014 
4100 1.02224E+014 
4150 1.02321E+014 
4200 1.02407E+014 
4250 1.02482E+014 
4300 1.02546E+014 
4350 1.02599E+014 
4400 1.02642E+014 
4450 1.02675E+014 
4500 1.02698E+014 
4550 1.02711E+014 
4600 1.02715E+014 
4650 1.02709E+014 
4700 1.02694E+014 
4750 1.0267E+014 
4800 1.02638E+014 
4850 1.02597E+014 
4900 1.02547E+014 
4950 1.02489E+014 
5000 1.02423E+014 
5050 1.02349E+014 
5100 1.02268E+014 
5150 1.02179E+014 
5200 1.02082E+014 
5250 1.01978E+014 
5300 1.01867E+014 
5350 1.0175E+014 
5400 1.01625E+014 
5450 1.01494E+014 
5500 1.01356E+014 
5550 1.01212E+014 
5600 1.01062E+014 
5650 1.00905E+014 
5700 1.00743E+014 
5750 1.00575E+014 
5800 1.00401E+014 
5850 1.00222E+014 
5900 1.00037E+014 
5950 9.98466E+013 
6000 9.96513E+013 
6050 9.9451E+013 
6100 9.92457E+013 
6150 9.90356E+013 
6200 9.88208E+013 
6250 9.86014E+013 
6300 9.83775E+013 
6350 9.81493E+013 
6400 9.79167E+013 
6450 9.768E+013 
6500 9.74392E+013 
6550 9.71944E+013 
6600 9.69458E+013 
6650 9.66934E+013 
6700 9.64374E+013 
6750 9.61777E+013 
6800 9.59146E+013 
6850 9.5648E+013 
6900 9.53782E+013 
6950 9.51051E+013 
7000 9.48289E+013 
7050 9.45497E+013 
7100 9.42675E+013 
7150 9.39824E+013 
7200 9.36945E+013 
7250 9.34039E+013 
7300 9.31107E+013 
7350 9.28149E+013 
7400 9.25166E+013 
7450 9.22159E+013 
7500 9.19128E+013 
7550 9.16075E+013 
7600 9.13E+013 
7650 9.09903E+013 
7700 9.06786E+013 
7750 9.03649E+013 
7800 9.00492E+013 
7850 8.97317E+013 
7900 8.94124E+013 
7950 8.90914E+013 
8000 8.87686E+013 
8050 8.84443E+013 
8100 8.81184E+013 
8150 8.7791E+013 
8200 8.74622E+013 
8250 8.71319E+013 
8300 8.68004E+013 
8350 8.64675E+013 
8400 8.61335E+013 
8450 8.57982E+013 
8500 8.54619E+013 
8550 8.51245E+013 
8600 8.47861E+013 
8650 8.44467E+013 
8700 8.41063E+013 
8750 8.37652E+013 
8800 8.34231E+013 
8850 8.30803E+013 
8900 8.27368E+013 
8950 8.23926E+013 
9000 8.20477E+013 
9050 8.17022E+013 
9100 8.13561E+013 
9150 8.10096E+013 
9200 8.06625E+013 
9250 8.0315E+013 
9300 7.9967E+013 
9350 7.96188E+013 
9400 7.92701E+013 
9450 7.89212E+013 
9500 7.8572E+013 
9550 7.82226E+013 
9600 7.7873E+013 
9650 7.75233E+013 
9700 7.71734E+013 
9750 7.68234E+013 
9800 7.64734E+013 
9850 7.61234E+013 
9900 7.57733E+013 
9950 7.54233E+013 
10000 7.50734E+013 
10050 7.47235E+013 
10100 7.43738E+013 
10150 7.40242E+013 
10200 7.36748E+013 
10250 7.33256E+013 
10300 7.29766E+013 
10350 7.26279E+013 
10400 7.22794E+013 
10450 7.19313E+013 
10500 7.15835E+013 
10550 7.1236E+013 
10600 7.08889E+013 
10650 7.05423E+013 
10700 7.0196E+013 
10750 6.98502E+013 
10800 6.95049E+013 
10850 6.916E+013 
10900 6.88156E+013 
10950 6.84718E+013 
11000 6.81285E+013 
11050 6.77858E+013 
11100 6.74437E+013 
11150 6.71022E+013 
11200 6.67613E+013 
11250 6.6421E+013 
11300 6.60814E+013 
11350 6.57425E+013 
11400 6.54042E+013 
11450 6.50667E+013 
11500 6.47299E+013 
11550 6.43938E+013 
11600 6.40584E+013 
11650 6.37239E+013 
11700 6.33901E+013 
11750 6.30571E+013 
11800 6.27249E+013 
11850 6.23936E+013 
11900 6.20631E+013 
11950 6.17334E+013 
12000 6.14046E+013 
12050 6.10766E+013 
12100 6.07496E+013 
12150 6.04234E+013 
12200 6.00982E+013 
12250 5.97738E+013 
12300 5.94504E+013 
12350 5.9128E+013 
12400 5.88064E+013 
12450 5.84859E+013 
12500 5.81663E+013 
12550 5.78477E+013 
12600 5.75301E+013 
12650 5.72134E+013 
12700 5.68978E+013 
12750 5.65832E+013 
12800 5.62696E+013 
12850 5.5957E+013 
12900 5.56455E+013 
12950 5.5335E+013 
13000 5.50255E+013 
13050 5.47172E+013 
13100 5.44098E+013 
13150 5.41036E+013 
13200 5.37984E+013 
13250 5.34943E+013 
13300 5.31913E+013 
13350 5.28894E+013 
13400 5.25886E+013 
13450 5.22889E+013 
13500 5.19903E+013 
13550 5.16928E+013 
13600 5.13964E+013 
13650 5.11012E+013 
13700 5.08071E+013 
13750 5.05141E+013 
13800 5.02222E+013 
13850 4.99315E+013 
13900 4.9642E+013 
13950 4.93535E+013 
14000 4.90663E+013 
14050 4.87802E+013 
14100 4.84952E+013 
14150 4.82114E+013 
14200 4.79287E+013 
14250 4.76473E+013 
14300 4.7367E+013 
14350 4.70878E+013 
14400 4.68098E+013 
14450 4.6533E+013 
14500 4.62574E+013 
14550 4.59829E+013 
14600 4.57097E+013 
14650 4.54376E+013 
14700 4.51666E+013 
14750 4.48969E+013 
14800 4.46283E+013 
14850 4.4361E+013 
14900 4.40948E+013 
14950 4.38298E+013 
15000 4.3566E+013 
15050 4.33033E+013 
15100 4.30419E+013 
15150 4.27816E+013 
15200 4.25225E+013 
15250 4.22646E+013 
15300 4.20079E+013 
15350 4.17524E+013 
15400 4.1498E+013 
15450 4.12449E+013 
15500 4.09929E+013 
15550 4.07422E+013 
15600 4.04925E+013 
15650 4.02441E+013 
15700 3.99969E+013 
15750 3.97508E+013 
15800 3.9506E+013 
15850 3.92623E+013 
15900 3.90197E+013 
15950 3.87784E+013 
16000 3.85383E+013 
16050 3.82993E+013 
16100 3.80614E+013 
16150 3.78248E+013 
16200 3.75893E+013 
16250 3.7355E+013 
16300 3.71218E+013 
16350 3.68899E+013 
16400 3.6659E+013 
16450 3.64294E+013 
16500 3.62009E+013 
16550 3.59735E+013 
16600 3.57473E+013 
16650 3.55223E+013 
16700 3.52984E+013 
16750 3.50757E+013 
16800 3.48541E+013 
16850 3.46336E+013 
16900 3.44143E+013 
16950 3.41961E+013 
17000 3.39791E+013 
17050 3.37631E+013 
17100 3.35484E+013 
17150 3.33347E+013 
17200 3.31222E+013 
17250 3.29108E+013 
17300 3.27005E+013 
17350 3.24913E+013 
17400 3.22832E+013 
17450 3.20763E+013 
17500 3.18704E+013 
17550 3.16657E+013 
17600 3.14621E+013 
17650 3.12595E+013 
17700 3.10581E+013 
17750 3.08577E+013 
17800 3.06584E+013 
17850 3.04602E+013 
17900 3.02631E+013 
17950 3.00671E+013 
18000 2.98722E+013 
18050 2.96783E+013 
18100 2.94855E+013 
18150 2.92937E+013 
18200 2.91031E+013 
18250 2.89134E+013 
18300 2.87249E+013 
18350 2.85373E+013 
18400 2.83509E+013 
18450 2.81654E+013 
18500 2.7981E+013 
18550 2.77977E+013 
18600 2.76154E+013 
18650 2.74341E+013 
18700 2.72538E+013 
18750 2.70746E+013 
18800 2.68963E+013 
18850 2.67191E+013 
18900 2.65429E+013 
18950 2.63678E+013 
19000 2.61936E+013 
19050 2.60204E+013 
19100 2.58482E+013 
19150 2.5677E+013 
19200 2.55068E+013 
19250 2.53375E+013 
19300 2.51693E+013 
19350 2.5002E+013 
19400 2.48357E+013 
19450 2.46704E+013 
19500 2.4506E+013 
19550 2.43426E+013 
19600 2.41801E+013 
19650 2.40186E+013 
19700 2.38581E+013 
19750 2.36985E+013 
19800 2.35398E+013 
19850 2.33821E+013 
19900 2.32253E+013 
19950 2.30694E+013 
20000 2.29145E+013 
20050 2.27605E+013 
20100 2.26074E+013 
20150 2.24552E+013 
20200 2.23039E+013 
20250 2.21535E+013 
20300 2.2004E+013 
20350 2.18555E+013 
20400 2.17078E+013 
20450 2.1561E+013 
20500 2.14151E+013 
20550 2.127E+013 
20600 2.11259E+013 
20650 2.09826E+013 
20700 2.08402E+013 
20750 2.06987E+013 
20800 2.0558E+013 
20850 2.04182E+013 
20900 2.02792E+013 
20950 2.01411E+013 
21000 2.00038E+013 
21050 1.98674E+013 
21100 1.97318E+013 
21150 1.9597E+013 
21200 1.94631E+013 
21250 1.93299E+013 
21300 1.91977E+013 
21350 1.90662E+013 
21400 1.89355E+013 
21450 1.88057E+013 
21500 1.86766E+013 
21550 1.85484E+013 
21600 1.84209E+013 
21650 1.82943E+013 
21700 1.81684E+013 
21750 1.80434E+013 
21800 1.79191E+013 
21850 1.77955E+013 
21900 1.76728E+013 
21950 1.75508E+013 
22000 1.74296E+013 
22050 1.73092E+013 
22100 1.71895E+013 
22150 1.70705E+013 
22200 1.69524E+013 
22250 1.68349E+013 
22300 1.67182E+013 
22350 1.66023E+013 
22400 1.6487E+013 
22450 1.63726E+013 
22500 1.62588E+013 
22550 1.61458E+013 
22600 1.60334E+013 
22650 1.59218E+013 
22700 1.5811E+013 
22750 1.57008E+013 
22800 1.55913E+013 
22850 1.54825E+013 
22900 1.53744E+013 
22950 1.52671E+013 
23000 1.51604E+013 
23050 1.50544E+013 
23100 1.4949E+013 
23150 1.48444E+013 
23200 1.47404E+013 
23250 1.46371E+013 
23300 1.45345E+013 
23350 1.44325E+013 
23400 1.43312E+013 
23450 1.42306E+013 
23500 1.41306E+013 
23550 1.40312E+013 
23600 1.39325E+013 
23650 1.38345E+013 
23700 1.3737E+013 
23750 1.36402E+013 
23800 1.35441E+013 
23850 1.34486E+013 
23900 1.33537E+013 
23950 1.32594E+013 
24000 1.31657E+013 
24050 1.30727E+013 
24100 1.29802E+013 
24150 1.28884E+013 
24200 1.27972E+013 
24250 1.27065E+013 
24300 1.26165E+013 
24350 1.25271E+013 
24400 1.24382E+013 
24450 1.235E+013 
24500 1.22623E+013 
24550 1.21752E+013 
24600 1.20887E+013 
24650 1.20027E+013 
24700 1.19174E+013 
24750 1.18326E+013 
24800 1.17483E+013 
24850 1.16646E+013 
24900 1.15815E+013 
24950 1.14989E+013 
25000 1.14169E+013 
25050 1.13355E+013 
25100 1.12545E+013 
25150 1.11741E+013 
25200 1.10943E+013 
25250 1.1015E+013 
25300 1.09362E+013 
25350 1.08579E+013 
25400 1.07802E+013 
25450 1.0703E+013 
25500 1.06263E+013 
25550 1.05501E+013 
25600 1.04744E+013 
25650 1.03993E+013 
25700 1.03246E+013 
25750 1.02505E+013 
25800 1.01768E+013 
25850 1.01037E+013 
25900 1.00311E+013 
25950 9.95889E+012 
26000 9.88722E+012 
26050 9.81603E+012 
26100 9.74533E+012 
26150 9.67511E+012 
26200 9.60536E+012 
26250 9.53609E+012 
26300 9.46729E+012 
26350 9.39896E+012 
26400 9.33109E+012 
26450 9.26368E+012 
26500 9.19674E+012 
26550 9.13025E+012 
26600 9.06421E+012 
26650 8.99863E+012 
26700 8.9335E+012 
26750 8.86881E+012 
26800 8.80456E+012 
26850 8.74075E+012 
26900 8.67739E+012 
26950 8.61445E+012 
27000 8.55195E+012 
27050 8.48988E+012 
27100 8.42823E+012 
27150 8.36701E+012 
27200 8.30621E+012 
27250 8.24583E+012 
27300 8.18586E+012 
27350 8.12631E+012 
27400 8.06717E+012 
27450 8.00844E+012 
27500 7.95011E+012 
27550 7.89219E+012 
27600 7.83466E+012 
27650 7.77754E+012 
27700 7.72081E+012 
27750 7.66447E+012 
27800 7.60853E+012 
27850 7.55297E+012 
27900 7.4978E+012 
27950 7.44301E+012 
28000 7.3886E+012 
28050 7.33458E+012 
28100 7.28092E+012 
28150 7.22764E+012 
28200 7.17474E+012 
28250 7.1222E+012 
28300 7.07002E+012 
28350 7.01821E+012 
28400 6.96677E+012 
28450 6.91568E+012 
28500 6.86495E+012 
28550 6.81457E+012 
28600 6.76455E+012 
28650 6.71488E+012 
28700 6.66555E+012 
28750 6.61657E+012 
28800 6.56794E+012 
28850 6.51965E+012 
28900 6.47169E+012 
28950 6.42407E+012 
29000 6.37679E+012 
29050 6.32984E+012 
29100 6.28322E+012 
29150 6.23692E+012 
29200 6.19096E+012 
29250 6.14532E+012 
29300 6.1E+012 
29350 6.055E+012 
29400 6.01031E+012 
29450 5.96595E+012 
29500 5.92189E+012 
29550 5.87815E+012 
29600 5.83472E+012 
29650 5.79159E+012 
29700 5.74877E+012 
29750 5.70625E+012 
29800 5.66404E+012 
29850 5.62212E+012 
29900 5.5805E+012 
29950 5.53918E+012 
30000 5.49815E+012 
30050 5.45741E+012 
30100 5.41696E+012 
30150 5.3768E+012 
30200 5.33693E+012 
30250 5.29733E+012 
30300 5.25802E+012 
30350 5.21899E+012 
30400 5.18024E+012 
30450 5.14177E+012 
30500 5.10357E+012 
30550 5.06564E+012 
30600 5.02798E+012 
30650 4.99059E+012 
30700 4.95347E+012 
30750 4.91662E+012 
30800 4.88002E+012 
30850 4.84369E+012 
30900 4.80763E+012 
30950 4.77181E+012 
31000 4.73626E+012 
31050 4.70096E+012 
31100 4.66591E+012 
31150 4.63112E+012 
31200 4.59657E+012 
31250 4.56228E+012 
31300 4.52823E+012 
31350 4.49442E+012 
31400 4.46086E+012 
31450 4.42754E+012 
31500 4.39445E+012 
31550 4.36161E+012 
31600 4.32901E+012 
31650 4.29663E+012 
31700 4.26449E+012 
31750 4.23259E+012 
31800 4.20091E+012 
31850 4.16947E+012 
31900 4.13825E+012 
31950 4.10725E+012 
32000 4.07648E+012 
32050 4.04593E+012 
32100 4.0156E+012 
32150 3.9855E+012 
32200 3.95561E+012 
32250 3.92594E+012 
32300 3.89648E+012 
32350 3.86723E+012 
32400 3.8382E+012 
32450 3.80938E+012 
32500 3.78076E+012 
32550 3.75236E+012 
32600 3.72416E+012 
32650 3.69617E+012 
32700 3.66838E+012 
32750 3.64079E+012 
32800 3.6134E+012 
32850 3.58621E+012 
32900 3.55922E+012 
32950 3.53243E+012 
33000 3.50583E+012 
33050 3.47942E+012 
33100 3.45321E+012 
33150 3.42719E+012 
33200 3.40136E+012 
33250 3.37571E+012 
33300 3.35026E+012 
33350 3.32499E+012 
33400 3.2999E+012 
33450 3.275E+012 
33500 3.25028E+012 
33550 3.22574E+012 
33600 3.20138E+012 
33650 3.1772E+012 
33700 3.1532E+012 
33750 3.12937E+012 
33800 3.10571E+012 
33850 3.08223E+012 
33900 3.05892E+012 
33950 3.03579E+012 
34000 3.01282E+012 
34050 2.99002E+012 
34100 2.96739E+012 
34150 2.94492E+012 
34200 2.92262E+012 
34250 2.90048E+012 
34300 2.87851E+012 
34350 2.8567E+012 
34400 2.83505E+012 
34450 2.81355E+012 
34500 2.79222E+012 
34550 2.77104E+012 
34600 2.75002E+012 
34650 2.72915E+012 
34700 2.70844E+012 
34750 2.68788E+012 
34800 2.66747E+012 
34850 2.64722E+012 
34900 2.62711E+012 
34950 2.60715E+012 
35000 2.58734E+012 
35050 2.56767E+012 
35100 2.54815E+012 
35150 2.52877E+012 
35200 2.50954E+012 
35250 2.49045E+012 
35300 2.4715E+012 
35350 2.45269E+012 
35400 2.43402E+012 
35450 2.41549E+012 
35500 2.3971E+012 
35550 2.37884E+012 
35600 2.36071E+012 
35650 2.34273E+012 
35700 2.32487E+012 
35750 2.30715E+012 
35800 2.28956E+012 
35850 2.2721E+012 
35900 2.25477E+012 
35950 2.23756E+012 
36000 2.22049E+012 
36050 2.20354E+012 
36100 2.18672E+012 
36150 2.17003E+012 
36200 2.15345E+012 
36250 2.137E+012 
36300 2.12068E+012 
36350 2.10447E+012 
36400 2.08839E+012 
36450 2.07243E+012 
36500 2.05658E+012 
36550 2.04085E+012 
36600 2.02524E+012 
36650 2.00975E+012 
36700 1.99437E+012 
36750 1.97911E+012 
36800 1.96396E+012 
36850 1.94892E+012 
36900 1.934E+012 
36950 1.91919E+012 
37000 1.90449E+012 
37050 1.88989E+012 
37100 1.87541E+012 
37150 1.86104E+012 
37200 1.84677E+012 
37250 1.83261E+012 
37300 1.81856E+012 
37350 1.80461E+012 
37400 1.79076E+012 
37450 1.77702E+012 
37500 1.76339E+012 
37550 1.74985E+012 
37600 1.73641E+012 
37650 1.72308E+012 
37700 1.70985E+012 
37750 1.69671E+012 
37800 1.68368E+012 
37850 1.67074E+012 
37900 1.6579E+012 
37950 1.64516E+012 
38000 1.63251E+012 
38050 1.61996E+012 
38100 1.6075E+012 
38150 1.59513E+012 
38200 1.58286E+012 
38250 1.57068E+012 
38300 1.55859E+012 
38350 1.54659E+012 
38400 1.53468E+012 
38450 1.52287E+012 
38500 1.51114E+012 
38550 1.4995E+012 
38600 1.48795E+012 
38650 1.47648E+012 
38700 1.4651E+012 
38750 1.45381E+012 
38800 1.4426E+012 
38850 1.43148E+012 
38900 1.42044E+012 
38950 1.40948E+012 
39000 1.39861E+012 
39050 1.38782E+012 
39100 1.37711E+012 
39150 1.36648E+012 
39200 1.35593E+012 
39250 1.34546E+012 
39300 1.33507E+012 
39350 1.32476E+012 
39400 1.31452E+012 
39450 1.30437E+012 
39500 1.29429E+012 
39550 1.28429E+012 
39600 1.27436E+012 
39650 1.26451E+012 
39700 1.25473E+012 
39750 1.24503E+012 
39800 1.2354E+012 
39850 1.22584E+012 
39900 1.21636E+012 
39950 1.20694E+012 
40000 1.1976E+012 
40050 1.18833E+012 
40100 1.17913E+012 
40150 1.17E+012 
40200 1.16094E+012 
40250 1.15195E+012 
40300 1.14303E+012 
40350 1.13417E+012 
40400 1.12538E+012 
40450 1.11666E+012 
40500 1.108E+012 
40550 1.09941E+012 
40600 1.09089E+012 
40650 1.08243E+012 
40700 1.07403E+012 
40750 1.0657E+012 
40800 1.05743E+012 
40850 1.04923E+012 
40900 1.04109E+012 
40950 1.033E+012 
41000 1.02499E+012 
41050 1.01703E+012 
41100 1.00913E+012 
41150 1.00129E+012 
41200 9.93516E+011 
41250 9.85797E+011 
41300 9.78138E+011 
41350 9.70537E+011 
41400 9.62994E+011 
41450 9.55509E+011 
41500 9.4808E+011 
41550 9.40709E+011 
41600 9.33393E+011 
41650 9.26134E+011 
41700 9.18929E+011 
41750 9.1178E+011 
41800 9.04686E+011 
41850 8.97646E+011 
41900 8.90659E+011 
41950 8.83726E+011 
42000 8.76846E+011 
42050 8.70019E+011 
42100 8.63244E+011 
42150 8.5652E+011 
42200 8.49849E+011 
42250 8.43228E+011 
42300 8.36658E+011 
42350 8.30138E+011 
42400 8.23668E+011 
42450 8.17247E+011 
42500 8.10876E+011 
42550 8.04554E+011 
42600 7.9828E+011 
42650 7.92054E+011 
42700 7.85876E+011 
42750 7.79745E+011 
42800 7.73662E+011 
42850 7.67625E+011 
42900 7.61634E+011 
42950 7.55689E+011 
43000 7.4979E+011 
43050 7.43936E+011 
43100 7.38127E+011 
43150 7.32363E+011 
43200 7.26643E+011 
43250 7.20967E+011 
43300 7.15334E+011 
43350 7.09745E+011 
43400 7.04199E+011 
43450 6.98695E+011 
43500 6.93234E+011 
43550 6.87815E+011 
43600 6.82437E+011 
43650 6.77101E+011 
43700 6.71806E+011 
43750 6.66551E+011 
43800 6.61337E+011 
43850 6.56163E+011 
43900 6.51029E+011 
43950 6.45935E+011 
44000 6.40879E+011 
44050 6.35863E+011 
44100 6.30886E+011 
44150 6.25946E+011 
44200 6.21045E+011 
44250 6.16182E+011 
44300 6.11356E+011 
44350 6.06567E+011 
44400 6.01815E+011 
44450 5.971E+011 
44500 5.92421E+011 
44550 5.87778E+011 
44600 5.83171E+011 
44650 5.786E+011 
44700 5.74064E+011 
44750 5.69563E+011 
44800 5.65097E+011 
44850 5.60665E+011 
44900 5.56267E+011 
44950 5.51904E+011 
45000 5.47574E+011 
45050 5.43278E+011 
45100 5.39015E+011 
45150 5.34784E+011 
45200 5.30587E+011 
45250 5.26422E+011 
45300 5.22289E+011 
45350 5.18188E+011 
45400 5.14119E+011 
45450 5.10082E+011 
45500 5.06075E+011 
45550 5.021E+011 
45600 4.98155E+011 
45650 4.94241E+011 
45700 4.90357E+011 
45750 4.86504E+011 
45800 4.8268E+011 
45850 4.78886E+011 
45900 4.75121E+011 
45950 4.71386E+011 
46000 4.67679E+011 
46050 4.64001E+011 
46100 4.60352E+011 
46150 4.56731E+011 
46200 4.53138E+011 
46250 4.49573E+011 
46300 4.46035E+011 
46350 4.42525E+011 
46400 4.39042E+011 
46450 4.35586E+011 
46500 4.32158E+011 
46550 4.28755E+011 
46600 4.25379E+011 
46650 4.2203E+011 
46700 4.18706E+011 
46750 4.15408E+011 
46800 4.12136E+011 
46850 4.08889E+011 
46900 4.05668E+011 
46950 4.02471E+011 
47000 3.993E+011 
47050 3.96153E+011 
47100 3.9303E+011 
47150 3.89932E+011 
47200 3.86858E+011 
47250 3.83808E+011 
47300 3.80781E+011 
47350 3.77779E+011 
47400 3.74799E+011 
47450 3.71843E+011 
47500 3.68909E+011 
47550 3.65999E+011 
47600 3.63111E+011 
47650 3.60246E+011 
47700 3.57403E+011 
47750 3.54582E+011 
47800 3.51783E+011 
47850 3.49006E+011 
47900 3.4625E+011 
47950 3.43516E+011 
48000 3.40804E+011 
48050 3.38112E+011 
48100 3.35442E+011 
48150 3.32792E+011 
48200 3.30163E+011 
48250 3.27555E+011 
48300 3.24966E+011 
48350 3.22398E+011 
48400 3.19851E+011 
48450 3.17323E+011 
48500 3.14814E+011 
48550 3.12326E+011 
48600 3.09856E+011 
48650 3.07406E+011 
48700 3.04976E+011 
48750 3.02564E+011 
48800 3.00171E+011 
48850 2.97796E+011 
48900 2.95441E+011 
48950 2.93103E+011 
49000 2.90784E+011 
49050 2.88483E+011 
49100 2.862E+011 
49150 2.83935E+011 
49200 2.81688E+011 
49250 2.79458E+011 
49300 2.77245E+011 
49350 2.7505E+011 
49400 2.72872E+011 
49450 2.70712E+011 
49500 2.68568E+011 
49550 2.6644E+011 
49600 2.6433E+011 
49650 2.62236E+011 
49700 2.60158E+011 
49750 2.58097E+011 
49800 2.56052E+011 
49850 2.54023E+011 
49900 2.52009E+011 
49950 2.50012E+011 
50000 2.4803E+011 
50050 2.46064E+011 
50100 2.44113E+011 
50150 2.42177E+011 
50200 2.40257E+011 
50250 2.38351E+011 
50300 2.36461E+011 
50350 2.34585E+011 
50400 2.32724E+011 
50450 2.30878E+011 
50500 2.29046E+011 
50550 2.27229E+011 
50600 2.25426E+011 
50650 2.23637E+011 
50700 2.21862E+011 
50750 2.20101E+011 
50800 2.18354E+011 
50850 2.1662E+011 
50900 2.149E+011 
50950 2.13194E+011 
51000 2.11501E+011 
51050 2.09821E+011 
51100 2.08154E+011 
51150 2.06501E+011 
51200 2.04861E+011 
51250 2.03233E+011 
51300 2.01619E+011 
51350 2.00016E+011 
51400 1.98427E+011 
51450 1.9685E+011 
51500 1.95286E+011 
51550 1.93733E+011 
51600 1.92193E+011 
51650 1.90665E+011 
51700 1.89149E+011 
51750 1.87645E+011 
51800 1.86153E+011 
51850 1.84673E+011 
51900 1.83204E+011 
51950 1.81747E+011 
52000 1.80301E+011 
52050 1.78867E+011 
52100 1.77444E+011 
52150 1.76032E+011 
52200 1.74632E+011 
52250 1.73242E+011 
52300 1.71863E+011 
52350 1.70495E+011 
52400 1.69138E+011 
52450 1.67792E+011 
52500 1.66456E+011 
52550 1.65131E+011 
52600 1.63816E+011 
52650 1.62511E+011 
52700 1.61217E+011 
52750 1.59933E+011 
52800 1.58659E+011 
52850 1.57396E+011 
52900 1.56142E+011 
52950 1.54898E+011 
53000 1.53664E+011 
53050 1.52439E+011 
53100 1.51225E+011 
53150 1.50019E+011 
53200 1.48824E+011 
53250 1.47638E+011 
53300 1.46461E+011 
53350 1.45293E+011 
53400 1.44135E+011 
53450 1.42986E+011 
53500 1.41846E+011 
53550 1.40714E+011 
53600 1.39592E+011 
53650 1.38479E+011 
53700 1.37374E+011 
53750 1.36279E+011 
53800 1.35192E+011 
53850 1.34113E+011 
53900 1.33043E+011 
53950 1.31982E+011 
54000 1.30928E+011 
54050 1.29883E+011 
54100 1.28847E+011 
54150 1.27819E+011 
54200 1.26798E+011 
54250 1.25786E+011 
54300 1.24782E+011 
54350 1.23786E+011 
54400 1.22797E+011 
54450 1.21817E+011 
54500 1.20844E+011 
54550 1.19879E+011 
54600 1.18922E+011 
54650 1.17972E+011 
54700 1.17029E+011 
54750 1.16095E+011 
54800 1.15167E+011 
54850 1.14247E+011 
54900 1.13334E+011 
54950 1.12428E+011 
55000 1.1153E+011 
55050 1.10639E+011 
55100 1.09754E+011 
55150 1.08877E+011 
55200 1.08007E+011 
55250 1.07143E+011 
55300 1.06287E+011 
55350 1.05437E+011 
55400 1.04594E+011 
55450 1.03757E+011 
55500 1.02928E+011 
55550 1.02105E+011 
55600 1.01288E+011 
55650 1.00478E+011 
55700 9.9674E+010 
55750 9.88766E+010 
55800 9.80856E+010 
55850 9.73008E+010 
55900 9.65223E+010 
55950 9.57499E+010 
56000 9.49837E+010 
56050 9.42235E+010 
56100 9.34694E+010 
56150 9.27212E+010 
56200 9.1979E+010 
56250 9.12427E+010 
56300 9.05122E+010 
56350 8.97875E+010 
56400 8.90686E+010 
56450 8.83554E+010 
56500 8.76479E+010 
56550 8.69459E+010 
56600 8.62496E+010 
56650 8.55588E+010 
56700 8.48734E+010 
56750 8.41935E+010 
56800 8.3519E+010 
56850 8.28499E+010 
56900 8.21861E+010 
56950 8.15276E+010 
57000 8.08743E+010 
57050 8.02261E+010 
57100 7.95832E+010 
57150 7.89454E+010 
57200 7.83126E+010 
57250 7.76848E+010 
57300 7.70621E+010 
57350 7.64443E+010 
57400 7.58314E+010 
57450 7.52234E+010 
57500 7.46202E+010 
57550 7.40218E+010 
57600 7.34282E+010 
57650 7.28393E+010 
57700 7.22551E+010 
57750 7.16755E+010 
57800 7.11006E+010 
57850 7.05302E+010 
57900 6.99644E+010 
57950 6.94031E+010 
58000 6.88462E+010 
58050 6.82938E+010 
58100 6.77458E+010 
58150 6.72021E+010 
58200 6.66628E+010 
58250 6.61277E+010 
58300 6.55969E+010 
58350 6.50704E+010 
58400 6.4548E+010 
58450 6.40299E+010 
58500 6.35158E+010 
58550 6.30058E+010 
58600 6.24999E+010 
58650 6.1998E+010 
58700 6.15002E+010 
58750 6.10063E+010 
58800 6.05163E+010 
58850 6.00302E+010 
58900 5.9548E+010 
58950 5.90697E+010 
59000 5.85952E+010 
59050 5.81244E+010 
59100 5.76574E+010 
59150 5.71942E+010 
59200 5.67346E+010 
59250 5.62787E+010 
59300 5.58264E+010 
59350 5.53777E+010 
59400 5.49327E+010 
59450 5.44911E+010 
59500 5.40531E+010 
59550 5.36186E+010 
59600 5.31876E+010 
59650 5.276E+010 
59700 5.23358E+010 
59750 5.1915E+010 
59800 5.14975E+010 
59850 5.10834E+010 
59900 5.06726E+010 
59950 5.02651E+010 
60000 4.98608E+010 
60050 4.94598E+010 
60100 4.90619E+010 
60150 4.86673E+010 
60200 4.82758E+010 
60250 4.78874E+010 
60300 4.75021E+010 
60350 4.71199E+010 
60400 4.67407E+010 
60450 4.63646E+010 
60500 4.59915E+010 
60550 4.56214E+010 
60600 4.52542E+010 
60650 4.489E+010 
60700 4.45286E+010 
60750 4.41702E+010 
60800 4.38146E+010 
60850 4.34619E+010 
60900 4.3112E+010 
60950 4.27649E+010 
61000 4.24205E+010 
61050 4.20789E+010 
61100 4.17401E+010 
61150 4.1404E+010 
61200 4.10705E+010 
61250 4.07397E+010 
61300 4.04116E+010 
61350 4.00861E+010 
61400 3.97632E+010 
61450 3.94428E+010 
61500 3.91251E+010 
61550 3.88099E+010 
61600 3.84972E+010 
61650 3.8187E+010 
61700 3.78793E+010 
61750 3.7574E+010 
61800 3.72712E+010 
61850 3.69708E+010 
61900 3.66729E+010 
61950 3.63773E+010 
62000 3.60841E+010 
62050 3.57932E+010 
62100 3.55046E+010 
62150 3.52184E+010 
62200 3.49345E+010 
62250 3.46528E+010 
62300 3.43734E+010 
62350 3.40963E+010 
62400 3.38213E+010 
62450 3.35486E+010 
62500 3.3278E+010 
62550 3.30096E+010 
62600 3.27434E+010 
62650 3.24793E+010 
62700 3.22173E+010 
62750 3.19574E+010 
62800 3.16996E+010 
62850 3.14438E+010 
62900 3.11901E+010 
62950 3.09385E+010 
63000 3.06888E+010 
63050 3.04412E+010 
63100 3.01956E+010 
63150 2.99519E+010 
63200 2.97101E+010 
63250 2.94704E+010 
63300 2.92325E+010 
63350 2.89966E+010 
63400 2.87625E+010 
63450 2.85303E+010 
63500 2.83E+010 
63550 2.80715E+010 
63600 2.78449E+010 
63650 2.76201E+010 
63700 2.7397E+010 
63750 2.71758E+010 
63800 2.69563E+010 
63850 2.67387E+010 
63900 2.65227E+010 
63950 2.63085E+010 
64000 2.6096E+010 
64050 2.58852E+010 
64100 2.56762E+010 
64150 2.54687E+010 
64200 2.5263E+010 
64250 2.50589E+010 
64300 2.48564E+010 
64350 2.46556E+010 
64400 2.44564E+010 
64450 2.42588E+010 
64500 2.40628E+010 
64550 2.38683E+010 
64600 2.36754E+010 
64650 2.34841E+010 
64700 2.32943E+010 
64750 2.3106E+010 
64800 2.29192E+010 
64850 2.2734E+010 
64900 2.25502E+010 
64950 2.23679E+010 
65000 2.21871E+010 
65050 2.20077E+010 
65100 2.18297E+010 
65150 2.16532E+010 
65200 2.14781E+010 
65250 2.13045E+010 
65300 2.11322E+010 
65350 2.09613E+010 
65400 2.07918E+010 
65450 2.06236E+010 
65500 2.04568E+010 
65550 2.02913E+010 
65600 2.01272E+010 
65650 1.99644E+010 
65700 1.98029E+010 
65750 1.96427E+010 
65800 1.94837E+010 
65850 1.93261E+010 
65900 1.91697E+010 
65950 1.90146E+010 
66000 1.88608E+010 
66050 1.87081E+010 
66100 1.85567E+010 
66150 1.84065E+010 
66200 1.82576E+010 
66250 1.81098E+010 
66300 1.79632E+010 
66350 1.78178E+010 
66400 1.76736E+010 
66450 1.75305E+010 
66500 1.73886E+010 
66550 1.72478E+010 
66600 1.71082E+010 
66650 1.69697E+010 
66700 1.68323E+010 
66750 1.6696E+010 
66800 1.65608E+010 
66850 1.64267E+010 
66900 1.62937E+010 
66950 1.61617E+010 
67000 1.60308E+010 
67050 1.5901E+010 
67100 1.57722E+010 
67150 1.56444E+010 
67200 1.55177E+010 
67250 1.5392E+010 
67300 1.52673E+010 
67350 1.51436E+010 
67400 1.50209E+010 
67450 1.48992E+010 
67500 1.47785E+010 
67550 1.46588E+010 
67600 1.454E+010 
67650 1.44222E+010 
67700 1.43053E+010 
67750 1.41893E+010 
67800 1.40744E+010 
67850 1.39603E+010 
67900 1.38471E+010 
67950 1.37349E+010 
68000 1.36236E+010 
68050 1.35131E+010 
68100 1.34036E+010 
68150 1.32949E+010 
68200 1.31871E+010 
68250 1.30802E+010 
68300 1.29742E+010 
68350 1.2869E+010 
68400 1.27646E+010 
68450 1.26611E+010 
68500 1.25585E+010 
68550 1.24566E+010 
68600 1.23556E+010 
68650 1.22554E+010 
68700 1.2156E+010 
68750 1.20574E+010 
68800 1.19596E+010 
68850 1.18626E+010 
68900 1.17664E+010 
68950 1.16709E+010 
69000 1.15763E+010 
69050 1.14823E+010 
69100 1.13892E+010 
69150 1.12968E+010 
69200 1.12051E+010 
69250 1.11142E+010 
69300 1.1024E+010 
69350 1.09346E+010 
69400 1.08458E+010 
69450 1.07578E+010 
69500 1.06705E+010 
69550 1.05839E+010 
69600 1.0498E+010 
69650 1.04128E+010 
69700 1.03283E+010 
69750 1.02445E+010 
69800 1.01613E+010 
69850 1.00788E+010 
69900 9.99699E+009 
69950 9.91583E+009 
70000 9.83533E+009 
70050 9.75547E+009 
70100 9.67627E+009 
70150 9.5977E+009 
70200 9.51977E+009 
70250 9.44247E+009 
70300 9.36579E+009 
70350 9.28973E+009 
70400 9.21429E+009 
70450 9.13946E+009 
70500 9.06523E+009 
70550 8.9916E+009 
70600 8.91857E+009 
70650 8.84613E+009 
70700 8.77427E+009 
70750 8.703E+009 
70800 8.6323E+009 
70850 8.56217E+009 
70900 8.49261E+009 
70950 8.42361E+009 
71000 8.35517E+009 
71050 8.28729E+009 
71100 8.21995E+009 
71150 8.15316E+009 
71200 8.08691E+009 
71250 8.02119E+009 
71300 7.95601E+009 
71350 7.89135E+009 
71400 7.82722E+009 
71450 7.7636E+009 
71500 7.7005E+009 
71550 7.63792E+009 
71600 7.57583E+009 
71650 7.51425E+009 
71700 7.45317E+009 
71750 7.39258E+009 
71800 7.33249E+009 
71850 7.27288E+009 
71900 7.21375E+009 
71950 7.1551E+009 
72000 7.09692E+009 
72050 7.03922E+009 
72100 6.98198E+009 
72150 6.92521E+009 
72200 6.8689E+009 
72250 6.81304E+009 
72300 6.75763E+009 
72350 6.70268E+009 
72400 6.64816E+009 
72450 6.59409E+009 
72500 6.54046E+009 
72550 6.48726E+009 
72600 6.4345E+009 
72650 6.38216E+009 
72700 6.33024E+009 
72750 6.27875E+009 
72800 6.22767E+009 
72850 6.17701E+009 
72900 6.12675E+009 
72950 6.0769E+009 
73000 6.02746E+009 
73050 5.97842E+009 
73100 5.92978E+009 
73150 5.88153E+009 
73200 5.83367E+009 
73250 5.78619E+009 
73300 5.73911E+009 
73350 5.6924E+009 
73400 5.64607E+009 
73450 5.60012E+009 
73500 5.55455E+009 
73550 5.50934E+009 
73600 5.46449E+009 
73650 5.42001E+009 
73700 5.37589E+009 
73750 5.33213E+009 
73800 5.28873E+009 
73850 5.24567E+009 
73900 5.20297E+009 
73950 5.16061E+009 
74000 5.11859E+009 
74050 5.07692E+009 
74100 5.03558E+009 
74150 4.99458E+009 
74200 4.95391E+009 
74250 4.91357E+009 
74300 4.87356E+009 
74350 4.83387E+009 
74400 4.79451E+009 
74450 4.75546E+009 
74500 4.71673E+009 
74550 4.67832E+009 
74600 4.64021E+009 
74650 4.60242E+009 
74700 4.56493E+009 
74750 4.52775E+009 
74800 4.49086E+009 
74850 4.45428E+009 
74900 4.41799E+009 
74950 4.382E+009 
75000 4.3463E+009 
75050 4.31089E+009 
75100 4.27577E+009 
75150 4.24093E+009 
75200 4.20638E+009 
75250 4.17211E+009 
75300 4.13811E+009 
75350 4.10439E+009 
75400 4.07095E+009 
75450 4.03777E+009 
75500 4.00487E+009 
75550 3.97223E+009 
75600 3.93985E+009 
75650 3.90774E+009 
75700 3.87589E+009 
75750 3.8443E+009 
75800 3.81297E+009 
75850 3.78189E+009 
75900 3.75106E+009 
75950 3.72048E+009 
76000 3.69016E+009 
76050 3.66007E+009 
76100 3.63023E+009 
76150 3.60064E+009 
76200 3.57128E+009 
76250 3.54217E+009 
76300 3.51329E+009 
76350 3.48464E+009 
76400 3.45623E+009 
76450 3.42805E+009 
76500 3.40009E+009 
76550 3.37237E+009 
76600 3.34487E+009 
76650 3.31759E+009 
76700 3.29053E+009 
76750 3.2637E+009 
76800 3.23708E+009 
76850 3.21068E+009 
76900 3.18449E+009 
76950 3.15851E+009 
77000 3.13275E+009 
77050 3.1072E+009 
77100 3.08185E+009 
77150 3.05671E+009 
77200 3.03178E+009 
77250 3.00704E+009 
77300 2.98251E+009 
77350 2.95818E+009 
77400 2.93404E+009 
77450 2.91011E+009 
77500 2.88636E+009 
77550 2.86281E+009 
77600 2.83945E+009 
77650 2.81628E+009 
77700 2.7933E+009 
77750 2.77051E+009 
77800 2.7479E+009 
77850 2.72548E+009 
77900 2.70323E+009 
77950 2.68117E+009 
78000 2.65929E+009 
78050 2.63758E+009 
78100 2.61606E+009 
78150 2.5947E+009 
78200 2.57353E+009 
78250 2.55252E+009 
78300 2.53168E+009 
78350 2.51102E+009 
78400 2.49052E+009 
78450 2.47019E+009 
78500 2.45002E+009 
78550 2.43002E+009 
78600 2.41018E+009 
78650 2.3905E+009 
78700 2.37099E+009 
78750 2.35163E+009 
78800 2.33243E+009 
78850 2.31338E+009 
78900 2.29449E+009 
78950 2.27576E+009 
79000 2.25717E+009 
79050 2.23874E+009 
79100 2.22046E+009 
79150 2.20232E+009 
79200 2.18434E+009 
79250 2.1665E+009 
79300 2.14881E+009 
79350 2.13125E+009 
79400 2.11385E+009 
79450 2.09658E+009 
79500 2.07946E+009 
79550 2.06247E+009 
79600 2.04562E+009 
79650 2.02891E+009 
79700 2.01234E+009 
79750 1.9959E+009 
79800 1.97959E+009 
79850 1.96342E+009 
79900 1.94738E+009 
79950 1.93147E+009 
80000 1.91569E+009 
80050 1.90004E+009 
80100 1.88451E+009 
80150 1.86912E+009 
80200 1.85384E+009 
80250 1.83869E+009 
80300 1.82367E+009 
80350 1.80877E+009 
80400 1.79399E+009 
80450 1.77932E+009 
80500 1.76478E+009 
80550 1.75036E+009 
80600 1.73605E+009 
80650 1.72186E+009 
80700 1.70779E+009 
80750 1.69383E+009 
80800 1.67999E+009 
80850 1.66626E+009 
80900 1.65264E+009 
80950 1.63913E+009 
81000 1.62573E+009 
81050 1.61244E+009 
81100 1.59926E+009 
81150 1.58618E+009 
81200 1.57321E+009 
81250 1.56035E+009 
81300 1.5476E+009 
81350 1.53494E+009 
81400 1.52239E+009 
81450 1.50995E+009 
81500 1.4976E+009 
81550 1.48535E+009 
81600 1.47321E+009 
81650 1.46116E+009 
81700 1.44921E+009 
81750 1.43736E+009 
81800 1.42561E+009 
81850 1.41395E+009 
81900 1.40239E+009 
81950 1.39092E+009 
82000 1.37954E+009 
82050 1.36826E+009 
82100 1.35707E+009 
82150 1.34597E+009 
82200 1.33496E+009 
82250 1.32404E+009 
82300 1.31321E+009 
82350 1.30247E+009 
82400 1.29181E+009 
82450 1.28125E+009 
82500 1.27076E+009 
82550 1.26037E+009 
82600 1.25006E+009 
82650 1.23983E+009 
82700 1.22969E+009 
82750 1.21963E+009 
82800 1.20965E+009 
82850 1.19975E+009 
82900 1.18993E+009 
82950 1.1802E+009 
83000 1.17054E+009 
83050 1.16096E+009 
83100 1.15146E+009 
83150 1.14204E+009 
83200 1.13269E+009 
83250 1.12342E+009 
83300 1.11423E+009 
83350 1.10511E+009 
83400 1.09607E+009 
83450 1.0871E+009 
83500 1.0782E+009 
83550 1.06937E+009 
83600 1.06062E+009 
83650 1.05194E+009 
83700 1.04333E+009 
83750 1.03479E+009 
83800 1.02632E+009 
83850 1.01792E+009 
83900 1.00959E+009 
83950 1.00132E+009 
84000 9.93125E+008 
84050 9.84995E+008 
84100 9.76931E+008 
84150 9.68933E+008 
84200 9.61001E+008 
84250 9.53133E+008 
84300 9.45329E+008 
84350 9.37589E+008 
84400 9.29912E+008 
84450 9.22298E+008 
84500 9.14746E+008 
84550 9.07256E+008 
84600 8.99827E+008 
84650 8.92458E+008 
84700 8.8515E+008 
84750 8.77902E+008 
84800 8.70712E+008 
84850 8.63582E+008 
84900 8.56509E+008 
84950 8.49495E+008 
85000 8.42537E+008 
85050 8.35637E+008 
85100 8.28793E+008 
85150 8.22005E+008 
85200 8.15272E+008 
85250 8.08594E+008 
85300 8.01971E+008 
85350 7.95402E+008 
85400 7.88886E+008 
85450 7.82424E+008 
85500 7.76015E+008 
85550 7.69657E+008 
85600 7.63352E+008 
85650 7.57099E+008 
85700 7.50896E+008 
85750 7.44745E+008 
85800 7.38643E+008 
85850 7.32591E+008 
85900 7.26589E+008 
85950 7.20636E+008 
86000 7.14731E+008 
86050 7.08875E+008 
86100 7.03067E+008 
86150 6.97306E+008 
86200 6.91592E+008 
86250 6.85925E+008 
86300 6.80304E+008 
86350 6.74729E+008 
86400 6.69199E+008 
86450 6.63715E+008 
86500 6.58276E+008 
86550 6.52881E+008 
86600 6.4753E+008 
86650 6.42223E+008 
86700 6.3696E+008 
86750 6.31739E+008 
86800 6.26561E+008 
86850 6.21426E+008 
86900 6.16332E+008 
86950 6.1128E+008 
87000 6.0627E+008 
87050 6.013E+008 
87100 5.96371E+008 
87150 5.91482E+008 
87200 5.86633E+008 
87250 5.81824E+008 
87300 5.77055E+008 
87350 5.72324E+008 
87400 5.67632E+008 
87450 5.62978E+008 
87500 5.58362E+008 
87550 5.53785E+008 
87600 5.49244E+008 
87650 5.44741E+008 
87700 5.40274E+008 
87750 5.35844E+008 
87800 5.31451E+008 
87850 5.27093E+008 
87900 5.22771E+008 
87950 5.18484E+008 
88000 5.14232E+008 
88050 5.10015E+008 
88100 5.05833E+008 
88150 5.01685E+008 
88200 4.9757E+008 
88250 4.9349E+008 
88300 4.89443E+008 
88350 4.85429E+008 
88400 4.81447E+008 
88450 4.77499E+008 
88500 4.73582E+008 
88550 4.69698E+008 
88600 4.65845E+008 
88650 4.62024E+008 
88700 4.58234E+008 
88750 4.54476E+008 
88800 4.50748E+008 
88850 4.4705E+008 
88900 4.43383E+008 
88950 4.39746E+008 
89000 4.36138E+008 
89050 4.32561E+008 
89100 4.29012E+008 
89150 4.25492E+008 
89200 4.22002E+008 
89250 4.18539E+008 
89300 4.15105E+008 
89350 4.117E+008 
89400 4.08322E+008 
89450 4.04972E+008 
89500 4.01649E+008 
89550 3.98353E+008 
89600 3.95085E+008 
89650 3.91843E+008 
89700 3.88627E+008 
89750 3.85438E+008 
89800 3.82275E+008 
89850 3.79138E+008 
89900 3.76027E+008 
89950 3.72941E+008 
90000 3.69881E+008 
90050 3.66845E+008 
90100 3.63835E+008 
90150 3.60849E+008 
90200 3.57887E+008 
90250 3.5495E+008 
90300 3.52037E+008 
90350 3.49147E+008 
90400 3.46281E+008 
90450 3.43439E+008 
90500 3.4062E+008 
90550 3.37824E+008 
90600 3.35051E+008 
90650 3.32301E+008 
90700 3.29573E+008 
90750 3.26868E+008 
90800 3.24185E+008 
90850 3.21523E+008 
90900 3.18884E+008 
90950 3.16266E+008 
91000 3.1367E+008 
91050 3.11094E+008 
91100 3.0854E+008 
91150 3.06007E+008 
91200 3.03495E+008 
91250 3.01003E+008 
91300 2.98532E+008 
91350 2.96081E+008 
91400 2.9365E+008 
91450 2.91238E+008 
91500 2.88847E+008 
91550 2.86475E+008 
91600 2.84123E+008 
91650 2.8179E+008 
91700 2.79476E+008 
91750 2.77181E+008 
91800 2.74905E+008 
91850 2.72647E+008 
91900 2.70408E+008 
91950 2.68188E+008 
92000 2.65985E+008 
92050 2.63801E+008 
92100 2.61634E+008 
92150 2.59485E+008 
92200 2.57354E+008 
92250 2.5524E+008 
92300 2.53144E+008 
92350 2.51065E+008 
92400 2.49003E+008 
92450 2.46958E+008 
92500 2.44929E+008 
92550 2.42917E+008 
92600 2.40922E+008 
92650 2.38943E+008 
92700 2.3698E+008 
92750 2.35033E+008 
92800 2.33102E+008 
92850 2.31188E+008 
92900 2.29288E+008 
92950 2.27405E+008 
93000 2.25537E+008 
93050 2.23684E+008 
93100 2.21846E+008 
93150 2.20023E+008 
93200 2.18216E+008 
93250 2.16423E+008 
93300 2.14645E+008 
93350 2.12881E+008 
93400 2.11132E+008 
93450 2.09397E+008 
93500 2.07677E+008 
93550 2.0597E+008 
93600 2.04278E+008 
93650 2.02599E+008 
93700 2.00934E+008 
93750 1.99283E+008 
93800 1.97646E+008 
93850 1.96022E+008 
93900 1.94411E+008 
93950 1.92813E+008 
94000 1.91228E+008 
94050 1.89657E+008 
94100 1.88098E+008 
94150 1.86552E+008 
94200 1.85019E+008 
94250 1.83499E+008 
94300 1.8199E+008 
94350 1.80495E+008 
94400 1.79011E+008 
94450 1.7754E+008 
94500 1.76081E+008 
94550 1.74633E+008 
94600 1.73198E+008 
94650 1.71774E+008 
94700 1.70362E+008 
94750 1.68962E+008 
94800 1.67573E+008 
94850 1.66196E+008 
94900 1.64829E+008 
94950 1.63474E+008 
95000 1.6213E+008 
95050 1.60798E+008 
95100 1.59476E+008 
95150 1.58165E+008 
95200 1.56864E+008 
95250 1.55575E+008 
95300 1.54296E+008 
95350 1.53027E+008 
95400 1.51769E+008 
95450 1.50521E+008 
95500 1.49284E+008 
95550 1.48056E+008 
95600 1.46839E+008 
95650 1.45632E+008 
95700 1.44434E+008 
95750 1.43246E+008 
95800 1.42068E+008 
95850 1.409E+008 
95900 1.39742E+008 
95950 1.38593E+008 
96000 1.37453E+008 
96050 1.36323E+008 
96100 1.35202E+008 
96150 1.3409E+008 
96200 1.32987E+008 
96250 1.31893E+008 
96300 1.30809E+008 
96350 1.29733E+008 
96400 1.28666E+008 
96450 1.27608E+008 
96500 1.26558E+008 
96550 1.25517E+008 
96600 1.24485E+008 
96650 1.23461E+008 
96700 1.22446E+008 
96750 1.21439E+008 
96800 1.2044E+008 
96850 1.19449E+008 
96900 1.18466E+008 
96950 1.17492E+008 
97000 1.16526E+008 
97050 1.15567E+008 
97100 1.14616E+008 
97150 1.13674E+008 
97200 1.12738E+008 
97250 1.11811E+008 
97300 1.10891E+008 
97350 1.09979E+008 
97400 1.09074E+008 
97450 1.08177E+008 
97500 1.07287E+008 
97550 1.06404E+008 
97600 1.05529E+008 
97650 1.04661E+008 
97700 1.038E+008 
97750 1.02946E+008 
97800 1.02099E+008 
97850 1.01259E+008 
97900 1.00425E+008 
97950 9.95992E+007 
98000 9.87796E+007 
98050 9.79669E+007 
98100 9.71608E+007 
98150 9.63613E+007 
98200 9.55684E+007 
98250 9.4782E+007 
98300 9.4002E+007 
98350 9.32285E+007 
98400 9.24613E+007 
98450 9.17004E+007 
98500 9.09458E+007 
98550 9.01974E+007 
98600 8.94551E+007 
98650 8.87189E+007 
98700 8.79888E+007 
98750 8.72646E+007 
98800 8.65465E+007 
98850 8.58342E+007 
98900 8.51278E+007 
98950 8.44271E+007 
99000 8.37323E+007 
99050 8.30431E+007 
99100 8.23596E+007 
99150 8.16817E+007 
99200 8.10094E+007 
99250 8.03426E+007 
99300 7.96813E+007 
99350 7.90254E+007 
99400 7.8375E+007 
99450 7.77298E+007 
99500 7.709E+007 
99550 7.64554E+007 
99600 7.5826E+007 
99650 7.52018E+007 
99700 7.45828E+007 
99750 7.39688E+007 
99800 7.33599E+007 
99850 7.2756E+007 
99900 7.2157E+007 
99950 7.1563E+007 
100000 7.09738E+007 
