#F U:\Beamline I20\I20-2_EDE\Wigglers\xop\83mm-small-wiggler\EDE wiggler\1p0T-300mA-0p12x1p3mrad.dat
#C I20EDE 1.0T 300mA 0.12x1.3mrad
#S 1 File written by xplot on Tue Dec 07 18:27:55 2010
#N 2
#L    Energy [eV]  Flux [ph/s/0.1%bw]
50 1.03431E+013 
100 1.63974E+013 
150 2.14426E+013 
200 2.59097E+013 
250 2.99775E+013 
300 3.37423E+013 
350 3.72638E+013 
400 4.05819E+013 
450 4.37254E+013 
500 4.67156E+013 
550 4.95692E+013 
600 5.22995E+013 
650 5.49172E+013 
700 5.74312E+013 
750 5.98492E+013 
800 6.21775E+013 
850 6.44218E+013 
900 6.65869E+013 
950 6.86771E+013 
1000 7.06963E+013 
1050 7.26478E+013 
1100 7.45349E+013 
1150 7.63602E+013 
1200 7.81264E+013 
1250 7.98359E+013 
1300 8.14907E+013 
1350 8.30929E+013 
1400 8.46444E+013 
1450 8.61469E+013 
1500 8.7602E+013 
1550 8.90113E+013 
1600 9.03762E+013 
1650 9.16979E+013 
1700 9.29779E+013 
1750 9.42174E+013 
1800 9.54174E+013 
1850 9.6579E+013 
1900 9.77034E+013 
1950 9.87915E+013 
2000 9.98443E+013 
2050 1.00863E+014 
2100 1.01847E+014 
2150 1.02799E+014 
2200 1.0372E+014 
2250 1.04609E+014 
2300 1.05467E+014 
2350 1.06296E+014 
2400 1.07096E+014 
2450 1.07868E+014 
2500 1.08612E+014 
2550 1.09329E+014 
2600 1.10019E+014 
2650 1.10684E+014 
2700 1.11324E+014 
2750 1.11939E+014 
2800 1.12529E+014 
2850 1.13097E+014 
2900 1.13641E+014 
2950 1.14162E+014 
3000 1.14661E+014 
3050 1.15139E+014 
3100 1.15596E+014 
3150 1.16031E+014 
3200 1.16447E+014 
3250 1.16843E+014 
3300 1.17219E+014 
3350 1.17576E+014 
3400 1.17914E+014 
3450 1.18235E+014 
3500 1.18537E+014 
3550 1.18822E+014 
3600 1.1909E+014 
3650 1.1934E+014 
3700 1.19575E+014 
3750 1.19793E+014 
3800 1.19996E+014 
3850 1.20183E+014 
3900 1.20355E+014 
3950 1.20512E+014 
4000 1.20655E+014 
4050 1.20783E+014 
4100 1.20898E+014 
4150 1.20999E+014 
4200 1.21087E+014 
4250 1.21161E+014 
4300 1.21223E+014 
4350 1.21272E+014 
4400 1.21309E+014 
4450 1.21334E+014 
4500 1.21347E+014 
4550 1.21349E+014 
4600 1.21339E+014 
4650 1.21318E+014 
4700 1.21287E+014 
4750 1.21245E+014 
4800 1.21192E+014 
4850 1.2113E+014 
4900 1.21057E+014 
4950 1.20975E+014 
5000 1.20883E+014 
5050 1.20782E+014 
5100 1.20672E+014 
5150 1.20553E+014 
5200 1.20425E+014 
5250 1.20288E+014 
5300 1.20144E+014 
5350 1.19991E+014 
5400 1.1983E+014 
5450 1.19662E+014 
5500 1.19485E+014 
5550 1.19302E+014 
5600 1.19111E+014 
5650 1.18913E+014 
5700 1.18708E+014 
5750 1.18496E+014 
5800 1.18278E+014 
5850 1.18053E+014 
5900 1.17821E+014 
5950 1.17584E+014 
6000 1.1734E+014 
6050 1.17091E+014 
6100 1.16836E+014 
6150 1.16575E+014 
6200 1.16309E+014 
6250 1.16037E+014 
6300 1.1576E+014 
6350 1.15478E+014 
6400 1.15191E+014 
6450 1.149E+014 
6500 1.14603E+014 
6550 1.14302E+014 
6600 1.13997E+014 
6650 1.13687E+014 
6700 1.13372E+014 
6750 1.13054E+014 
6800 1.12732E+014 
6850 1.12406E+014 
6900 1.12076E+014 
6950 1.11742E+014 
7000 1.11405E+014 
7050 1.11064E+014 
7100 1.1072E+014 
7150 1.10372E+014 
7200 1.10021E+014 
7250 1.09668E+014 
7300 1.09311E+014 
7350 1.08951E+014 
7400 1.08588E+014 
7450 1.08223E+014 
7500 1.07855E+014 
7550 1.07484E+014 
7600 1.07111E+014 
7650 1.06735E+014 
7700 1.06358E+014 
7750 1.05977E+014 
7800 1.05595E+014 
7850 1.05211E+014 
7900 1.04824E+014 
7950 1.04436E+014 
8000 1.04046E+014 
8050 1.03654E+014 
8100 1.0326E+014 
8150 1.02865E+014 
8200 1.02468E+014 
8250 1.02069E+014 
8300 1.01669E+014 
8350 1.01268E+014 
8400 1.00865E+014 
8450 1.00461E+014 
8500 1.00056E+014 
8550 9.96493E+013 
8600 9.92418E+013 
8650 9.88333E+013 
8700 9.84237E+013 
8750 9.80133E+013 
8800 9.7602E+013 
8850 9.71899E+013 
8900 9.6777E+013 
8950 9.63634E+013 
9000 9.59491E+013 
9050 9.55342E+013 
9100 9.51188E+013 
9150 9.47028E+013 
9200 9.42864E+013 
9250 9.38695E+013 
9300 9.34523E+013 
9350 9.30347E+013 
9400 9.26169E+013 
9450 9.21987E+013 
9500 9.17804E+013 
9550 9.1362E+013 
9600 9.09434E+013 
9650 9.05247E+013 
9700 9.01059E+013 
9750 8.96872E+013 
9800 8.92685E+013 
9850 8.88498E+013 
9900 8.84313E+013 
9950 8.80129E+013 
10000 8.75947E+013 
10050 8.71766E+013 
10100 8.67588E+013 
10150 8.63413E+013 
10200 8.59241E+013 
10250 8.55072E+013 
10300 8.50907E+013 
10350 8.46746E+013 
10400 8.42589E+013 
10450 8.38437E+013 
10500 8.34289E+013 
10550 8.30146E+013 
10600 8.26009E+013 
10650 8.21878E+013 
10700 8.17752E+013 
10750 8.13632E+013 
10800 8.09519E+013 
10850 8.05412E+013 
10900 8.01313E+013 
10950 7.9722E+013 
11000 7.93135E+013 
11050 7.89057E+013 
11100 7.84987E+013 
11150 7.80925E+013 
11200 7.76871E+013 
11250 7.72825E+013 
11300 7.68788E+013 
11350 7.6476E+013 
11400 7.60741E+013 
11450 7.56731E+013 
11500 7.5273E+013 
11550 7.48739E+013 
11600 7.44757E+013 
11650 7.40785E+013 
11700 7.36823E+013 
11750 7.32872E+013 
11800 7.2893E+013 
11850 7.24999E+013 
11900 7.21079E+013 
11950 7.1717E+013 
12000 7.13271E+013 
12050 7.09383E+013 
12100 7.05507E+013 
12150 7.01642E+013 
12200 6.97788E+013 
12250 6.93946E+013 
12300 6.90115E+013 
12350 6.86296E+013 
12400 6.82489E+013 
12450 6.78694E+013 
12500 6.74912E+013 
12550 6.71141E+013 
12600 6.67383E+013 
12650 6.63637E+013 
12700 6.59903E+013 
12750 6.56183E+013 
12800 6.52474E+013 
12850 6.48779E+013 
12900 6.45096E+013 
12950 6.41427E+013 
13000 6.3777E+013 
13050 6.34127E+013 
13100 6.30496E+013 
13150 6.26879E+013 
13200 6.23275E+013 
13250 6.19685E+013 
13300 6.16107E+013 
13350 6.12544E+013 
13400 6.08994E+013 
13450 6.05457E+013 
13500 6.01934E+013 
13550 5.98425E+013 
13600 5.9493E+013 
13650 5.91448E+013 
13700 5.8798E+013 
13750 5.84526E+013 
13800 5.81086E+013 
13850 5.7766E+013 
13900 5.74248E+013 
13950 5.7085E+013 
14000 5.67466E+013 
14050 5.64096E+013 
14100 5.6074E+013 
14150 5.57398E+013 
14200 5.54071E+013 
14250 5.50757E+013 
14300 5.47458E+013 
14350 5.44173E+013 
14400 5.40903E+013 
14450 5.37646E+013 
14500 5.34404E+013 
14550 5.31177E+013 
14600 5.27963E+013 
14650 5.24764E+013 
14700 5.21579E+013 
14750 5.18409E+013 
14800 5.15253E+013 
14850 5.12111E+013 
14900 5.08984E+013 
14950 5.05871E+013 
15000 5.02772E+013 
15050 4.99688E+013 
15100 4.96618E+013 
15150 4.93562E+013 
15200 4.90521E+013 
15250 4.87494E+013 
15300 4.84482E+013 
15350 4.81484E+013 
15400 4.785E+013 
15450 4.7553E+013 
15500 4.72575E+013 
15550 4.69634E+013 
15600 4.66708E+013 
15650 4.63795E+013 
15700 4.60897E+013 
15750 4.58013E+013 
15800 4.55144E+013 
15850 4.52288E+013 
15900 4.49447E+013 
15950 4.4662E+013 
16000 4.43807E+013 
16050 4.41009E+013 
16100 4.38224E+013 
16150 4.35453E+013 
16200 4.32697E+013 
16250 4.29954E+013 
16300 4.27226E+013 
16350 4.24512E+013 
16400 4.21811E+013 
16450 4.19125E+013 
16500 4.16452E+013 
16550 4.13793E+013 
16600 4.11148E+013 
16650 4.08517E+013 
16700 4.059E+013 
16750 4.03297E+013 
16800 4.00707E+013 
16850 3.98131E+013 
16900 3.95568E+013 
16950 3.9302E+013 
17000 3.90484E+013 
17050 3.87963E+013 
17100 3.85455E+013 
17150 3.8296E+013 
17200 3.80479E+013 
17250 3.78011E+013 
17300 3.75557E+013 
17350 3.73116E+013 
17400 3.70688E+013 
17450 3.68273E+013 
17500 3.65872E+013 
17550 3.63484E+013 
17600 3.61109E+013 
17650 3.58748E+013 
17700 3.56399E+013 
17750 3.54063E+013 
17800 3.5174E+013 
17850 3.49431E+013 
17900 3.47134E+013 
17950 3.4485E+013 
18000 3.42579E+013 
18050 3.4032E+013 
18100 3.38074E+013 
18150 3.35842E+013 
18200 3.33621E+013 
18250 3.31413E+013 
18300 3.29218E+013 
18350 3.27036E+013 
18400 3.24865E+013 
18450 3.22708E+013 
18500 3.20562E+013 
18550 3.18429E+013 
18600 3.16308E+013 
18650 3.142E+013 
18700 3.12103E+013 
18750 3.10019E+013 
18800 3.07947E+013 
18850 3.05887E+013 
18900 3.03839E+013 
18950 3.01803E+013 
19000 2.99778E+013 
19050 2.97766E+013 
19100 2.95765E+013 
19150 2.93777E+013 
19200 2.918E+013 
19250 2.89834E+013 
19300 2.87881E+013 
19350 2.85938E+013 
19400 2.84008E+013 
19450 2.82089E+013 
19500 2.80181E+013 
19550 2.78284E+013 
19600 2.76399E+013 
19650 2.74526E+013 
19700 2.72663E+013 
19750 2.70812E+013 
19800 2.68972E+013 
19850 2.67143E+013 
19900 2.65325E+013 
19950 2.63518E+013 
20000 2.61722E+013 
20050 2.59936E+013 
20100 2.58162E+013 
20150 2.56398E+013 
20200 2.54646E+013 
20250 2.52904E+013 
20300 2.51172E+013 
20350 2.49451E+013 
20400 2.47741E+013 
20450 2.46041E+013 
20500 2.44352E+013 
20550 2.42673E+013 
20600 2.41004E+013 
20650 2.39346E+013 
20700 2.37698E+013 
20750 2.3606E+013 
20800 2.34432E+013 
20850 2.32815E+013 
20900 2.31207E+013 
20950 2.2961E+013 
21000 2.28022E+013 
21050 2.26444E+013 
21100 2.24877E+013 
21150 2.23319E+013 
21200 2.21771E+013 
21250 2.20232E+013 
21300 2.18703E+013 
21350 2.17184E+013 
21400 2.15675E+013 
21450 2.14175E+013 
21500 2.12684E+013 
21550 2.11203E+013 
21600 2.09731E+013 
21650 2.08269E+013 
21700 2.06816E+013 
21750 2.05371E+013 
21800 2.03937E+013 
21850 2.02511E+013 
21900 2.01095E+013 
21950 1.99687E+013 
22000 1.98289E+013 
22050 1.96899E+013 
22100 1.95519E+013 
22150 1.94147E+013 
22200 1.92784E+013 
22250 1.9143E+013 
22300 1.90085E+013 
22350 1.88748E+013 
22400 1.8742E+013 
22450 1.861E+013 
22500 1.84789E+013 
22550 1.83487E+013 
22600 1.82193E+013 
22650 1.80907E+013 
22700 1.7963E+013 
22750 1.78361E+013 
22800 1.771E+013 
22850 1.75847E+013 
22900 1.74603E+013 
22950 1.73367E+013 
23000 1.72139E+013 
23050 1.70918E+013 
23100 1.69706E+013 
23150 1.68502E+013 
23200 1.67306E+013 
23250 1.66117E+013 
23300 1.64937E+013 
23350 1.63764E+013 
23400 1.62599E+013 
23450 1.61441E+013 
23500 1.60292E+013 
23550 1.59149E+013 
23600 1.58015E+013 
23650 1.56888E+013 
23700 1.55768E+013 
23750 1.54656E+013 
23800 1.53551E+013 
23850 1.52453E+013 
23900 1.51363E+013 
23950 1.5028E+013 
24000 1.49204E+013 
24050 1.48136E+013 
24100 1.47074E+013 
24150 1.4602E+013 
24200 1.44973E+013 
24250 1.43932E+013 
24300 1.42899E+013 
24350 1.41873E+013 
24400 1.40853E+013 
24450 1.3984E+013 
24500 1.38835E+013 
24550 1.37836E+013 
24600 1.36843E+013 
24650 1.35858E+013 
24700 1.34878E+013 
24750 1.33906E+013 
24800 1.3294E+013 
24850 1.31981E+013 
24900 1.31028E+013 
24950 1.30082E+013 
25000 1.29142E+013 
25050 1.28208E+013 
25100 1.27281E+013 
25150 1.2636E+013 
25200 1.25445E+013 
25250 1.24536E+013 
25300 1.23634E+013 
25350 1.22738E+013 
25400 1.21848E+013 
25450 1.20964E+013 
25500 1.20086E+013 
25550 1.19214E+013 
25600 1.18348E+013 
25650 1.17488E+013 
25700 1.16634E+013 
25750 1.15785E+013 
25800 1.14943E+013 
25850 1.14106E+013 
25900 1.13275E+013 
25950 1.1245E+013 
26000 1.1163E+013 
26050 1.10816E+013 
26100 1.10008E+013 
26150 1.09205E+013 
26200 1.08408E+013 
26250 1.07616E+013 
26300 1.0683E+013 
26350 1.06049E+013 
26400 1.05274E+013 
26450 1.04504E+013 
26500 1.03739E+013 
26550 1.02979E+013 
26600 1.02225E+013 
26650 1.01476E+013 
26700 1.00733E+013 
26750 9.99939E+012 
26800 9.92605E+012 
26850 9.85321E+012 
26900 9.78089E+012 
26950 9.70906E+012 
27000 9.63774E+012 
27050 9.56691E+012 
27100 9.49658E+012 
27150 9.42674E+012 
27200 9.35739E+012 
27250 9.28852E+012 
27300 9.22013E+012 
27350 9.15222E+012 
27400 9.08479E+012 
27450 9.01783E+012 
27500 8.95134E+012 
27550 8.88532E+012 
27600 8.81976E+012 
27650 8.75466E+012 
27700 8.69002E+012 
27750 8.62583E+012 
27800 8.56209E+012 
27850 8.49881E+012 
27900 8.43597E+012 
27950 8.37357E+012 
28000 8.31161E+012 
28050 8.25009E+012 
28100 8.189E+012 
28150 8.12835E+012 
28200 8.06812E+012 
28250 8.00832E+012 
28300 7.94894E+012 
28350 7.88999E+012 
28400 7.83145E+012 
28450 7.77333E+012 
28500 7.71561E+012 
28550 7.65831E+012 
28600 7.60142E+012 
28650 7.54493E+012 
28700 7.48884E+012 
28750 7.43315E+012 
28800 7.37785E+012 
28850 7.32295E+012 
28900 7.26844E+012 
28950 7.21432E+012 
29000 7.16058E+012 
29050 7.10723E+012 
29100 7.05426E+012 
29150 7.00166E+012 
29200 6.94945E+012 
29250 6.8976E+012 
29300 6.84613E+012 
29350 6.79502E+012 
29400 6.74429E+012 
29450 6.69391E+012 
29500 6.64389E+012 
29550 6.59424E+012 
29600 6.54494E+012 
29650 6.49599E+012 
29700 6.44739E+012 
29750 6.39915E+012 
29800 6.35125E+012 
29850 6.30369E+012 
29900 6.25648E+012 
29950 6.20961E+012 
30000 6.16307E+012 
30050 6.11687E+012 
30100 6.071E+012 
30150 6.02547E+012 
30200 5.98026E+012 
30250 5.93537E+012 
30300 5.89082E+012 
30350 5.84658E+012 
30400 5.80266E+012 
30450 5.75906E+012 
30500 5.71578E+012 
30550 5.67281E+012 
30600 5.63015E+012 
30650 5.5878E+012 
30700 5.54575E+012 
30750 5.50401E+012 
30800 5.46258E+012 
30850 5.42144E+012 
30900 5.38061E+012 
30950 5.34006E+012 
31000 5.29982E+012 
31050 5.25986E+012 
31100 5.2202E+012 
31150 5.18083E+012 
31200 5.14174E+012 
31250 5.10293E+012 
31300 5.06441E+012 
31350 5.02617E+012 
31400 4.98821E+012 
31450 4.95052E+012 
31500 4.91311E+012 
31550 4.87598E+012 
31600 4.83911E+012 
31650 4.80251E+012 
31700 4.76618E+012 
31750 4.73012E+012 
31800 4.69432E+012 
31850 4.65878E+012 
31900 4.6235E+012 
31950 4.58848E+012 
32000 4.55372E+012 
32050 4.51921E+012 
32100 4.48495E+012 
32150 4.45095E+012 
32200 4.41719E+012 
32250 4.38368E+012 
32300 4.35042E+012 
32350 4.31741E+012 
32400 4.28463E+012 
32450 4.2521E+012 
32500 4.2198E+012 
32550 4.18774E+012 
32600 4.15592E+012 
32650 4.12433E+012 
32700 4.09298E+012 
32750 4.06185E+012 
32800 4.03096E+012 
32850 4.00029E+012 
32900 3.96985E+012 
32950 3.93964E+012 
33000 3.90964E+012 
33050 3.87987E+012 
33100 3.85032E+012 
33150 3.82098E+012 
33200 3.79187E+012 
33250 3.76296E+012 
33300 3.73428E+012 
33350 3.7058E+012 
33400 3.67754E+012 
33450 3.64948E+012 
33500 3.62163E+012 
33550 3.59399E+012 
33600 3.56655E+012 
33650 3.53932E+012 
33700 3.51228E+012 
33750 3.48545E+012 
33800 3.45882E+012 
33850 3.43238E+012 
33900 3.40614E+012 
33950 3.3801E+012 
34000 3.35425E+012 
34050 3.32859E+012 
34100 3.30313E+012 
34150 3.27785E+012 
34200 3.25276E+012 
34250 3.22785E+012 
34300 3.20313E+012 
34350 3.1786E+012 
34400 3.15425E+012 
34450 3.13008E+012 
34500 3.10609E+012 
34550 3.08228E+012 
34600 3.05865E+012 
34650 3.03519E+012 
34700 3.01191E+012 
34750 2.9888E+012 
34800 2.96586E+012 
34850 2.9431E+012 
34900 2.9205E+012 
34950 2.89808E+012 
35000 2.87582E+012 
35050 2.85373E+012 
35100 2.8318E+012 
35150 2.81004E+012 
35200 2.78844E+012 
35250 2.767E+012 
35300 2.74573E+012 
35350 2.72461E+012 
35400 2.70365E+012 
35450 2.68285E+012 
35500 2.6622E+012 
35550 2.64171E+012 
35600 2.62137E+012 
35650 2.60119E+012 
35700 2.58115E+012 
35750 2.56127E+012 
35800 2.54154E+012 
35850 2.52195E+012 
35900 2.50251E+012 
35950 2.48322E+012 
36000 2.46407E+012 
36050 2.44507E+012 
36100 2.42621E+012 
36150 2.40749E+012 
36200 2.38892E+012 
36250 2.37048E+012 
36300 2.35218E+012 
36350 2.33402E+012 
36400 2.316E+012 
36450 2.29811E+012 
36500 2.28035E+012 
36550 2.26273E+012 
36600 2.24525E+012 
36650 2.2279E+012 
36700 2.21067E+012 
36750 2.19358E+012 
36800 2.17662E+012 
36850 2.15978E+012 
36900 2.14307E+012 
36950 2.12649E+012 
37000 2.11003E+012 
37050 2.0937E+012 
37100 2.07749E+012 
37150 2.0614E+012 
37200 2.04544E+012 
37250 2.02959E+012 
37300 2.01387E+012 
37350 1.99826E+012 
37400 1.98278E+012 
37450 1.96741E+012 
37500 1.95216E+012 
37550 1.93702E+012 
37600 1.922E+012 
37650 1.90709E+012 
37700 1.89229E+012 
37750 1.87761E+012 
37800 1.86304E+012 
37850 1.84858E+012 
37900 1.83423E+012 
37950 1.81999E+012 
38000 1.80585E+012 
38050 1.79183E+012 
38100 1.77791E+012 
38150 1.76409E+012 
38200 1.75038E+012 
38250 1.73678E+012 
38300 1.72328E+012 
38350 1.70988E+012 
38400 1.69658E+012 
38450 1.68339E+012 
38500 1.67029E+012 
38550 1.6573E+012 
38600 1.6444E+012 
38650 1.6316E+012 
38700 1.61891E+012 
38750 1.6063E+012 
38800 1.5938E+012 
38850 1.58138E+012 
38900 1.56907E+012 
38950 1.55684E+012 
39000 1.54471E+012 
39050 1.53268E+012 
39100 1.52073E+012 
39150 1.50888E+012 
39200 1.49712E+012 
39250 1.48544E+012 
39300 1.47386E+012 
39350 1.46236E+012 
39400 1.45095E+012 
39450 1.43963E+012 
39500 1.4284E+012 
39550 1.41725E+012 
39600 1.40619E+012 
39650 1.39521E+012 
39700 1.38432E+012 
39750 1.37351E+012 
39800 1.36278E+012 
39850 1.35214E+012 
39900 1.34157E+012 
39950 1.33109E+012 
40000 1.32069E+012 
40050 1.31037E+012 
40100 1.30012E+012 
40150 1.28996E+012 
40200 1.27987E+012 
40250 1.26986E+012 
40300 1.25993E+012 
40350 1.25007E+012 
40400 1.24029E+012 
40450 1.23059E+012 
40500 1.22095E+012 
40550 1.2114E+012 
40600 1.20192E+012 
40650 1.1925E+012 
40700 1.18317E+012 
40750 1.1739E+012 
40800 1.16471E+012 
40850 1.15558E+012 
40900 1.14653E+012 
40950 1.13754E+012 
41000 1.12863E+012 
41050 1.11978E+012 
41100 1.111E+012 
41150 1.10229E+012 
41200 1.09365E+012 
41250 1.08507E+012 
41300 1.07656E+012 
41350 1.06811E+012 
41400 1.05973E+012 
41450 1.05142E+012 
41500 1.04317E+012 
41550 1.03498E+012 
41600 1.02685E+012 
41650 1.01879E+012 
41700 1.01079E+012 
41750 1.00285E+012 
41800 9.94976E+011 
41850 9.8716E+011 
41900 9.79405E+011 
41950 9.71709E+011 
42000 9.64073E+011 
42050 9.56496E+011 
42100 9.48977E+011 
42150 9.41517E+011 
42200 9.34114E+011 
42250 9.26768E+011 
42300 9.1948E+011 
42350 9.12247E+011 
42400 9.05071E+011 
42450 8.9795E+011 
42500 8.90885E+011 
42550 8.83874E+011 
42600 8.76917E+011 
42650 8.70014E+011 
42700 8.63165E+011 
42750 8.56369E+011 
42800 8.49625E+011 
42850 8.42934E+011 
42900 8.36294E+011 
42950 8.29706E+011 
43000 8.2317E+011 
43050 8.16683E+011 
43100 8.10248E+011 
43150 8.03862E+011 
43200 7.97525E+011 
43250 7.91238E+011 
43300 7.85E+011 
43350 7.7881E+011 
43400 7.72668E+011 
43450 7.66574E+011 
43500 7.60527E+011 
43550 7.54527E+011 
43600 7.48574E+011 
43650 7.42667E+011 
43700 7.36806E+011 
43750 7.3099E+011 
43800 7.2522E+011 
43850 7.19495E+011 
43900 7.13814E+011 
43950 7.08177E+011 
44000 7.02584E+011 
44050 6.97035E+011 
44100 6.91529E+011 
44150 6.86066E+011 
44200 6.80645E+011 
44250 6.75266E+011 
44300 6.6993E+011 
44350 6.64635E+011 
44400 6.59381E+011 
44450 6.54168E+011 
44500 6.48996E+011 
44550 6.43864E+011 
44600 6.38772E+011 
44650 6.3372E+011 
44700 6.28707E+011 
44750 6.23734E+011 
44800 6.18799E+011 
44850 6.13902E+011 
44900 6.09044E+011 
44950 6.04224E+011 
45000 5.99441E+011 
45050 5.94696E+011 
45100 5.89987E+011 
45150 5.85316E+011 
45200 5.80681E+011 
45250 5.76082E+011 
45300 5.71519E+011 
45350 5.66992E+011 
45400 5.625E+011 
45450 5.58043E+011 
45500 5.53621E+011 
45550 5.49234E+011 
45600 5.44881E+011 
45650 5.40562E+011 
45700 5.36276E+011 
45750 5.32025E+011 
45800 5.27806E+011 
45850 5.23621E+011 
45900 5.19468E+011 
45950 5.15348E+011 
46000 5.1126E+011 
46050 5.07204E+011 
46100 5.0318E+011 
46150 4.99187E+011 
46200 4.95226E+011 
46250 4.91295E+011 
46300 4.87396E+011 
46350 4.83527E+011 
46400 4.79688E+011 
46450 4.75879E+011 
46500 4.72101E+011 
46550 4.68351E+011 
46600 4.64632E+011 
46650 4.60941E+011 
46700 4.5728E+011 
46750 4.53647E+011 
46800 4.50042E+011 
46850 4.46466E+011 
46900 4.42918E+011 
46950 4.39398E+011 
47000 4.35905E+011 
47050 4.3244E+011 
47100 4.29002E+011 
47150 4.25591E+011 
47200 4.22207E+011 
47250 4.1885E+011 
47300 4.15518E+011 
47350 4.12213E+011 
47400 4.08934E+011 
47450 4.05681E+011 
47500 4.02453E+011 
47550 3.99251E+011 
47600 3.96074E+011 
47650 3.92922E+011 
47700 3.89794E+011 
47750 3.86691E+011 
47800 3.83613E+011 
47850 3.80559E+011 
47900 3.77529E+011 
47950 3.74522E+011 
48000 3.7154E+011 
48050 3.68581E+011 
48100 3.65645E+011 
48150 3.62732E+011 
48200 3.59842E+011 
48250 3.56975E+011 
48300 3.54131E+011 
48350 3.51309E+011 
48400 3.48509E+011 
48450 3.45731E+011 
48500 3.42975E+011 
48550 3.40241E+011 
48600 3.37528E+011 
48650 3.34837E+011 
48700 3.32167E+011 
48750 3.29518E+011 
48800 3.2689E+011 
48850 3.24283E+011 
48900 3.21696E+011 
48950 3.19129E+011 
49000 3.16583E+011 
49050 3.14057E+011 
49100 3.11551E+011 
49150 3.09065E+011 
49200 3.06598E+011 
49250 3.04151E+011 
49300 3.01723E+011 
49350 2.99314E+011 
49400 2.96925E+011 
49450 2.94554E+011 
49500 2.92201E+011 
49550 2.89868E+011 
49600 2.87553E+011 
49650 2.85256E+011 
49700 2.82977E+011 
49750 2.80717E+011 
49800 2.78474E+011 
49850 2.76249E+011 
49900 2.74042E+011 
49950 2.71851E+011 
50000 2.69679E+011 
50050 2.67523E+011 
50100 2.65385E+011 
50150 2.63263E+011 
50200 2.61159E+011 
50250 2.5907E+011 
50300 2.56999E+011 
50350 2.54944E+011 
50400 2.52905E+011 
50450 2.50882E+011 
50500 2.48875E+011 
50550 2.46884E+011 
50600 2.44909E+011 
50650 2.4295E+011 
50700 2.41006E+011 
50750 2.39077E+011 
50800 2.37164E+011 
50850 2.35266E+011 
50900 2.33383E+011 
50950 2.31515E+011 
51000 2.29661E+011 
51050 2.27823E+011 
51100 2.25998E+011 
51150 2.24189E+011 
51200 2.22393E+011 
51250 2.20612E+011 
51300 2.18846E+011 
51350 2.17093E+011 
51400 2.15354E+011 
51450 2.13629E+011 
51500 2.11917E+011 
51550 2.10219E+011 
51600 2.08535E+011 
51650 2.06863E+011 
51700 2.05206E+011 
51750 2.03561E+011 
51800 2.01929E+011 
51850 2.00311E+011 
51900 1.98705E+011 
51950 1.97112E+011 
52000 1.95531E+011 
52050 1.93964E+011 
52100 1.92408E+011 
52150 1.90865E+011 
52200 1.89334E+011 
52250 1.87816E+011 
52300 1.86309E+011 
52350 1.84815E+011 
52400 1.83332E+011 
52450 1.81861E+011 
52500 1.80402E+011 
52550 1.78954E+011 
52600 1.77518E+011 
52650 1.76093E+011 
52700 1.7468E+011 
52750 1.73278E+011 
52800 1.71887E+011 
52850 1.70507E+011 
52900 1.69138E+011 
52950 1.6778E+011 
53000 1.66433E+011 
53050 1.65096E+011 
53100 1.6377E+011 
53150 1.62455E+011 
53200 1.6115E+011 
53250 1.59856E+011 
53300 1.58571E+011 
53350 1.57297E+011 
53400 1.56034E+011 
53450 1.5478E+011 
53500 1.53536E+011 
53550 1.52302E+011 
53600 1.51078E+011 
53650 1.49864E+011 
53700 1.4866E+011 
53750 1.47465E+011 
53800 1.46279E+011 
53850 1.45103E+011 
53900 1.43937E+011 
53950 1.42779E+011 
54000 1.41631E+011 
54050 1.40492E+011 
54100 1.39362E+011 
54150 1.38241E+011 
54200 1.3713E+011 
54250 1.36026E+011 
54300 1.34932E+011 
54350 1.33847E+011 
54400 1.3277E+011 
54450 1.31702E+011 
54500 1.30642E+011 
54550 1.29591E+011 
54600 1.28548E+011 
54650 1.27513E+011 
54700 1.26487E+011 
54750 1.25469E+011 
54800 1.24459E+011 
54850 1.23457E+011 
54900 1.22463E+011 
54950 1.21477E+011 
55000 1.20499E+011 
55050 1.19528E+011 
55100 1.18566E+011 
55150 1.17611E+011 
55200 1.16664E+011 
55250 1.15724E+011 
55300 1.14792E+011 
55350 1.13867E+011 
55400 1.1295E+011 
55450 1.1204E+011 
55500 1.11137E+011 
55550 1.10241E+011 
55600 1.09353E+011 
55650 1.08472E+011 
55700 1.07598E+011 
55750 1.0673E+011 
55800 1.0587E+011 
55850 1.05017E+011 
55900 1.0417E+011 
55950 1.0333E+011 
56000 1.02497E+011 
56050 1.01671E+011 
56100 1.00851E+011 
56150 1.00038E+011 
56200 9.92313E+010 
56250 9.8431E+010 
56300 9.76371E+010 
56350 9.68496E+010 
56400 9.60684E+010 
56450 9.52934E+010 
56500 9.45247E+010 
56550 9.37621E+010 
56600 9.30056E+010 
56650 9.22552E+010 
56700 9.15107E+010 
56750 9.07723E+010 
56800 9.00397E+010 
56850 8.93131E+010 
56900 8.85922E+010 
56950 8.78771E+010 
57000 8.71678E+010 
57050 8.64641E+010 
57100 8.57661E+010 
57150 8.50736E+010 
57200 8.43867E+010 
57250 8.37054E+010 
57300 8.30294E+010 
57350 8.23589E+010 
57400 8.16938E+010 
57450 8.1034E+010 
57500 8.03795E+010 
57550 7.97303E+010 
57600 7.90862E+010 
57650 7.84474E+010 
57700 7.78136E+010 
57750 7.71849E+010 
57800 7.65613E+010 
57850 7.59427E+010 
57900 7.5329E+010 
57950 7.47203E+010 
58000 7.41164E+010 
58050 7.35174E+010 
58100 7.29232E+010 
58150 7.23338E+010 
58200 7.17491E+010 
58250 7.11691E+010 
58300 7.05937E+010 
58350 7.0023E+010 
58400 6.94569E+010 
58450 6.88953E+010 
58500 6.83382E+010 
58550 6.77856E+010 
58600 6.72374E+010 
58650 6.66936E+010 
58700 6.61542E+010 
58750 6.56191E+010 
58800 6.50884E+010 
58850 6.45619E+010 
58900 6.40396E+010 
58950 6.35215E+010 
59000 6.30076E+010 
59050 6.24978E+010 
59100 6.19921E+010 
59150 6.14905E+010 
59200 6.09929E+010 
59250 6.04993E+010 
59300 6.00097E+010 
59350 5.9524E+010 
59400 5.90422E+010 
59450 5.85643E+010 
59500 5.80902E+010 
59550 5.762E+010 
59600 5.71535E+010 
59650 5.66908E+010 
59700 5.62318E+010 
59750 5.57765E+010 
59800 5.53248E+010 
59850 5.48768E+010 
59900 5.44324E+010 
59950 5.39916E+010 
60000 5.35543E+010 
60050 5.31205E+010 
60100 5.26903E+010 
60150 5.22634E+010 
60200 5.18401E+010 
60250 5.14201E+010 
60300 5.10035E+010 
60350 5.05903E+010 
60400 5.01804E+010 
60450 4.97738E+010 
60500 4.93705E+010 
60550 4.89704E+010 
60600 4.85735E+010 
60650 4.81799E+010 
60700 4.77894E+010 
60750 4.7402E+010 
60800 4.70178E+010 
60850 4.66367E+010 
60900 4.62586E+010 
60950 4.58836E+010 
61000 4.55116E+010 
61050 4.51426E+010 
61100 4.47766E+010 
61150 4.44136E+010 
61200 4.40534E+010 
61250 4.36962E+010 
61300 4.33418E+010 
61350 4.29903E+010 
61400 4.26416E+010 
61450 4.22958E+010 
61500 4.19527E+010 
61550 4.16124E+010 
61600 4.12748E+010 
61650 4.094E+010 
61700 4.06079E+010 
61750 4.02784E+010 
61800 3.99516E+010 
61850 3.96274E+010 
61900 3.93059E+010 
61950 3.89869E+010 
62000 3.86705E+010 
62050 3.83567E+010 
62100 3.80454E+010 
62150 3.77366E+010 
62200 3.74303E+010 
62250 3.71265E+010 
62300 3.68251E+010 
62350 3.65262E+010 
62400 3.62297E+010 
62450 3.59356E+010 
62500 3.56438E+010 
62550 3.53544E+010 
62600 3.50673E+010 
62650 3.47826E+010 
62700 3.45001E+010 
62750 3.422E+010 
62800 3.39421E+010 
62850 3.36664E+010 
62900 3.3393E+010 
62950 3.31217E+010 
63000 3.28527E+010 
63050 3.25858E+010 
63100 3.23211E+010 
63150 3.20586E+010 
63200 3.17981E+010 
63250 3.15398E+010 
63300 3.12835E+010 
63350 3.10293E+010 
63400 3.07772E+010 
63450 3.05271E+010 
63500 3.0279E+010 
63550 3.0033E+010 
63600 2.97889E+010 
63650 2.95468E+010 
63700 2.93067E+010 
63750 2.90684E+010 
63800 2.88322E+010 
63850 2.85978E+010 
63900 2.83653E+010 
63950 2.81347E+010 
64000 2.7906E+010 
64050 2.76791E+010 
64100 2.74541E+010 
64150 2.72308E+010 
64200 2.70094E+010 
64250 2.67898E+010 
64300 2.6572E+010 
64350 2.63559E+010 
64400 2.61415E+010 
64450 2.59289E+010 
64500 2.5718E+010 
64550 2.55088E+010 
64600 2.53014E+010 
64650 2.50955E+010 
64700 2.48914E+010 
64750 2.46889E+010 
64800 2.44881E+010 
64850 2.42888E+010 
64900 2.40912E+010 
64950 2.38952E+010 
65000 2.37008E+010 
65050 2.35079E+010 
65100 2.33166E+010 
65150 2.31269E+010 
65200 2.29387E+010 
65250 2.2752E+010 
65300 2.25668E+010 
65350 2.23831E+010 
65400 2.2201E+010 
65450 2.20203E+010 
65500 2.1841E+010 
65550 2.16632E+010 
65600 2.14869E+010 
65650 2.13119E+010 
65700 2.11384E+010 
65750 2.09663E+010 
65800 2.07956E+010 
65850 2.06263E+010 
65900 2.04584E+010 
65950 2.02917E+010 
66000 2.01265E+010 
66050 1.99626E+010 
66100 1.98E+010 
66150 1.96388E+010 
66200 1.94788E+010 
66250 1.93202E+010 
66300 1.91628E+010 
66350 1.90067E+010 
66400 1.88519E+010 
66450 1.86983E+010 
66500 1.8546E+010 
66550 1.83949E+010 
66600 1.8245E+010 
66650 1.80964E+010 
66700 1.7949E+010 
66750 1.78027E+010 
66800 1.76576E+010 
66850 1.75138E+010 
66900 1.7371E+010 
66950 1.72295E+010 
67000 1.70891E+010 
67050 1.69498E+010 
67100 1.68116E+010 
67150 1.66746E+010 
67200 1.65387E+010 
67250 1.64039E+010 
67300 1.62702E+010 
67350 1.61375E+010 
67400 1.6006E+010 
67450 1.58755E+010 
67500 1.57461E+010 
67550 1.56177E+010 
67600 1.54904E+010 
67650 1.53641E+010 
67700 1.52388E+010 
67750 1.51145E+010 
67800 1.49913E+010 
67850 1.4869E+010 
67900 1.47478E+010 
67950 1.46275E+010 
68000 1.45082E+010 
68050 1.43899E+010 
68100 1.42725E+010 
68150 1.41561E+010 
68200 1.40406E+010 
68250 1.39261E+010 
68300 1.38125E+010 
68350 1.36998E+010 
68400 1.3588E+010 
68450 1.34772E+010 
68500 1.33672E+010 
68550 1.32582E+010 
68600 1.315E+010 
68650 1.30427E+010 
68700 1.29363E+010 
68750 1.28307E+010 
68800 1.2726E+010 
68850 1.26222E+010 
68900 1.25192E+010 
68950 1.2417E+010 
69000 1.23157E+010 
69050 1.22151E+010 
69100 1.21154E+010 
69150 1.20165E+010 
69200 1.19185E+010 
69250 1.18212E+010 
69300 1.17247E+010 
69350 1.1629E+010 
69400 1.1534E+010 
69450 1.14399E+010 
69500 1.13465E+010 
69550 1.12538E+010 
69600 1.11619E+010 
69650 1.10708E+010 
69700 1.09804E+010 
69750 1.08907E+010 
69800 1.08018E+010 
69850 1.07136E+010 
69900 1.06261E+010 
69950 1.05393E+010 
70000 1.04533E+010 
70050 1.03679E+010 
70100 1.02832E+010 
70150 1.01992E+010 
70200 1.01159E+010 
70250 1.00333E+010 
70300 9.9513E+009 
70350 9.87001E+009 
70400 9.78938E+009 
70450 9.70941E+009 
70500 9.63009E+009 
70550 9.55141E+009 
70600 9.47337E+009 
70650 9.39597E+009 
70700 9.3192E+009 
70750 9.24305E+009 
70800 9.16752E+009 
70850 9.09261E+009 
70900 9.0183E+009 
70950 8.94461E+009 
71000 8.87151E+009 
71050 8.799E+009 
71100 8.72709E+009 
71150 8.65576E+009 
71200 8.58502E+009 
71250 8.51485E+009 
71300 8.44525E+009 
71350 8.37621E+009 
71400 8.30774E+009 
71450 8.23983E+009 
71500 8.17247E+009 
71550 8.10566E+009 
71600 8.03939E+009 
71650 7.97366E+009 
71700 7.90847E+009 
71750 7.84381E+009 
71800 7.77967E+009 
71850 7.71606E+009 
71900 7.65297E+009 
71950 7.59039E+009 
72000 7.52832E+009 
72050 7.46675E+009 
72100 7.40569E+009 
72150 7.34512E+009 
72200 7.28505E+009 
72250 7.22547E+009 
72300 7.16637E+009 
72350 7.10776E+009 
72400 7.04962E+009 
72450 6.99195E+009 
72500 6.93476E+009 
72550 6.87803E+009 
72600 6.82177E+009 
72650 6.76596E+009 
72700 6.71061E+009 
72750 6.65571E+009 
72800 6.60125E+009 
72850 6.54725E+009 
72900 6.49368E+009 
72950 6.44054E+009 
73000 6.38785E+009 
73050 6.33558E+009 
73100 6.28373E+009 
73150 6.23231E+009 
73200 6.18131E+009 
73250 6.13072E+009 
73300 6.08055E+009 
73350 6.03079E+009 
73400 5.98143E+009 
73450 5.93247E+009 
73500 5.88392E+009 
73550 5.83576E+009 
73600 5.78799E+009 
73650 5.74061E+009 
73700 5.69362E+009 
73750 5.64701E+009 
73800 5.60079E+009 
73850 5.55494E+009 
73900 5.50946E+009 
73950 5.46435E+009 
74000 5.41962E+009 
74050 5.37524E+009 
74100 5.33123E+009 
74150 5.28758E+009 
74200 5.24429E+009 
74250 5.20135E+009 
74300 5.15876E+009 
74350 5.11651E+009 
74400 5.07461E+009 
74450 5.03306E+009 
74500 4.99184E+009 
74550 4.95096E+009 
74600 4.91041E+009 
74650 4.87019E+009 
74700 4.8303E+009 
74750 4.79074E+009 
74800 4.7515E+009 
74850 4.71258E+009 
74900 4.67398E+009 
74950 4.63569E+009 
75000 4.59772E+009 
75050 4.56005E+009 
75100 4.5227E+009 
75150 4.48565E+009 
75200 4.4489E+009 
75250 4.41245E+009 
75300 4.3763E+009 
75350 4.34044E+009 
75400 4.30488E+009 
75450 4.26961E+009 
75500 4.23462E+009 
75550 4.19992E+009 
75600 4.16551E+009 
75650 4.13137E+009 
75700 4.09752E+009 
75750 4.06394E+009 
75800 4.03063E+009 
75850 3.9976E+009 
75900 3.96484E+009 
75950 3.93234E+009 
76000 3.90011E+009 
76050 3.86815E+009 
76100 3.83644E+009 
76150 3.805E+009 
76200 3.77381E+009 
76250 3.74287E+009 
76300 3.71219E+009 
76350 3.68176E+009 
76400 3.65158E+009 
76450 3.62164E+009 
76500 3.59195E+009 
76550 3.5625E+009 
76600 3.5333E+009 
76650 3.50433E+009 
76700 3.4756E+009 
76750 3.4471E+009 
76800 3.41883E+009 
76850 3.3908E+009 
76900 3.363E+009 
76950 3.33542E+009 
77000 3.30807E+009 
77050 3.28094E+009 
77100 3.25404E+009 
77150 3.22735E+009 
77200 3.20088E+009 
77250 3.17463E+009 
77300 3.1486E+009 
77350 3.12277E+009 
77400 3.09716E+009 
77450 3.07176E+009 
77500 3.04656E+009 
77550 3.02157E+009 
77600 2.99679E+009 
77650 2.97221E+009 
77700 2.94782E+009 
77750 2.92364E+009 
77800 2.89966E+009 
77850 2.87587E+009 
77900 2.85228E+009 
77950 2.82888E+009 
78000 2.80567E+009 
78050 2.78265E+009 
78100 2.75982E+009 
78150 2.73718E+009 
78200 2.71472E+009 
78250 2.69244E+009 
78300 2.67035E+009 
78350 2.64844E+009 
78400 2.6267E+009 
78450 2.60515E+009 
78500 2.58377E+009 
78550 2.56257E+009 
78600 2.54154E+009 
78650 2.52068E+009 
78700 2.49999E+009 
78750 2.47947E+009 
78800 2.45912E+009 
78850 2.43894E+009 
78900 2.41892E+009 
78950 2.39907E+009 
79000 2.37938E+009 
79050 2.35985E+009 
79100 2.34048E+009 
79150 2.32126E+009 
79200 2.30221E+009 
79250 2.28331E+009 
79300 2.26456E+009 
79350 2.24597E+009 
79400 2.22754E+009 
79450 2.20925E+009 
79500 2.19111E+009 
79550 2.17312E+009 
79600 2.15528E+009 
79650 2.13758E+009 
79700 2.12003E+009 
79750 2.10262E+009 
79800 2.08536E+009 
79850 2.06824E+009 
79900 2.05125E+009 
79950 2.03441E+009 
80000 2.0177E+009 
80050 2.00113E+009 
80100 1.9847E+009 
80150 1.9684E+009 
80200 1.95223E+009 
80250 1.9362E+009 
80300 1.9203E+009 
80350 1.90453E+009 
80400 1.88888E+009 
80450 1.87337E+009 
80500 1.85798E+009 
80550 1.84272E+009 
80600 1.82759E+009 
80650 1.81257E+009 
80700 1.79768E+009 
80750 1.78292E+009 
80800 1.76827E+009 
80850 1.75375E+009 
80900 1.73934E+009 
80950 1.72505E+009 
81000 1.71088E+009 
81050 1.69682E+009 
81100 1.68288E+009 
81150 1.66905E+009 
81200 1.65534E+009 
81250 1.64174E+009 
81300 1.62825E+009 
81350 1.61487E+009 
81400 1.6016E+009 
81450 1.58844E+009 
81500 1.57539E+009 
81550 1.56245E+009 
81600 1.5496E+009 
81650 1.53687E+009 
81700 1.52424E+009 
81750 1.51171E+009 
81800 1.49929E+009 
81850 1.48697E+009 
81900 1.47475E+009 
81950 1.46263E+009 
82000 1.45061E+009 
82050 1.43869E+009 
82100 1.42686E+009 
82150 1.41513E+009 
82200 1.4035E+009 
82250 1.39196E+009 
82300 1.38052E+009 
82350 1.36917E+009 
82400 1.35792E+009 
82450 1.34676E+009 
82500 1.33569E+009 
82550 1.32471E+009 
82600 1.31382E+009 
82650 1.30301E+009 
82700 1.2923E+009 
82750 1.28168E+009 
82800 1.27114E+009 
82850 1.26069E+009 
82900 1.25032E+009 
82950 1.24004E+009 
83000 1.22985E+009 
83050 1.21974E+009 
83100 1.20971E+009 
83150 1.19976E+009 
83200 1.18989E+009 
83250 1.18011E+009 
83300 1.1704E+009 
83350 1.16078E+009 
83400 1.15123E+009 
83450 1.14177E+009 
83500 1.13238E+009 
83550 1.12306E+009 
83600 1.11383E+009 
83650 1.10467E+009 
83700 1.09558E+009 
83750 1.08657E+009 
83800 1.07764E+009 
83850 1.06877E+009 
83900 1.05998E+009 
83950 1.05126E+009 
84000 1.04262E+009 
84050 1.03404E+009 
84100 1.02553E+009 
84150 1.0171E+009 
84200 1.00873E+009 
84250 1.00043E+009 
84300 9.92204E+008 
84350 9.84041E+008 
84400 9.75946E+008 
84450 9.67917E+008 
84500 9.59954E+008 
84550 9.52057E+008 
84600 9.44224E+008 
84650 9.36455E+008 
84700 9.28751E+008 
84750 9.21109E+008 
84800 9.1353E+008 
84850 9.06014E+008 
84900 8.98559E+008 
84950 8.91166E+008 
85000 8.83833E+008 
85050 8.7656E+008 
85100 8.69347E+008 
85150 8.62193E+008 
85200 8.55098E+008 
85250 8.48061E+008 
85300 8.41082E+008 
85350 8.34161E+008 
85400 8.27296E+008 
85450 8.20487E+008 
85500 8.13735E+008 
85550 8.07038E+008 
85600 8.00396E+008 
85650 7.93808E+008 
85700 7.87275E+008 
85750 7.80795E+008 
85800 7.74368E+008 
85850 7.67994E+008 
85900 7.61673E+008 
85950 7.55403E+008 
86000 7.49185E+008 
86050 7.43018E+008 
86100 7.36902E+008 
86150 7.30836E+008 
86200 7.2482E+008 
86250 7.18853E+008 
86300 7.12935E+008 
86350 7.07066E+008 
86400 7.01245E+008 
86450 6.95472E+008 
86500 6.89746E+008 
86550 6.84068E+008 
86600 6.78436E+008 
86650 6.7285E+008 
86700 6.6731E+008 
86750 6.61816E+008 
86800 6.56366E+008 
86850 6.50962E+008 
86900 6.45602E+008 
86950 6.40286E+008 
87000 6.35014E+008 
87050 6.29785E+008 
87100 6.24599E+008 
87150 6.19455E+008 
87200 6.14354E+008 
87250 6.09295E+008 
87300 6.04278E+008 
87350 5.99301E+008 
87400 5.94366E+008 
87450 5.89471E+008 
87500 5.84616E+008 
87550 5.79801E+008 
87600 5.75026E+008 
87650 5.7029E+008 
87700 5.65593E+008 
87750 5.60935E+008 
87800 5.56315E+008 
87850 5.51733E+008 
87900 5.47188E+008 
87950 5.42681E+008 
88000 5.38211E+008 
88050 5.33778E+008 
88100 5.29381E+008 
88150 5.2502E+008 
88200 5.20695E+008 
88250 5.16406E+008 
88300 5.12152E+008 
88350 5.07933E+008 
88400 5.03748E+008 
88450 4.99598E+008 
88500 4.95482E+008 
88550 4.91401E+008 
88600 4.87352E+008 
88650 4.83337E+008 
88700 4.79355E+008 
88750 4.75405E+008 
88800 4.71488E+008 
88850 4.67604E+008 
88900 4.63751E+008 
88950 4.5993E+008 
89000 4.5614E+008 
89050 4.52382E+008 
89100 4.48654E+008 
89150 4.44957E+008 
89200 4.41291E+008 
89250 4.37654E+008 
89300 4.34048E+008 
89350 4.30471E+008 
89400 4.26924E+008 
89450 4.23406E+008 
89500 4.19916E+008 
89550 4.16456E+008 
89600 4.13024E+008 
89650 4.0962E+008 
89700 4.06244E+008 
89750 4.02896E+008 
89800 3.99575E+008 
89850 3.96282E+008 
89900 3.93016E+008 
89950 3.89777E+008 
90000 3.86564E+008 
90050 3.83378E+008 
90100 3.80218E+008 
90150 3.77084E+008 
90200 3.73976E+008 
90250 3.70893E+008 
90300 3.67836E+008 
90350 3.64804E+008 
90400 3.61797E+008 
90450 3.58814E+008 
90500 3.55856E+008 
90550 3.52923E+008 
90600 3.50014E+008 
90650 3.47128E+008 
90700 3.44266E+008 
90750 3.41428E+008 
90800 3.38614E+008 
90850 3.35822E+008 
90900 3.33053E+008 
90950 3.30307E+008 
91000 3.27584E+008 
91050 3.24883E+008 
91100 3.22205E+008 
91150 3.19548E+008 
91200 3.16913E+008 
91250 3.143E+008 
91300 3.11709E+008 
91350 3.09139E+008 
91400 3.0659E+008 
91450 3.04062E+008 
91500 3.01554E+008 
91550 2.99068E+008 
91600 2.96602E+008 
91650 2.94156E+008 
91700 2.9173E+008 
91750 2.89324E+008 
91800 2.86938E+008 
91850 2.84572E+008 
91900 2.82225E+008 
91950 2.79898E+008 
92000 2.77589E+008 
92050 2.753E+008 
92100 2.7303E+008 
92150 2.70778E+008 
92200 2.68545E+008 
92250 2.6633E+008 
92300 2.64133E+008 
92350 2.61955E+008 
92400 2.59794E+008 
92450 2.57651E+008 
92500 2.55526E+008 
92550 2.53418E+008 
92600 2.51328E+008 
92650 2.49255E+008 
92700 2.47199E+008 
92750 2.4516E+008 
92800 2.43138E+008 
92850 2.41132E+008 
92900 2.39143E+008 
92950 2.3717E+008 
93000 2.35214E+008 
93050 2.33273E+008 
93100 2.31349E+008 
93150 2.2944E+008 
93200 2.27548E+008 
93250 2.2567E+008 
93300 2.23809E+008 
93350 2.21962E+008 
93400 2.20131E+008 
93450 2.18315E+008 
93500 2.16514E+008 
93550 2.14727E+008 
93600 2.12956E+008 
93650 2.11199E+008 
93700 2.09456E+008 
93750 2.07728E+008 
93800 2.06014E+008 
93850 2.04314E+008 
93900 2.02628E+008 
93950 2.00956E+008 
94000 1.99298E+008 
94050 1.97654E+008 
94100 1.96022E+008 
94150 1.94405E+008 
94200 1.92801E+008 
94250 1.9121E+008 
94300 1.89632E+008 
94350 1.88067E+008 
94400 1.86515E+008 
94450 1.84976E+008 
94500 1.83449E+008 
94550 1.81935E+008 
94600 1.80434E+008 
94650 1.78945E+008 
94700 1.77468E+008 
94750 1.76003E+008 
94800 1.74551E+008 
94850 1.7311E+008 
94900 1.71681E+008 
94950 1.70264E+008 
95000 1.68859E+008 
95050 1.67465E+008 
95100 1.66083E+008 
95150 1.64712E+008 
95200 1.63353E+008 
95250 1.62004E+008 
95300 1.60667E+008 
95350 1.59341E+008 
95400 1.58026E+008 
95450 1.56721E+008 
95500 1.55428E+008 
95550 1.54145E+008 
95600 1.52872E+008 
95650 1.5161E+008 
95700 1.50359E+008 
95750 1.49117E+008 
95800 1.47886E+008 
95850 1.46666E+008 
95900 1.45455E+008 
95950 1.44254E+008 
96000 1.43063E+008 
96050 1.41882E+008 
96100 1.40711E+008 
96150 1.39549E+008 
96200 1.38397E+008 
96250 1.37254E+008 
96300 1.36121E+008 
96350 1.34997E+008 
96400 1.33882E+008 
96450 1.32777E+008 
96500 1.31681E+008 
96550 1.30594E+008 
96600 1.29515E+008 
96650 1.28446E+008 
96700 1.27385E+008 
96750 1.26333E+008 
96800 1.2529E+008 
96850 1.24256E+008 
96900 1.2323E+008 
96950 1.22212E+008 
97000 1.21203E+008 
97050 1.20202E+008 
97100 1.19209E+008 
97150 1.18225E+008 
97200 1.17249E+008 
97250 1.1628E+008 
97300 1.1532E+008 
97350 1.14368E+008 
97400 1.13423E+008 
97450 1.12487E+008 
97500 1.11558E+008 
97550 1.10636E+008 
97600 1.09723E+008 
97650 1.08816E+008 
97700 1.07918E+008 
97750 1.07026E+008 
97800 1.06142E+008 
97850 1.05266E+008 
97900 1.04396E+008 
97950 1.03534E+008 
98000 1.02679E+008 
98050 1.01831E+008 
98100 1.0099E+008 
98150 1.00156E+008 
98200 9.93284E+007 
98250 9.8508E+007 
98300 9.76943E+007 
98350 9.68873E+007 
98400 9.6087E+007 
98450 9.52933E+007 
98500 9.45061E+007 
98550 9.37254E+007 
98600 9.29512E+007 
98650 9.21834E+007 
98700 9.14218E+007 
98750 9.06666E+007 
98800 8.99176E+007 
98850 8.91748E+007 
98900 8.84381E+007 
98950 8.77075E+007 
99000 8.69829E+007 
99050 8.62643E+007 
99100 8.55516E+007 
99150 8.48448E+007 
99200 8.41439E+007 
99250 8.34487E+007 
99300 8.27593E+007 
99350 8.20755E+007 
99400 8.13974E+007 
99450 8.07249E+007 
99500 8.00579E+007 
99550 7.93964E+007 
99600 7.87404E+007 
99650 7.80898E+007 
99700 7.74446E+007 
99750 7.68047E+007 
99800 7.61701E+007 
99850 7.55407E+007 
99900 7.49165E+007 
99950 7.42975E+007 
100000 7.36835E+007 
