#F U:\Beamline I20\I20-2_EDE\Wigglers\xop\83mm-small-wiggler\EDE wiggler\1p0T-300mA-0p12x1p2mrad.dat
#C I20EDE 1.0T 300mA 0.12x1.2mrad
#S 1 File written by xplot on Tue Dec 07 18:27:33 2010
#N 2
#L    Energy [eV]  Flux [ph/s/0.1%bw]
50 9.50235E+012 
100 1.50648E+013 
150 1.97006E+013 
200 2.38054E+013 
250 2.75438E+013 
300 3.10042E+013 
350 3.42412E+013 
400 3.72916E+013 
450 4.01819E+013 
500 4.29316E+013 
550 4.55561E+013 
600 4.80675E+013 
650 5.04757E+013 
700 5.27889E+013 
750 5.5014E+013 
800 5.7157E+013 
850 5.9223E+013 
900 6.12164E+013 
950 6.31412E+013 
1000 6.50009E+013 
1050 6.67987E+013 
1100 6.85373E+013 
1150 7.02195E+013 
1200 7.18474E+013 
1250 7.34234E+013 
1300 7.49493E+013 
1350 7.6427E+013 
1400 7.78583E+013 
1450 7.92446E+013 
1500 8.05876E+013 
1550 8.18885E+013 
1600 8.31488E+013 
1650 8.43696E+013 
1700 8.5552E+013 
1750 8.66973E+013 
1800 8.78065E+013 
1850 8.88806E+013 
1900 8.99204E+013 
1950 9.0927E+013 
2000 9.19012E+013 
2050 9.28439E+013 
2100 9.37557E+013 
2150 9.46376E+013 
2200 9.54902E+013 
2250 9.63142E+013 
2300 9.71104E+013 
2350 9.78794E+013 
2400 9.86218E+013 
2450 9.93382E+013 
2500 1.00029E+014 
2550 1.00696E+014 
2600 1.01338E+014 
2650 1.01956E+014 
2700 1.02551E+014 
2750 1.03124E+014 
2800 1.03674E+014 
2850 1.04203E+014 
2900 1.0471E+014 
2950 1.05197E+014 
3000 1.05664E+014 
3050 1.0611E+014 
3100 1.06537E+014 
3150 1.06945E+014 
3200 1.07335E+014 
3250 1.07706E+014 
3300 1.08059E+014 
3350 1.08395E+014 
3400 1.08713E+014 
3450 1.09015E+014 
3500 1.09301E+014 
3550 1.0957E+014 
3600 1.09823E+014 
3650 1.10061E+014 
3700 1.10284E+014 
3750 1.10492E+014 
3800 1.10686E+014 
3850 1.10865E+014 
3900 1.11031E+014 
3950 1.11183E+014 
4000 1.11321E+014 
4050 1.11446E+014 
4100 1.11559E+014 
4150 1.11659E+014 
4200 1.11747E+014 
4250 1.11822E+014 
4300 1.11886E+014 
4350 1.11938E+014 
4400 1.11979E+014 
4450 1.12009E+014 
4500 1.12028E+014 
4550 1.12036E+014 
4600 1.12034E+014 
4650 1.12022E+014 
4700 1.11999E+014 
4750 1.11967E+014 
4800 1.11926E+014 
4850 1.11875E+014 
4900 1.11815E+014 
4950 1.11745E+014 
5000 1.11667E+014 
5050 1.11581E+014 
5100 1.11486E+014 
5150 1.11383E+014 
5200 1.11271E+014 
5250 1.11152E+014 
5300 1.11025E+014 
5350 1.10891E+014 
5400 1.10749E+014 
5450 1.106E+014 
5500 1.10444E+014 
5550 1.10281E+014 
5600 1.10111E+014 
5650 1.09935E+014 
5700 1.09752E+014 
5750 1.09563E+014 
5800 1.09368E+014 
5850 1.09166E+014 
5900 1.08959E+014 
5950 1.08746E+014 
6000 1.08528E+014 
6050 1.08304E+014 
6100 1.08074E+014 
6150 1.07839E+014 
6200 1.076E+014 
6250 1.07355E+014 
6300 1.07106E+014 
6350 1.06851E+014 
6400 1.06592E+014 
6450 1.06329E+014 
6500 1.06061E+014 
6550 1.05789E+014 
6600 1.05512E+014 
6650 1.05232E+014 
6700 1.04948E+014 
6750 1.04659E+014 
6800 1.04367E+014 
6850 1.04072E+014 
6900 1.03772E+014 
6950 1.0347E+014 
7000 1.03164E+014 
7050 1.02854E+014 
7100 1.02542E+014 
7150 1.02226E+014 
7200 1.01907E+014 
7250 1.01586E+014 
7300 1.01261E+014 
7350 1.00934E+014 
7400 1.00604E+014 
7450 1.00272E+014 
7500 9.9937E+013 
7550 9.95996E+013 
7600 9.92599E+013 
7650 9.89179E+013 
7700 9.85737E+013 
7750 9.82273E+013 
7800 9.78789E+013 
7850 9.75285E+013 
7900 9.71762E+013 
7950 9.68221E+013 
8000 9.64661E+013 
8050 9.61085E+013 
8100 9.57491E+013 
8150 9.53883E+013 
8200 9.50258E+013 
8250 9.46619E+013 
8300 9.42966E+013 
8350 9.393E+013 
8400 9.35621E+013 
8450 9.31929E+013 
8500 9.28226E+013 
8550 9.24511E+013 
8600 9.20786E+013 
8650 9.17051E+013 
8700 9.13306E+013 
8750 9.09552E+013 
8800 9.0579E+013 
8850 9.02019E+013 
8900 8.98241E+013 
8950 8.94456E+013 
9000 8.90664E+013 
9050 8.86866E+013 
9100 8.83062E+013 
9150 8.79253E+013 
9200 8.75439E+013 
9250 8.7162E+013 
9300 8.67798E+013 
9350 8.63972E+013 
9400 8.60143E+013 
9450 8.56311E+013 
9500 8.52477E+013 
9550 8.48641E+013 
9600 8.44803E+013 
9650 8.40963E+013 
9700 8.37123E+013 
9750 8.33282E+013 
9800 8.29442E+013 
9850 8.25601E+013 
9900 8.21761E+013 
9950 8.17921E+013 
10000 8.14083E+013 
10050 8.10246E+013 
10100 8.0641E+013 
10150 8.02577E+013 
10200 7.98746E+013 
10250 7.94918E+013 
10300 7.91093E+013 
10350 7.87271E+013 
10400 7.83452E+013 
10450 7.79637E+013 
10500 7.75826E+013 
10550 7.72019E+013 
10600 7.68217E+013 
10650 7.6442E+013 
10700 7.60627E+013 
10750 7.5684E+013 
10800 7.53058E+013 
10850 7.49282E+013 
10900 7.45512E+013 
10950 7.41748E+013 
11000 7.3799E+013 
11050 7.34239E+013 
11100 7.30494E+013 
11150 7.26757E+013 
11200 7.23027E+013 
11250 7.19304E+013 
11300 7.15588E+013 
11350 7.1188E+013 
11400 7.0818E+013 
11450 7.04488E+013 
11500 7.00805E+013 
11550 6.97129E+013 
11600 6.93462E+013 
11650 6.89804E+013 
11700 6.86155E+013 
11750 6.82515E+013 
11800 6.78884E+013 
11850 6.75262E+013 
11900 6.7165E+013 
11950 6.68047E+013 
12000 6.64454E+013 
12050 6.60871E+013 
12100 6.57298E+013 
12150 6.53734E+013 
12200 6.50181E+013 
12250 6.46639E+013 
12300 6.43106E+013 
12350 6.39585E+013 
12400 6.36073E+013 
12450 6.32573E+013 
12500 6.29084E+013 
12550 6.25605E+013 
12600 6.22138E+013 
12650 6.18681E+013 
12700 6.15236E+013 
12750 6.11802E+013 
12800 6.0838E+013 
12850 6.04969E+013 
12900 6.0157E+013 
12950 5.98182E+013 
13000 5.94806E+013 
13050 5.91442E+013 
13100 5.8809E+013 
13150 5.84749E+013 
13200 5.81421E+013 
13250 5.78104E+013 
13300 5.748E+013 
13350 5.71508E+013 
13400 5.68228E+013 
13450 5.6496E+013 
13500 5.61705E+013 
13550 5.58462E+013 
13600 5.55232E+013 
13650 5.52014E+013 
13700 5.48808E+013 
13750 5.45615E+013 
13800 5.42435E+013 
13850 5.39268E+013 
13900 5.36113E+013 
13950 5.3297E+013 
14000 5.29841E+013 
14050 5.26724E+013 
14100 5.2362E+013 
14150 5.20529E+013 
14200 5.17451E+013 
14250 5.14386E+013 
14300 5.11333E+013 
14350 5.08294E+013 
14400 5.05267E+013 
14450 5.02254E+013 
14500 4.99253E+013 
14550 4.96266E+013 
14600 4.93291E+013 
14650 4.9033E+013 
14700 4.87381E+013 
14750 4.84446E+013 
14800 4.81523E+013 
14850 4.78614E+013 
14900 4.75718E+013 
14950 4.72835E+013 
15000 4.69965E+013 
15050 4.67108E+013 
15100 4.64264E+013 
15150 4.61433E+013 
15200 4.58616E+013 
15250 4.55811E+013 
15300 4.5302E+013 
15350 4.50241E+013 
15400 4.47476E+013 
15450 4.44723E+013 
15500 4.41984E+013 
15550 4.39258E+013 
15600 4.36545E+013 
15650 4.33845E+013 
15700 4.31158E+013 
15750 4.28484E+013 
15800 4.25823E+013 
15850 4.23175E+013 
15900 4.2054E+013 
15950 4.17918E+013 
16000 4.15308E+013 
16050 4.12712E+013 
16100 4.10129E+013 
16150 4.07558E+013 
16200 4.05E+013 
16250 4.02456E+013 
16300 3.99924E+013 
16350 3.97405E+013 
16400 3.94898E+013 
16450 3.92405E+013 
16500 3.89924E+013 
16550 3.87456E+013 
16600 3.85E+013 
16650 3.82557E+013 
16700 3.80127E+013 
16750 3.77709E+013 
16800 3.75305E+013 
16850 3.72912E+013 
16900 3.70532E+013 
16950 3.68165E+013 
17000 3.6581E+013 
17050 3.63467E+013 
17100 3.61137E+013 
17150 3.58819E+013 
17200 3.56514E+013 
17250 3.54221E+013 
17300 3.5194E+013 
17350 3.49671E+013 
17400 3.47415E+013 
17450 3.45171E+013 
17500 3.42939E+013 
17550 3.40718E+013 
17600 3.38511E+013 
17650 3.36315E+013 
17700 3.34131E+013 
17750 3.31959E+013 
17800 3.29799E+013 
17850 3.27651E+013 
17900 3.25515E+013 
17950 3.2339E+013 
18000 3.21278E+013 
18050 3.19177E+013 
18100 3.17088E+013 
18150 3.1501E+013 
18200 3.12944E+013 
18250 3.1089E+013 
18300 3.08847E+013 
18350 3.06816E+013 
18400 3.04796E+013 
18450 3.02788E+013 
18500 3.00791E+013 
18550 2.98805E+013 
18600 2.96831E+013 
18650 2.94868E+013 
18700 2.92916E+013 
18750 2.90975E+013 
18800 2.89046E+013 
18850 2.87127E+013 
18900 2.8522E+013 
18950 2.83323E+013 
19000 2.81438E+013 
19050 2.79564E+013 
19100 2.777E+013 
19150 2.75847E+013 
19200 2.74005E+013 
19250 2.72174E+013 
19300 2.70354E+013 
19350 2.68544E+013 
19400 2.66745E+013 
19450 2.64956E+013 
19500 2.63178E+013 
19550 2.61411E+013 
19600 2.59654E+013 
19650 2.57907E+013 
19700 2.5617E+013 
19750 2.54444E+013 
19800 2.52729E+013 
19850 2.51023E+013 
19900 2.49328E+013 
19950 2.47643E+013 
20000 2.45968E+013 
20050 2.44303E+013 
20100 2.42648E+013 
20150 2.41003E+013 
20200 2.39367E+013 
20250 2.37742E+013 
20300 2.36127E+013 
20350 2.34521E+013 
20400 2.32925E+013 
20450 2.31339E+013 
20500 2.29763E+013 
20550 2.28196E+013 
20600 2.26638E+013 
20650 2.2509E+013 
20700 2.23552E+013 
20750 2.22023E+013 
20800 2.20504E+013 
20850 2.18993E+013 
20900 2.17493E+013 
20950 2.16001E+013 
21000 2.14518E+013 
21050 2.13045E+013 
21100 2.11581E+013 
21150 2.10126E+013 
21200 2.0868E+013 
21250 2.07243E+013 
21300 2.05815E+013 
21350 2.04396E+013 
21400 2.02985E+013 
21450 2.01584E+013 
21500 2.00191E+013 
21550 1.98807E+013 
21600 1.97432E+013 
21650 1.96065E+013 
21700 1.94707E+013 
21750 1.93357E+013 
21800 1.92016E+013 
21850 1.90684E+013 
21900 1.8936E+013 
21950 1.88044E+013 
22000 1.86736E+013 
22050 1.85437E+013 
22100 1.84146E+013 
22150 1.82864E+013 
22200 1.81589E+013 
22250 1.80323E+013 
22300 1.79064E+013 
22350 1.77814E+013 
22400 1.76572E+013 
22450 1.75337E+013 
22500 1.74111E+013 
22550 1.72892E+013 
22600 1.71682E+013 
22650 1.70479E+013 
22700 1.69284E+013 
22750 1.68096E+013 
22800 1.66916E+013 
22850 1.65744E+013 
22900 1.64579E+013 
22950 1.63422E+013 
23000 1.62273E+013 
23050 1.6113E+013 
23100 1.59996E+013 
23150 1.58868E+013 
23200 1.57748E+013 
23250 1.56635E+013 
23300 1.5553E+013 
23350 1.54432E+013 
23400 1.53341E+013 
23450 1.52257E+013 
23500 1.5118E+013 
23550 1.5011E+013 
23600 1.49047E+013 
23650 1.47991E+013 
23700 1.46942E+013 
23750 1.459E+013 
23800 1.44865E+013 
23850 1.43837E+013 
23900 1.42815E+013 
23950 1.418E+013 
24000 1.40792E+013 
24050 1.39791E+013 
24100 1.38796E+013 
24150 1.37808E+013 
24200 1.36826E+013 
24250 1.35851E+013 
24300 1.34882E+013 
24350 1.3392E+013 
24400 1.32964E+013 
24450 1.32014E+013 
24500 1.31071E+013 
24550 1.30134E+013 
24600 1.29204E+013 
24650 1.28279E+013 
24700 1.27361E+013 
24750 1.26449E+013 
24800 1.25543E+013 
24850 1.24643E+013 
24900 1.23749E+013 
24950 1.22861E+013 
25000 1.21979E+013 
25050 1.21103E+013 
25100 1.20233E+013 
25150 1.19369E+013 
25200 1.18511E+013 
25250 1.17658E+013 
25300 1.16811E+013 
25350 1.1597E+013 
25400 1.15135E+013 
25450 1.14305E+013 
25500 1.13481E+013 
25550 1.12662E+013 
25600 1.11849E+013 
25650 1.11042E+013 
25700 1.1024E+013 
25750 1.09443E+013 
25800 1.08652E+013 
25850 1.07866E+013 
25900 1.07086E+013 
25950 1.0631E+013 
26000 1.05541E+013 
26050 1.04776E+013 
26100 1.04017E+013 
26150 1.03263E+013 
26200 1.02514E+013 
26250 1.0177E+013 
26300 1.01031E+013 
26350 1.00297E+013 
26400 9.95686E+012 
26450 9.8845E+012 
26500 9.81263E+012 
26550 9.74126E+012 
26600 9.67037E+012 
26650 9.59997E+012 
26700 9.53006E+012 
26750 9.46063E+012 
26800 9.39168E+012 
26850 9.32321E+012 
26900 9.25521E+012 
26950 9.18767E+012 
27000 9.12061E+012 
27050 9.05401E+012 
27100 8.98787E+012 
27150 8.92219E+012 
27200 8.85696E+012 
27250 8.79219E+012 
27300 8.72786E+012 
27350 8.66399E+012 
27400 8.60055E+012 
27450 8.53756E+012 
27500 8.47501E+012 
27550 8.41289E+012 
27600 8.3512E+012 
27650 8.28995E+012 
27700 8.22912E+012 
27750 8.16872E+012 
27800 8.10873E+012 
27850 8.04917E+012 
27900 7.99002E+012 
27950 7.93129E+012 
28000 7.87297E+012 
28050 7.81506E+012 
28100 7.75755E+012 
28150 7.70045E+012 
28200 7.64375E+012 
28250 7.58744E+012 
28300 7.53153E+012 
28350 7.47602E+012 
28400 7.42089E+012 
28450 7.36615E+012 
28500 7.3118E+012 
28550 7.25783E+012 
28600 7.20424E+012 
28650 7.15103E+012 
28700 7.09819E+012 
28750 7.04573E+012 
28800 6.99363E+012 
28850 6.94191E+012 
28900 6.89055E+012 
28950 6.83955E+012 
29000 6.78892E+012 
29050 6.73864E+012 
29100 6.68872E+012 
29150 6.63916E+012 
29200 6.58994E+012 
29250 6.54107E+012 
29300 6.49256E+012 
29350 6.44438E+012 
29400 6.39655E+012 
29450 6.34906E+012 
29500 6.30191E+012 
29550 6.25509E+012 
29600 6.2086E+012 
29650 6.16245E+012 
29700 6.11663E+012 
29750 6.07113E+012 
29800 6.02596E+012 
29850 5.9811E+012 
29900 5.93657E+012 
29950 5.89236E+012 
30000 5.84847E+012 
30050 5.80488E+012 
30100 5.76161E+012 
30150 5.71865E+012 
30200 5.676E+012 
30250 5.63365E+012 
30300 5.59161E+012 
30350 5.54987E+012 
30400 5.50843E+012 
30450 5.46728E+012 
30500 5.42643E+012 
30550 5.38588E+012 
30600 5.34561E+012 
30650 5.30564E+012 
30700 5.26595E+012 
30750 5.22655E+012 
30800 5.18743E+012 
30850 5.1486E+012 
30900 5.11004E+012 
30950 5.07176E+012 
31000 5.03376E+012 
31050 4.99603E+012 
31100 4.95858E+012 
31150 4.92139E+012 
31200 4.88448E+012 
31250 4.84783E+012 
31300 4.81144E+012 
31350 4.77532E+012 
31400 4.73946E+012 
31450 4.70386E+012 
31500 4.66852E+012 
31550 4.63344E+012 
31600 4.59861E+012 
31650 4.56403E+012 
31700 4.5297E+012 
31750 4.49562E+012 
31800 4.46179E+012 
31850 4.42821E+012 
31900 4.39486E+012 
31950 4.36177E+012 
32000 4.32891E+012 
32050 4.29629E+012 
32100 4.26391E+012 
32150 4.23176E+012 
32200 4.19985E+012 
32250 4.16817E+012 
32300 4.13673E+012 
32350 4.10551E+012 
32400 4.07452E+012 
32450 4.04375E+012 
32500 4.01321E+012 
32550 3.9829E+012 
32600 3.9528E+012 
32650 3.92293E+012 
32700 3.89327E+012 
32750 3.86383E+012 
32800 3.83461E+012 
32850 3.8056E+012 
32900 3.7768E+012 
32950 3.74822E+012 
33000 3.71984E+012 
33050 3.69167E+012 
33100 3.66371E+012 
33150 3.63595E+012 
33200 3.6084E+012 
33250 3.58105E+012 
33300 3.5539E+012 
33350 3.52695E+012 
33400 3.50019E+012 
33450 3.47364E+012 
33500 3.44728E+012 
33550 3.42111E+012 
33600 3.39514E+012 
33650 3.36936E+012 
33700 3.34376E+012 
33750 3.31836E+012 
33800 3.29314E+012 
33850 3.26811E+012 
33900 3.24327E+012 
33950 3.2186E+012 
34000 3.19412E+012 
34050 3.16982E+012 
34100 3.1457E+012 
34150 3.12176E+012 
34200 3.09799E+012 
34250 3.0744E+012 
34300 3.05099E+012 
34350 3.02775E+012 
34400 3.00468E+012 
34450 2.98178E+012 
34500 2.95905E+012 
34550 2.93649E+012 
34600 2.9141E+012 
34650 2.89187E+012 
34700 2.8698E+012 
34750 2.8479E+012 
34800 2.82617E+012 
34850 2.80459E+012 
34900 2.78318E+012 
34950 2.76192E+012 
35000 2.74082E+012 
35050 2.71988E+012 
35100 2.6991E+012 
35150 2.67846E+012 
35200 2.65799E+012 
35250 2.63766E+012 
35300 2.61749E+012 
35350 2.59746E+012 
35400 2.57759E+012 
35450 2.55786E+012 
35500 2.53828E+012 
35550 2.51885E+012 
35600 2.49956E+012 
35650 2.48041E+012 
35700 2.46141E+012 
35750 2.44255E+012 
35800 2.42383E+012 
35850 2.40525E+012 
35900 2.38681E+012 
35950 2.36851E+012 
36000 2.35034E+012 
36050 2.33231E+012 
36100 2.31441E+012 
36150 2.29665E+012 
36200 2.27902E+012 
36250 2.26153E+012 
36300 2.24416E+012 
36350 2.22692E+012 
36400 2.20982E+012 
36450 2.19284E+012 
36500 2.17599E+012 
36550 2.15926E+012 
36600 2.14266E+012 
36650 2.12619E+012 
36700 2.10983E+012 
36750 2.09361E+012 
36800 2.0775E+012 
36850 2.06151E+012 
36900 2.04565E+012 
36950 2.0299E+012 
37000 2.01427E+012 
37050 1.99876E+012 
37100 1.98336E+012 
37150 1.96809E+012 
37200 1.95292E+012 
37250 1.93787E+012 
37300 1.92294E+012 
37350 1.90811E+012 
37400 1.8934E+012 
37450 1.8788E+012 
37500 1.86431E+012 
37550 1.84993E+012 
37600 1.83565E+012 
37650 1.82149E+012 
37700 1.80743E+012 
37750 1.79347E+012 
37800 1.77963E+012 
37850 1.76588E+012 
37900 1.75224E+012 
37950 1.73871E+012 
38000 1.72527E+012 
38050 1.71194E+012 
38100 1.69871E+012 
38150 1.68558E+012 
38200 1.67254E+012 
38250 1.65961E+012 
38300 1.64677E+012 
38350 1.63403E+012 
38400 1.62139E+012 
38450 1.60884E+012 
38500 1.59639E+012 
38550 1.58404E+012 
38600 1.57177E+012 
38650 1.5596E+012 
38700 1.54752E+012 
38750 1.53553E+012 
38800 1.52364E+012 
38850 1.51183E+012 
38900 1.50011E+012 
38950 1.48849E+012 
39000 1.47695E+012 
39050 1.4655E+012 
39100 1.45413E+012 
39150 1.44285E+012 
39200 1.43166E+012 
39250 1.42055E+012 
39300 1.40953E+012 
39350 1.39859E+012 
39400 1.38773E+012 
39450 1.37696E+012 
39500 1.36627E+012 
39550 1.35566E+012 
39600 1.34513E+012 
39650 1.33468E+012 
39700 1.32431E+012 
39750 1.31402E+012 
39800 1.3038E+012 
39850 1.29367E+012 
39900 1.28361E+012 
39950 1.27363E+012 
40000 1.26373E+012 
40050 1.2539E+012 
40100 1.24414E+012 
40150 1.23446E+012 
40200 1.22486E+012 
40250 1.21532E+012 
40300 1.20586E+012 
40350 1.19648E+012 
40400 1.18716E+012 
40450 1.17791E+012 
40500 1.16874E+012 
40550 1.15964E+012 
40600 1.1506E+012 
40650 1.14164E+012 
40700 1.13274E+012 
40750 1.12391E+012 
40800 1.11515E+012 
40850 1.10646E+012 
40900 1.09783E+012 
40950 1.08927E+012 
41000 1.08077E+012 
41050 1.07234E+012 
41100 1.06397E+012 
41150 1.05567E+012 
41200 1.04743E+012 
41250 1.03926E+012 
41300 1.03114E+012 
41350 1.02309E+012 
41400 1.0151E+012 
41450 1.00718E+012 
41500 9.99308E+011 
41550 9.91501E+011 
41600 9.83755E+011 
41650 9.76068E+011 
41700 9.68439E+011 
41750 9.6087E+011 
41800 9.53358E+011 
41850 9.45904E+011 
41900 9.38508E+011 
41950 9.31168E+011 
42000 9.23885E+011 
42050 9.16658E+011 
42100 9.09486E+011 
42150 9.0237E+011 
42200 8.95308E+011 
42250 8.883E+011 
42300 8.81347E+011 
42350 8.74447E+011 
42400 8.676E+011 
42450 8.60806E+011 
42500 8.54064E+011 
42550 8.47374E+011 
42600 8.40735E+011 
42650 8.34148E+011 
42700 8.27611E+011 
42750 8.21125E+011 
42800 8.14689E+011 
42850 8.08302E+011 
42900 8.01965E+011 
42950 7.95677E+011 
43000 7.89437E+011 
43050 7.83245E+011 
43100 7.77101E+011 
43150 7.71005E+011 
43200 7.64955E+011 
43250 7.58952E+011 
43300 7.52996E+011 
43350 7.47086E+011 
43400 7.41221E+011 
43450 7.35401E+011 
43500 7.29627E+011 
43550 7.23897E+011 
43600 7.18212E+011 
43650 7.1257E+011 
43700 7.06972E+011 
43750 7.01417E+011 
43800 6.95906E+011 
43850 6.90437E+011 
43900 6.8501E+011 
43950 6.79625E+011 
44000 6.74282E+011 
44050 6.6898E+011 
44100 6.6372E+011 
44150 6.585E+011 
44200 6.5332E+011 
44250 6.48181E+011 
44300 6.43081E+011 
44350 6.38021E+011 
44400 6.33001E+011 
44450 6.28019E+011 
44500 6.23076E+011 
44550 6.18171E+011 
44600 6.13304E+011 
44650 6.08475E+011 
44700 6.03683E+011 
44750 5.98929E+011 
44800 5.94211E+011 
44850 5.8953E+011 
44900 5.84885E+011 
44950 5.80277E+011 
45000 5.75704E+011 
45050 5.71167E+011 
45100 5.66665E+011 
45150 5.62198E+011 
45200 5.57766E+011 
45250 5.53368E+011 
45300 5.49004E+011 
45350 5.44675E+011 
45400 5.40378E+011 
45450 5.36116E+011 
45500 5.31886E+011 
45550 5.2769E+011 
45600 5.23526E+011 
45650 5.19394E+011 
45700 5.15295E+011 
45750 5.11227E+011 
45800 5.07191E+011 
45850 5.03187E+011 
45900 4.99214E+011 
45950 4.95271E+011 
46000 4.9136E+011 
46050 4.87479E+011 
46100 4.83628E+011 
46150 4.79807E+011 
46200 4.76016E+011 
46250 4.72254E+011 
46300 4.68522E+011 
46350 4.64819E+011 
46400 4.61145E+011 
46450 4.57499E+011 
46500 4.53882E+011 
46550 4.50293E+011 
46600 4.46732E+011 
46650 4.43199E+011 
46700 4.39694E+011 
46750 4.36216E+011 
46800 4.32765E+011 
46850 4.2934E+011 
46900 4.25943E+011 
46950 4.22572E+011 
47000 4.19228E+011 
47050 4.1591E+011 
47100 4.12617E+011 
47150 4.09351E+011 
47200 4.06109E+011 
47250 4.02894E+011 
47300 3.99703E+011 
47350 3.96537E+011 
47400 3.93396E+011 
47450 3.9028E+011 
47500 3.87188E+011 
47550 3.8412E+011 
47600 3.81076E+011 
47650 3.78056E+011 
47700 3.7506E+011 
47750 3.72087E+011 
47800 3.69137E+011 
47850 3.66211E+011 
47900 3.63307E+011 
47950 3.60426E+011 
48000 3.57568E+011 
48050 3.54732E+011 
48100 3.51918E+011 
48150 3.49127E+011 
48200 3.46357E+011 
48250 3.43609E+011 
48300 3.40882E+011 
48350 3.38177E+011 
48400 3.35493E+011 
48450 3.3283E+011 
48500 3.30188E+011 
48550 3.27567E+011 
48600 3.24966E+011 
48650 3.22386E+011 
48700 3.19826E+011 
48750 3.17286E+011 
48800 3.14766E+011 
48850 3.12266E+011 
48900 3.09785E+011 
48950 3.07324E+011 
49000 3.04882E+011 
49050 3.02459E+011 
49100 3.00056E+011 
49150 2.97671E+011 
49200 2.95305E+011 
49250 2.92957E+011 
49300 2.90629E+011 
49350 2.88318E+011 
49400 2.86025E+011 
49450 2.83751E+011 
49500 2.81494E+011 
49550 2.79255E+011 
49600 2.77034E+011 
49650 2.7483E+011 
49700 2.72644E+011 
49750 2.70475E+011 
49800 2.68323E+011 
49850 2.66187E+011 
49900 2.64069E+011 
49950 2.61967E+011 
50000 2.59882E+011 
50050 2.57813E+011 
50100 2.55761E+011 
50150 2.53724E+011 
50200 2.51704E+011 
50250 2.497E+011 
50300 2.47711E+011 
50350 2.45738E+011 
50400 2.43781E+011 
50450 2.41839E+011 
50500 2.39912E+011 
50550 2.38001E+011 
50600 2.36104E+011 
50650 2.34223E+011 
50700 2.32356E+011 
50750 2.30504E+011 
50800 2.28667E+011 
50850 2.26844E+011 
50900 2.25036E+011 
50950 2.23242E+011 
51000 2.21461E+011 
51050 2.19695E+011 
51100 2.17944E+011 
51150 2.16205E+011 
51200 2.14481E+011 
51250 2.1277E+011 
51300 2.11072E+011 
51350 2.09389E+011 
51400 2.07718E+011 
51450 2.06061E+011 
51500 2.04416E+011 
51550 2.02785E+011 
51600 2.01166E+011 
51650 1.9956E+011 
51700 1.97967E+011 
51750 1.96387E+011 
51800 1.94819E+011 
51850 1.93264E+011 
51900 1.9172E+011 
51950 1.90189E+011 
52000 1.8867E+011 
52050 1.87163E+011 
52100 1.85668E+011 
52150 1.84185E+011 
52200 1.82714E+011 
52250 1.81254E+011 
52300 1.79806E+011 
52350 1.78369E+011 
52400 1.76943E+011 
52450 1.75529E+011 
52500 1.74126E+011 
52550 1.72734E+011 
52600 1.71354E+011 
52650 1.69984E+011 
52700 1.68625E+011 
52750 1.67276E+011 
52800 1.65939E+011 
52850 1.64612E+011 
52900 1.63295E+011 
52950 1.61989E+011 
53000 1.60693E+011 
53050 1.59408E+011 
53100 1.58133E+011 
53150 1.56867E+011 
53200 1.55612E+011 
53250 1.54367E+011 
53300 1.53132E+011 
53350 1.51906E+011 
53400 1.5069E+011 
53450 1.49484E+011 
53500 1.48288E+011 
53550 1.471E+011 
53600 1.45923E+011 
53650 1.44754E+011 
53700 1.43595E+011 
53750 1.42445E+011 
53800 1.41305E+011 
53850 1.40173E+011 
53900 1.3905E+011 
53950 1.37936E+011 
54000 1.36831E+011 
54050 1.35735E+011 
54100 1.34648E+011 
54150 1.33569E+011 
54200 1.32498E+011 
54250 1.31437E+011 
54300 1.30383E+011 
54350 1.29338E+011 
54400 1.28302E+011 
54450 1.27273E+011 
54500 1.26253E+011 
54550 1.25241E+011 
54600 1.24236E+011 
54650 1.2324E+011 
54700 1.22252E+011 
54750 1.21272E+011 
54800 1.20299E+011 
54850 1.19334E+011 
54900 1.18377E+011 
54950 1.17428E+011 
55000 1.16486E+011 
55050 1.15551E+011 
55100 1.14624E+011 
55150 1.13704E+011 
55200 1.12792E+011 
55250 1.11887E+011 
55300 1.10989E+011 
55350 1.10098E+011 
55400 1.09214E+011 
55450 1.08338E+011 
55500 1.07468E+011 
55550 1.06605E+011 
55600 1.05749E+011 
55650 1.049E+011 
55700 1.04058E+011 
55750 1.03222E+011 
55800 1.02393E+011 
55850 1.01571E+011 
55900 1.00755E+011 
55950 9.99459E+010 
56000 9.9143E+010 
56050 9.83466E+010 
56100 9.75564E+010 
56150 9.67726E+010 
56200 9.59951E+010 
56250 9.52237E+010 
56300 9.44585E+010 
56350 9.36994E+010 
56400 9.29463E+010 
56450 9.21992E+010 
56500 9.14581E+010 
56550 9.07229E+010 
56600 8.99936E+010 
56650 8.92701E+010 
56700 8.85523E+010 
56750 8.78403E+010 
56800 8.7134E+010 
56850 8.64332E+010 
56900 8.57381E+010 
56950 8.50486E+010 
57000 8.43645E+010 
57050 8.36859E+010 
57100 8.30127E+010 
57150 8.23449E+010 
57200 8.16824E+010 
57250 8.10252E+010 
57300 8.03733E+010 
57350 7.97265E+010 
57400 7.90849E+010 
57450 7.84485E+010 
57500 7.78171E+010 
57550 7.71908E+010 
57600 7.65695E+010 
57650 7.59531E+010 
57700 7.53417E+010 
57750 7.47351E+010 
57800 7.41334E+010 
57850 7.35365E+010 
57900 7.29444E+010 
57950 7.2357E+010 
58000 7.17743E+010 
58050 7.11962E+010 
58100 7.06228E+010 
58150 7.0054E+010 
58200 6.94897E+010 
58250 6.89299E+010 
58300 6.83746E+010 
58350 6.78238E+010 
58400 6.72773E+010 
58450 6.67352E+010 
58500 6.61975E+010 
58550 6.56641E+010 
58600 6.51349E+010 
58650 6.46099E+010 
58700 6.40892E+010 
58750 6.35726E+010 
58800 6.30602E+010 
58850 6.25519E+010 
58900 6.20476E+010 
58950 6.15473E+010 
59000 6.10511E+010 
59050 6.05589E+010 
59100 6.00705E+010 
59150 5.95861E+010 
59200 5.91056E+010 
59250 5.86289E+010 
59300 5.81561E+010 
59350 5.7687E+010 
59400 5.72217E+010 
59450 5.67601E+010 
59500 5.63022E+010 
59550 5.5848E+010 
59600 5.53974E+010 
59650 5.49504E+010 
59700 5.4507E+010 
59750 5.40672E+010 
59800 5.36309E+010 
59850 5.31981E+010 
59900 5.27687E+010 
59950 5.23428E+010 
60000 5.19203E+010 
60050 5.15012E+010 
60100 5.10855E+010 
60150 5.06731E+010 
60200 5.0264E+010 
60250 4.98582E+010 
60300 4.94556E+010 
60350 4.90563E+010 
60400 4.86601E+010 
60450 4.82672E+010 
60500 4.78773E+010 
60550 4.74907E+010 
60600 4.71071E+010 
60650 4.67266E+010 
60700 4.63492E+010 
60750 4.59747E+010 
60800 4.56033E+010 
60850 4.52349E+010 
60900 4.48694E+010 
60950 4.45069E+010 
61000 4.41473E+010 
61050 4.37905E+010 
61100 4.34367E+010 
61150 4.30856E+010 
61200 4.27374E+010 
61250 4.2392E+010 
61300 4.20493E+010 
61350 4.17094E+010 
61400 4.13723E+010 
61450 4.10378E+010 
61500 4.07061E+010 
61550 4.0377E+010 
61600 4.00505E+010 
61650 3.97267E+010 
61700 3.94054E+010 
61750 3.90868E+010 
61800 3.87707E+010 
61850 3.84571E+010 
61900 3.81461E+010 
61950 3.78376E+010 
62000 3.75315E+010 
62050 3.72279E+010 
62100 3.69268E+010 
62150 3.66281E+010 
62200 3.63317E+010 
62250 3.60378E+010 
62300 3.57462E+010 
62350 3.5457E+010 
62400 3.51701E+010 
62450 3.48855E+010 
62500 3.46031E+010 
62550 3.43231E+010 
62600 3.40453E+010 
62650 3.37698E+010 
62700 3.34964E+010 
62750 3.32253E+010 
62800 3.29563E+010 
62850 3.26895E+010 
62900 3.24249E+010 
62950 3.21624E+010 
63000 3.1902E+010 
63050 3.16437E+010 
63100 3.13874E+010 
63150 3.11333E+010 
63200 3.08812E+010 
63250 3.06311E+010 
63300 3.0383E+010 
63350 3.01369E+010 
63400 2.98928E+010 
63450 2.96507E+010 
63500 2.94105E+010 
63550 2.91723E+010 
63600 2.89359E+010 
63650 2.87015E+010 
63700 2.8469E+010 
63750 2.82383E+010 
63800 2.80095E+010 
63850 2.77825E+010 
63900 2.75574E+010 
63950 2.73341E+010 
64000 2.71126E+010 
64050 2.68928E+010 
64100 2.66749E+010 
64150 2.64587E+010 
64200 2.62442E+010 
64250 2.60315E+010 
64300 2.58205E+010 
64350 2.56111E+010 
64400 2.54035E+010 
64450 2.51975E+010 
64500 2.49932E+010 
64550 2.47906E+010 
64600 2.45896E+010 
64650 2.43902E+010 
64700 2.41924E+010 
64750 2.39962E+010 
64800 2.38016E+010 
64850 2.36086E+010 
64900 2.34171E+010 
64950 2.32271E+010 
65000 2.30387E+010 
65050 2.28519E+010 
65100 2.26665E+010 
65150 2.24826E+010 
65200 2.23002E+010 
65250 2.21193E+010 
65300 2.19398E+010 
65350 2.17618E+010 
65400 2.15852E+010 
65450 2.141E+010 
65500 2.12363E+010 
65550 2.1064E+010 
65600 2.0893E+010 
65650 2.07234E+010 
65700 2.05552E+010 
65750 2.03884E+010 
65800 2.02229E+010 
65850 2.00588E+010 
65900 1.98959E+010 
65950 1.97344E+010 
66000 1.95742E+010 
66050 1.94153E+010 
66100 1.92576E+010 
66150 1.91013E+010 
66200 1.89462E+010 
66250 1.87923E+010 
66300 1.86397E+010 
66350 1.84884E+010 
66400 1.83382E+010 
66450 1.81893E+010 
66500 1.80416E+010 
66550 1.7895E+010 
66600 1.77497E+010 
66650 1.76055E+010 
66700 1.74625E+010 
66750 1.73206E+010 
66800 1.71799E+010 
66850 1.70403E+010 
66900 1.69019E+010 
66950 1.67646E+010 
67000 1.66283E+010 
67050 1.64932E+010 
67100 1.63592E+010 
67150 1.62263E+010 
67200 1.60944E+010 
67250 1.59636E+010 
67300 1.58339E+010 
67350 1.57052E+010 
67400 1.55775E+010 
67450 1.54509E+010 
67500 1.53253E+010 
67550 1.52007E+010 
67600 1.50772E+010 
67650 1.49546E+010 
67700 1.4833E+010 
67750 1.47125E+010 
67800 1.45928E+010 
67850 1.44742E+010 
67900 1.43565E+010 
67950 1.42398E+010 
68000 1.4124E+010 
68050 1.40091E+010 
68100 1.38952E+010 
68150 1.37822E+010 
68200 1.36701E+010 
68250 1.35589E+010 
68300 1.34486E+010 
68350 1.33392E+010 
68400 1.32307E+010 
68450 1.31231E+010 
68500 1.30163E+010 
68550 1.29105E+010 
68600 1.28054E+010 
68650 1.27012E+010 
68700 1.25979E+010 
68750 1.24954E+010 
68800 1.23937E+010 
68850 1.22929E+010 
68900 1.21929E+010 
68950 1.20936E+010 
69000 1.19952E+010 
69050 1.18976E+010 
69100 1.18008E+010 
69150 1.17047E+010 
69200 1.16095E+010 
69250 1.1515E+010 
69300 1.14212E+010 
69350 1.13283E+010 
69400 1.12361E+010 
69450 1.11446E+010 
69500 1.10539E+010 
69550 1.09639E+010 
69600 1.08746E+010 
69650 1.07861E+010 
69700 1.06983E+010 
69750 1.06111E+010 
69800 1.05247E+010 
69850 1.04391E+010 
69900 1.0354E+010 
69950 1.02697E+010 
70000 1.01861E+010 
70050 1.01031E+010 
70100 1.00208E+010 
70150 9.93923E+009 
70200 9.85828E+009 
70250 9.77798E+009 
70300 9.69833E+009 
70350 9.61933E+009 
70400 9.54097E+009 
70450 9.46324E+009 
70500 9.38615E+009 
70550 9.30968E+009 
70600 9.23383E+009 
70650 9.1586E+009 
70700 9.08398E+009 
70750 9.00996E+009 
70800 8.93654E+009 
70850 8.86372E+009 
70900 8.79149E+009 
70950 8.71985E+009 
71000 8.64878E+009 
71050 8.5783E+009 
71100 8.50838E+009 
71150 8.43904E+009 
71200 8.37025E+009 
71250 8.30203E+009 
71300 8.23436E+009 
71350 8.16724E+009 
71400 8.10066E+009 
71450 8.03462E+009 
71500 7.96912E+009 
71550 7.90415E+009 
71600 7.83971E+009 
71650 7.77579E+009 
71700 7.71239E+009 
71750 7.64951E+009 
71800 7.58713E+009 
71850 7.52527E+009 
71900 7.4639E+009 
71950 7.40303E+009 
72000 7.34266E+009 
72050 7.28278E+009 
72100 7.22339E+009 
72150 7.16447E+009 
72200 7.10604E+009 
72250 7.04808E+009 
72300 6.99059E+009 
72350 6.93357E+009 
72400 6.87701E+009 
72450 6.82091E+009 
72500 6.76527E+009 
72550 6.71008E+009 
72600 6.65533E+009 
72650 6.60104E+009 
72700 6.54718E+009 
72750 6.49376E+009 
72800 6.44078E+009 
72850 6.38822E+009 
72900 6.3361E+009 
72950 6.28439E+009 
73000 6.23311E+009 
73050 6.18224E+009 
73100 6.13179E+009 
73150 6.08175E+009 
73200 6.03211E+009 
73250 5.98288E+009 
73300 5.93405E+009 
73350 5.88562E+009 
73400 5.83757E+009 
73450 5.78992E+009 
73500 5.74266E+009 
73550 5.69578E+009 
73600 5.64929E+009 
73650 5.60317E+009 
73700 5.55742E+009 
73750 5.51205E+009 
73800 5.46705E+009 
73850 5.42241E+009 
73900 5.37814E+009 
73950 5.33422E+009 
74000 5.29067E+009 
74050 5.24747E+009 
74100 5.20462E+009 
74150 5.16211E+009 
74200 5.11996E+009 
74250 5.07814E+009 
74300 5.03667E+009 
74350 4.99554E+009 
74400 4.95474E+009 
74450 4.91427E+009 
74500 4.87413E+009 
74550 4.83431E+009 
74600 4.79483E+009 
74650 4.75566E+009 
74700 4.71681E+009 
74750 4.67828E+009 
74800 4.64006E+009 
74850 4.60215E+009 
74900 4.56455E+009 
74950 4.52726E+009 
75000 4.49027E+009 
75050 4.45358E+009 
75100 4.41719E+009 
75150 4.3811E+009 
75200 4.3453E+009 
75250 4.30979E+009 
75300 4.27457E+009 
75350 4.23964E+009 
75400 4.20499E+009 
75450 4.17063E+009 
75500 4.13654E+009 
75550 4.10274E+009 
75600 4.0692E+009 
75650 4.03594E+009 
75700 4.00296E+009 
75750 3.97024E+009 
75800 3.93778E+009 
75850 3.90559E+009 
75900 3.87367E+009 
75950 3.842E+009 
76000 3.81059E+009 
76050 3.77944E+009 
76100 3.74854E+009 
76150 3.71789E+009 
76200 3.68749E+009 
76250 3.65735E+009 
76300 3.62744E+009 
76350 3.59778E+009 
76400 3.56836E+009 
76450 3.53918E+009 
76500 3.51024E+009 
76550 3.48154E+009 
76600 3.45306E+009 
76650 3.42483E+009 
76700 3.39682E+009 
76750 3.36904E+009 
76800 3.34148E+009 
76850 3.31415E+009 
76900 3.28704E+009 
76950 3.26016E+009 
77000 3.23349E+009 
77050 3.20704E+009 
77100 3.18081E+009 
77150 3.15479E+009 
77200 3.12898E+009 
77250 3.10338E+009 
77300 3.078E+009 
77350 3.05281E+009 
77400 3.02784E+009 
77450 3.00306E+009 
77500 2.97849E+009 
77550 2.95412E+009 
77600 2.92995E+009 
77650 2.90598E+009 
77700 2.8822E+009 
77750 2.85861E+009 
77800 2.83522E+009 
77850 2.81202E+009 
77900 2.78901E+009 
77950 2.76618E+009 
78000 2.74355E+009 
78050 2.72109E+009 
78100 2.69882E+009 
78150 2.67673E+009 
78200 2.65482E+009 
78250 2.63309E+009 
78300 2.61154E+009 
78350 2.59016E+009 
78400 2.56896E+009 
78450 2.54793E+009 
78500 2.52707E+009 
78550 2.50639E+009 
78600 2.48587E+009 
78650 2.46552E+009 
78700 2.44533E+009 
78750 2.42531E+009 
78800 2.40546E+009 
78850 2.38576E+009 
78900 2.36623E+009 
78950 2.34685E+009 
79000 2.32763E+009 
79050 2.30857E+009 
79100 2.28967E+009 
79150 2.27092E+009 
79200 2.25232E+009 
79250 2.23388E+009 
79300 2.21559E+009 
79350 2.19744E+009 
79400 2.17944E+009 
79450 2.16159E+009 
79500 2.14389E+009 
79550 2.12633E+009 
79600 2.10891E+009 
79650 2.09164E+009 
79700 2.07451E+009 
79750 2.05752E+009 
79800 2.04066E+009 
79850 2.02394E+009 
79900 2.00736E+009 
79950 1.99092E+009 
80000 1.97461E+009 
80050 1.95843E+009 
80100 1.94239E+009 
80150 1.92647E+009 
80200 1.91069E+009 
80250 1.89504E+009 
80300 1.87951E+009 
80350 1.86411E+009 
80400 1.84883E+009 
80450 1.83368E+009 
80500 1.81866E+009 
80550 1.80376E+009 
80600 1.78897E+009 
80650 1.77432E+009 
80700 1.75977E+009 
80750 1.74535E+009 
80800 1.73105E+009 
80850 1.71686E+009 
80900 1.70279E+009 
80950 1.68883E+009 
81000 1.67499E+009 
81050 1.66126E+009 
81100 1.64765E+009 
81150 1.63414E+009 
81200 1.62075E+009 
81250 1.60746E+009 
81300 1.59428E+009 
81350 1.58121E+009 
81400 1.56825E+009 
81450 1.5554E+009 
81500 1.54264E+009 
81550 1.53E+009 
81600 1.51745E+009 
81650 1.50501E+009 
81700 1.49267E+009 
81750 1.48043E+009 
81800 1.4683E+009 
81850 1.45626E+009 
81900 1.44432E+009 
81950 1.43247E+009 
82000 1.42073E+009 
82050 1.40908E+009 
82100 1.39752E+009 
82150 1.38606E+009 
82200 1.3747E+009 
82250 1.36342E+009 
82300 1.35224E+009 
82350 1.34115E+009 
82400 1.33015E+009 
82450 1.31924E+009 
82500 1.30842E+009 
82550 1.29769E+009 
82600 1.28705E+009 
82650 1.27649E+009 
82700 1.26602E+009 
82750 1.25563E+009 
82800 1.24533E+009 
82850 1.23512E+009 
82900 1.22499E+009 
82950 1.21494E+009 
83000 1.20497E+009 
83050 1.19509E+009 
83100 1.18528E+009 
83150 1.17556E+009 
83200 1.16591E+009 
83250 1.15635E+009 
83300 1.14686E+009 
83350 1.13745E+009 
83400 1.12812E+009 
83450 1.11886E+009 
83500 1.10968E+009 
83550 1.10057E+009 
83600 1.09154E+009 
83650 1.08258E+009 
83700 1.0737E+009 
83750 1.06489E+009 
83800 1.05615E+009 
83850 1.04748E+009 
83900 1.03889E+009 
83950 1.03036E+009 
84000 1.02191E+009 
84050 1.01352E+009 
84100 1.0052E+009 
84150 9.96949E+008 
84200 9.88767E+008 
84250 9.80651E+008 
84300 9.72601E+008 
84350 9.64618E+008 
84400 9.567E+008 
84450 9.48847E+008 
84500 9.41058E+008 
84550 9.33333E+008 
84600 9.25671E+008 
84650 9.18072E+008 
84700 9.10535E+008 
84750 9.0306E+008 
84800 8.95646E+008 
84850 8.88292E+008 
84900 8.80999E+008 
84950 8.73766E+008 
85000 8.66592E+008 
85050 8.59477E+008 
85100 8.5242E+008 
85150 8.4542E+008 
85200 8.38479E+008 
85250 8.31593E+008 
85300 8.24765E+008 
85350 8.17992E+008 
85400 8.11275E+008 
85450 8.04613E+008 
85500 7.98005E+008 
85550 7.91452E+008 
85600 7.84952E+008 
85650 7.78505E+008 
85700 7.72112E+008 
85750 7.6577E+008 
85800 7.59481E+008 
85850 7.53243E+008 
85900 7.47056E+008 
85950 7.4092E+008 
86000 7.34835E+008 
86050 7.28799E+008 
86100 7.22812E+008 
86150 7.16875E+008 
86200 7.10986E+008 
86250 7.05146E+008 
86300 6.99353E+008 
86350 6.93608E+008 
86400 6.8791E+008 
86450 6.82259E+008 
86500 6.76654E+008 
86550 6.71095E+008 
86600 6.65581E+008 
86650 6.60113E+008 
86700 6.54689E+008 
86750 6.4931E+008 
86800 6.43975E+008 
86850 6.38684E+008 
86900 6.33436E+008 
86950 6.28232E+008 
87000 6.2307E+008 
87050 6.1795E+008 
87100 6.12872E+008 
87150 6.07836E+008 
87200 6.02841E+008 
87250 5.97887E+008 
87300 5.92974E+008 
87350 5.881E+008 
87400 5.83267E+008 
87450 5.78474E+008 
87500 5.7372E+008 
87550 5.69004E+008 
87600 5.64328E+008 
87650 5.5969E+008 
87700 5.5509E+008 
87750 5.50527E+008 
87800 5.46002E+008 
87850 5.41514E+008 
87900 5.37063E+008 
87950 5.32649E+008 
88000 5.2827E+008 
88050 5.23928E+008 
88100 5.19621E+008 
88150 5.1535E+008 
88200 5.11113E+008 
88250 5.06911E+008 
88300 5.02744E+008 
88350 4.98611E+008 
88400 4.94512E+008 
88450 4.90446E+008 
88500 4.86414E+008 
88550 4.82415E+008 
88600 4.78449E+008 
88650 4.74515E+008 
88700 4.70614E+008 
88750 4.66744E+008 
88800 4.62906E+008 
88850 4.591E+008 
88900 4.55325E+008 
88950 4.51581E+008 
89000 4.47868E+008 
89050 4.44185E+008 
89100 4.40533E+008 
89150 4.3691E+008 
89200 4.33317E+008 
89250 4.29754E+008 
89300 4.26219E+008 
89350 4.22714E+008 
89400 4.19238E+008 
89450 4.1579E+008 
89500 4.1237E+008 
89550 4.08979E+008 
89600 4.05615E+008 
89650 4.02279E+008 
89700 3.9897E+008 
89750 3.95689E+008 
89800 3.92434E+008 
89850 3.89206E+008 
89900 3.86005E+008 
89950 3.8283E+008 
90000 3.79681E+008 
90050 3.76557E+008 
90100 3.7346E+008 
90150 3.70388E+008 
90200 3.67341E+008 
90250 3.64319E+008 
90300 3.61322E+008 
90350 3.58349E+008 
90400 3.55401E+008 
90450 3.52477E+008 
90500 3.49577E+008 
90550 3.46701E+008 
90600 3.43849E+008 
90650 3.4102E+008 
90700 3.38214E+008 
90750 3.35431E+008 
90800 3.32671E+008 
90850 3.29934E+008 
90900 3.27219E+008 
90950 3.24527E+008 
91000 3.21857E+008 
91050 3.19208E+008 
91100 3.16581E+008 
91150 3.13976E+008 
91200 3.11393E+008 
91250 3.0883E+008 
91300 3.06289E+008 
91350 3.03768E+008 
91400 3.01268E+008 
91450 2.98789E+008 
91500 2.9633E+008 
91550 2.93891E+008 
91600 2.91472E+008 
91650 2.89074E+008 
91700 2.86694E+008 
91750 2.84335E+008 
91800 2.81994E+008 
91850 2.79673E+008 
91900 2.77371E+008 
91950 2.75088E+008 
92000 2.72824E+008 
92050 2.70578E+008 
92100 2.68351E+008 
92150 2.66142E+008 
92200 2.63952E+008 
92250 2.61779E+008 
92300 2.59624E+008 
92350 2.57486E+008 
92400 2.55367E+008 
92450 2.53265E+008 
92500 2.5118E+008 
92550 2.49112E+008 
92600 2.47061E+008 
92650 2.45027E+008 
92700 2.4301E+008 
92750 2.41009E+008 
92800 2.39025E+008 
92850 2.37057E+008 
92900 2.35105E+008 
92950 2.33169E+008 
93000 2.31249E+008 
93050 2.29345E+008 
93100 2.27457E+008 
93150 2.25584E+008 
93200 2.23726E+008 
93250 2.21884E+008 
93300 2.20057E+008 
93350 2.18245E+008 
93400 2.16448E+008 
93450 2.14665E+008 
93500 2.12898E+008 
93550 2.11144E+008 
93600 2.09406E+008 
93650 2.07681E+008 
93700 2.05971E+008 
93750 2.04274E+008 
93800 2.02592E+008 
93850 2.00924E+008 
93900 1.99269E+008 
93950 1.97628E+008 
94000 1.96E+008 
94050 1.94386E+008 
94100 1.92785E+008 
94150 1.91197E+008 
94200 1.89622E+008 
94250 1.8806E+008 
94300 1.86511E+008 
94350 1.84975E+008 
94400 1.83451E+008 
94450 1.8194E+008 
94500 1.80441E+008 
94550 1.78955E+008 
94600 1.77481E+008 
94650 1.76019E+008 
94700 1.74569E+008 
94750 1.73131E+008 
94800 1.71704E+008 
94850 1.7029E+008 
94900 1.68887E+008 
94950 1.67496E+008 
95000 1.66116E+008 
95050 1.64747E+008 
95100 1.6339E+008 
95150 1.62044E+008 
95200 1.60708E+008 
95250 1.59384E+008 
95300 1.58071E+008 
95350 1.56769E+008 
95400 1.55477E+008 
95450 1.54196E+008 
95500 1.52926E+008 
95550 1.51665E+008 
95600 1.50416E+008 
95650 1.49176E+008 
95700 1.47947E+008 
95750 1.46728E+008 
95800 1.45519E+008 
95850 1.4432E+008 
95900 1.4313E+008 
95950 1.41951E+008 
96000 1.40781E+008 
96050 1.39621E+008 
96100 1.3847E+008 
96150 1.37329E+008 
96200 1.36197E+008 
96250 1.35075E+008 
96300 1.33962E+008 
96350 1.32858E+008 
96400 1.31763E+008 
96450 1.30677E+008 
96500 1.296E+008 
96550 1.28531E+008 
96600 1.27472E+008 
96650 1.26421E+008 
96700 1.25379E+008 
96750 1.24346E+008 
96800 1.23321E+008 
96850 1.22304E+008 
96900 1.21296E+008 
96950 1.20296E+008 
97000 1.19305E+008 
97050 1.18321E+008 
97100 1.17346E+008 
97150 1.16379E+008 
97200 1.15419E+008 
97250 1.14468E+008 
97300 1.13524E+008 
97350 1.12588E+008 
97400 1.1166E+008 
97450 1.1074E+008 
97500 1.09827E+008 
97550 1.08921E+008 
97600 1.08023E+008 
97650 1.07133E+008 
97700 1.06249E+008 
97750 1.05373E+008 
97800 1.04505E+008 
97850 1.03643E+008 
97900 1.02788E+008 
97950 1.01941E+008 
98000 1.011E+008 
98050 1.00267E+008 
98100 9.94401E+007 
98150 9.86202E+007 
98200 9.7807E+007 
98250 9.70005E+007 
98300 9.62006E+007 
98350 9.54074E+007 
98400 9.46206E+007 
98450 9.38404E+007 
98500 9.30666E+007 
98550 9.22991E+007 
98600 9.1538E+007 
98650 9.07831E+007 
98700 9.00344E+007 
98750 8.92919E+007 
98800 8.85555E+007 
98850 8.78252E+007 
98900 8.71009E+007 
98950 8.63826E+007 
99000 8.56701E+007 
99050 8.49636E+007 
99100 8.42628E+007 
99150 8.35679E+007 
99200 8.28786E+007 
99250 8.21951E+007 
99300 8.15171E+007 
99350 8.08448E+007 
99400 8.01779E+007 
99450 7.95166E+007 
99500 7.88607E+007 
99550 7.82103E+007 
99600 7.75651E+007 
99650 7.69253E+007 
99700 7.62908E+007 
99750 7.56615E+007 
99800 7.50374E+007 
99850 7.44184E+007 
99900 7.38045E+007 
99950 7.31956E+007 
100000 7.25918E+007 
