#F U:\Beamline I20\I20-2_EDE\Wigglers\xop\83mm-small-wiggler\EDE wiggler\1p1T-300mA-0p12x0p8mrad.dat
#C I20EDE 1.1T 300mA 0.12x0.8mrad
#S 1 File written by xplot on Tue Dec 07 18:21:19 2010
#N 2
#L    Energy [eV]  Flux [ph/s/0.1%bw]
50 5.8502E+012 
100 9.27752E+012 
150 1.21371E+013 
200 1.46725E+013 
250 1.6985E+013 
300 1.91288E+013 
350 2.11378E+013 
400 2.30343E+013 
450 2.48346E+013 
500 2.65506E+013 
550 2.81919E+013 
600 2.97657E+013 
650 3.1278E+013 
700 3.2734E+013 
750 3.41377E+013 
800 3.54927E+013 
850 3.68022E+013 
900 3.80689E+013 
950 3.9295E+013 
1000 4.04828E+013 
1050 4.16341E+013 
1100 4.27505E+013 
1150 4.38337E+013 
1200 4.4885E+013 
1250 4.59058E+013 
1300 4.6897E+013 
1350 4.786E+013 
1400 4.87956E+013 
1450 4.97048E+013 
1500 5.05884E+013 
1550 5.14473E+013 
1600 5.22823E+013 
1650 5.3094E+013 
1700 5.38831E+013 
1750 5.46503E+013 
1800 5.53962E+013 
1850 5.61214E+013 
1900 5.68263E+013 
1950 5.75115E+013 
2000 5.81776E+013 
2050 5.8825E+013 
2100 5.94542E+013 
2150 6.00655E+013 
2200 6.06594E+013 
2250 6.12364E+013 
2300 6.17967E+013 
2350 6.23408E+013 
2400 6.28691E+013 
2450 6.33818E+013 
2500 6.38794E+013 
2550 6.43621E+013 
2600 6.48302E+013 
2650 6.52841E+013 
2700 6.57241E+013 
2750 6.61504E+013 
2800 6.65634E+013 
2850 6.69632E+013 
2900 6.73502E+013 
2950 6.77246E+013 
3000 6.80867E+013 
3050 6.84367E+013 
3100 6.87748E+013 
3150 6.91012E+013 
3200 6.94163E+013 
3250 6.97202E+013 
3300 7.00131E+013 
3350 7.02952E+013 
3400 7.05668E+013 
3450 7.0828E+013 
3500 7.1079E+013 
3550 7.13201E+013 
3600 7.15513E+013 
3650 7.1773E+013 
3700 7.19852E+013 
3750 7.21881E+013 
3800 7.2382E+013 
3850 7.2567E+013 
3900 7.27431E+013 
3950 7.29107E+013 
4000 7.30699E+013 
4050 7.32207E+013 
4100 7.33634E+013 
4150 7.34981E+013 
4200 7.3625E+013 
4250 7.37442E+013 
4300 7.38558E+013 
4350 7.396E+013 
4400 7.40569E+013 
4450 7.41467E+013 
4500 7.42294E+013 
4550 7.43052E+013 
4600 7.43743E+013 
4650 7.44367E+013 
4700 7.44926E+013 
4750 7.45421E+013 
4800 7.45852E+013 
4850 7.46222E+013 
4900 7.46532E+013 
4950 7.46781E+013 
5000 7.46973E+013 
5050 7.47106E+013 
5100 7.47184E+013 
5150 7.47206E+013 
5200 7.47174E+013 
5250 7.47089E+013 
5300 7.46951E+013 
5350 7.46762E+013 
5400 7.46523E+013 
5450 7.46234E+013 
5500 7.45897E+013 
5550 7.45512E+013 
5600 7.45081E+013 
5650 7.44603E+013 
5700 7.44081E+013 
5750 7.43514E+013 
5800 7.42905E+013 
5850 7.42252E+013 
5900 7.41559E+013 
5950 7.40824E+013 
6000 7.40049E+013 
6050 7.39235E+013 
6100 7.38383E+013 
6150 7.37493E+013 
6200 7.36565E+013 
6250 7.35602E+013 
6300 7.34603E+013 
6350 7.33569E+013 
6400 7.325E+013 
6450 7.31399E+013 
6500 7.30264E+013 
6550 7.29097E+013 
6600 7.27899E+013 
6650 7.2667E+013 
6700 7.25411E+013 
6750 7.24122E+013 
6800 7.22804E+013 
6850 7.21458E+013 
6900 7.20084E+013 
6950 7.18682E+013 
7000 7.17255E+013 
7050 7.15801E+013 
7100 7.14321E+013 
7150 7.12817E+013 
7200 7.11288E+013 
7250 7.09735E+013 
7300 7.08159E+013 
7350 7.0656E+013 
7400 7.04939E+013 
7450 7.03296E+013 
7500 7.01632E+013 
7550 6.99947E+013 
7600 6.98242E+013 
7650 6.96516E+013 
7700 6.94772E+013 
7750 6.93008E+013 
7800 6.91226E+013 
7850 6.89426E+013 
7900 6.87608E+013 
7950 6.85773E+013 
8000 6.83921E+013 
8050 6.82054E+013 
8100 6.8017E+013 
8150 6.7827E+013 
8200 6.76356E+013 
8250 6.74427E+013 
8300 6.72483E+013 
8350 6.70526E+013 
8400 6.68555E+013 
8450 6.66571E+013 
8500 6.64574E+013 
8550 6.62564E+013 
8600 6.60543E+013 
8650 6.58509E+013 
8700 6.56465E+013 
8750 6.54409E+013 
8800 6.52342E+013 
8850 6.50266E+013 
8900 6.48179E+013 
8950 6.46082E+013 
9000 6.43976E+013 
9050 6.4186E+013 
9100 6.39736E+013 
9150 6.37604E+013 
9200 6.35463E+013 
9250 6.33314E+013 
9300 6.31157E+013 
9350 6.28993E+013 
9400 6.26822E+013 
9450 6.24644E+013 
9500 6.2246E+013 
9550 6.20269E+013 
9600 6.18072E+013 
9650 6.1587E+013 
9700 6.13662E+013 
9750 6.11448E+013 
9800 6.0923E+013 
9850 6.07007E+013 
9900 6.04779E+013 
9950 6.02546E+013 
10000 6.0031E+013 
10050 5.9807E+013 
10100 5.95826E+013 
10150 5.93579E+013 
10200 5.91328E+013 
10250 5.89075E+013 
10300 5.86819E+013 
10350 5.8456E+013 
10400 5.82298E+013 
10450 5.80035E+013 
10500 5.77769E+013 
10550 5.75502E+013 
10600 5.73233E+013 
10650 5.70963E+013 
10700 5.68691E+013 
10750 5.66418E+013 
10800 5.64144E+013 
10850 5.6187E+013 
10900 5.59595E+013 
10950 5.57319E+013 
11000 5.55043E+013 
11050 5.52768E+013 
11100 5.50492E+013 
11150 5.48217E+013 
11200 5.45942E+013 
11250 5.43667E+013 
11300 5.41393E+013 
11350 5.3912E+013 
11400 5.36848E+013 
11450 5.34577E+013 
11500 5.32307E+013 
11550 5.30039E+013 
11600 5.27772E+013 
11650 5.25507E+013 
11700 5.23244E+013 
11750 5.20983E+013 
11800 5.18723E+013 
11850 5.16466E+013 
11900 5.14211E+013 
11950 5.11958E+013 
12000 5.09708E+013 
12050 5.07461E+013 
12100 5.05216E+013 
12150 5.02974E+013 
12200 5.00735E+013 
12250 4.98499E+013 
12300 4.96266E+013 
12350 4.94037E+013 
12400 4.9181E+013 
12450 4.89588E+013 
12500 4.87369E+013 
12550 4.85153E+013 
12600 4.82941E+013 
12650 4.80733E+013 
12700 4.78529E+013 
12750 4.76329E+013 
12800 4.74133E+013 
12850 4.71941E+013 
12900 4.69753E+013 
12950 4.6757E+013 
13000 4.65391E+013 
13050 4.63216E+013 
13100 4.61046E+013 
13150 4.58881E+013 
13200 4.5672E+013 
13250 4.54564E+013 
13300 4.52413E+013 
13350 4.50267E+013 
13400 4.48125E+013 
13450 4.45989E+013 
13500 4.43858E+013 
13550 4.41732E+013 
13600 4.39611E+013 
13650 4.37496E+013 
13700 4.35385E+013 
13750 4.3328E+013 
13800 4.31181E+013 
13850 4.29087E+013 
13900 4.26999E+013 
13950 4.24916E+013 
14000 4.22838E+013 
14050 4.20767E+013 
14100 4.18701E+013 
14150 4.16641E+013 
14200 4.14587E+013 
14250 4.12538E+013 
14300 4.10496E+013 
14350 4.08459E+013 
14400 4.06429E+013 
14450 4.04404E+013 
14500 4.02386E+013 
14550 4.00373E+013 
14600 3.98367E+013 
14650 3.96367E+013 
14700 3.94373E+013 
14750 3.92386E+013 
14800 3.90404E+013 
14850 3.88429E+013 
14900 3.8646E+013 
14950 3.84498E+013 
15000 3.82542E+013 
15050 3.80592E+013 
15100 3.78649E+013 
15150 3.76713E+013 
15200 3.74782E+013 
15250 3.72859E+013 
15300 3.70942E+013 
15350 3.69031E+013 
15400 3.67127E+013 
15450 3.65229E+013 
15500 3.63339E+013 
15550 3.61454E+013 
15600 3.59577E+013 
15650 3.57706E+013 
15700 3.55842E+013 
15750 3.53984E+013 
15800 3.52134E+013 
15850 3.5029E+013 
15900 3.48452E+013 
15950 3.46622E+013 
16000 3.44798E+013 
16050 3.42981E+013 
16100 3.41171E+013 
16150 3.39367E+013 
16200 3.37571E+013 
16250 3.35781E+013 
16300 3.33998E+013 
16350 3.32222E+013 
16400 3.30453E+013 
16450 3.2869E+013 
16500 3.26935E+013 
16550 3.25186E+013 
16600 3.23445E+013 
16650 3.2171E+013 
16700 3.19982E+013 
16750 3.1826E+013 
16800 3.16546E+013 
16850 3.14839E+013 
16900 3.13138E+013 
16950 3.11445E+013 
17000 3.09758E+013 
17050 3.08078E+013 
17100 3.06405E+013 
17150 3.04739E+013 
17200 3.0308E+013 
17250 3.01428E+013 
17300 2.99783E+013 
17350 2.98144E+013 
17400 2.96512E+013 
17450 2.94888E+013 
17500 2.9327E+013 
17550 2.91659E+013 
17600 2.90055E+013 
17650 2.88457E+013 
17700 2.86867E+013 
17750 2.85283E+013 
17800 2.83707E+013 
17850 2.82137E+013 
17900 2.80574E+013 
17950 2.79017E+013 
18000 2.77468E+013 
18050 2.75925E+013 
18100 2.7439E+013 
18150 2.72861E+013 
18200 2.71338E+013 
18250 2.69823E+013 
18300 2.68314E+013 
18350 2.66812E+013 
18400 2.65317E+013 
18450 2.63829E+013 
18500 2.62347E+013 
18550 2.60872E+013 
18600 2.59403E+013 
18650 2.57942E+013 
18700 2.56487E+013 
18750 2.55038E+013 
18800 2.53597E+013 
18850 2.52162E+013 
18900 2.50734E+013 
18950 2.49312E+013 
19000 2.47896E+013 
19050 2.46488E+013 
19100 2.45086E+013 
19150 2.43691E+013 
19200 2.42302E+013 
19250 2.40919E+013 
19300 2.39543E+013 
19350 2.38174E+013 
19400 2.36811E+013 
19450 2.35455E+013 
19500 2.34105E+013 
19550 2.32762E+013 
19600 2.31425E+013 
19650 2.30094E+013 
19700 2.2877E+013 
19750 2.27452E+013 
19800 2.2614E+013 
19850 2.24835E+013 
19900 2.23537E+013 
19950 2.22244E+013 
20000 2.20958E+013 
20050 2.19678E+013 
20100 2.18404E+013 
20150 2.17137E+013 
20200 2.15876E+013 
20250 2.14621E+013 
20300 2.13372E+013 
20350 2.1213E+013 
20400 2.10893E+013 
20450 2.09663E+013 
20500 2.08439E+013 
20550 2.07221E+013 
20600 2.06009E+013 
20650 2.04803E+013 
20700 2.03603E+013 
20750 2.02409E+013 
20800 2.01221E+013 
20850 2.0004E+013 
20900 1.98864E+013 
20950 1.97694E+013 
21000 1.9653E+013 
21050 1.95372E+013 
21100 1.9422E+013 
21150 1.93073E+013 
21200 1.91933E+013 
21250 1.90798E+013 
21300 1.8967E+013 
21350 1.88547E+013 
21400 1.87429E+013 
21450 1.86318E+013 
21500 1.85212E+013 
21550 1.84112E+013 
21600 1.83018E+013 
21650 1.81929E+013 
21700 1.80846E+013 
21750 1.79769E+013 
21800 1.78697E+013 
21850 1.77631E+013 
21900 1.76571E+013 
21950 1.75516E+013 
22000 1.74466E+013 
22050 1.73422E+013 
22100 1.72384E+013 
22150 1.71351E+013 
22200 1.70324E+013 
22250 1.69302E+013 
22300 1.68285E+013 
22350 1.67274E+013 
22400 1.66268E+013 
22450 1.65267E+013 
22500 1.64272E+013 
22550 1.63282E+013 
22600 1.62298E+013 
22650 1.61318E+013 
22700 1.60344E+013 
22750 1.59375E+013 
22800 1.58412E+013 
22850 1.57453E+013 
22900 1.565E+013 
22950 1.55552E+013 
23000 1.54609E+013 
23050 1.53671E+013 
23100 1.52738E+013 
23150 1.5181E+013 
23200 1.50887E+013 
23250 1.4997E+013 
23300 1.49057E+013 
23350 1.48149E+013 
23400 1.47246E+013 
23450 1.46349E+013 
23500 1.45455E+013 
23550 1.44567E+013 
23600 1.43684E+013 
23650 1.42806E+013 
23700 1.41932E+013 
23750 1.41064E+013 
23800 1.402E+013 
23850 1.39341E+013 
23900 1.38486E+013 
23950 1.37637E+013 
24000 1.36792E+013 
24050 1.35951E+013 
24100 1.35116E+013 
24150 1.34285E+013 
24200 1.33458E+013 
24250 1.32637E+013 
24300 1.3182E+013 
24350 1.31007E+013 
24400 1.30199E+013 
24450 1.29395E+013 
24500 1.28596E+013 
24550 1.27802E+013 
24600 1.27012E+013 
24650 1.26226E+013 
24700 1.25445E+013 
24750 1.24668E+013 
24800 1.23896E+013 
24850 1.23128E+013 
24900 1.22364E+013 
24950 1.21605E+013 
25000 1.2085E+013 
25050 1.20099E+013 
25100 1.19352E+013 
25150 1.1861E+013 
25200 1.17872E+013 
25250 1.17138E+013 
25300 1.16408E+013 
25350 1.15683E+013 
25400 1.14961E+013 
25450 1.14244E+013 
25500 1.13531E+013 
25550 1.12822E+013 
25600 1.12117E+013 
25650 1.11416E+013 
25700 1.10719E+013 
25750 1.10026E+013 
25800 1.09337E+013 
25850 1.08652E+013 
25900 1.07971E+013 
25950 1.07294E+013 
26000 1.06621E+013 
26050 1.05951E+013 
26100 1.05286E+013 
26150 1.04624E+013 
26200 1.03967E+013 
26250 1.03313E+013 
26300 1.02663E+013 
26350 1.02016E+013 
26400 1.01374E+013 
26450 1.00735E+013 
26500 1.001E+013 
26550 9.94683E+012 
26600 9.88406E+012 
26650 9.82165E+012 
26700 9.75961E+012 
26750 9.69793E+012 
26800 9.63661E+012 
26850 9.57566E+012 
26900 9.51506E+012 
26950 9.45481E+012 
27000 9.39492E+012 
27050 9.33539E+012 
27100 9.2762E+012 
27150 9.21736E+012 
27200 9.15887E+012 
27250 9.10073E+012 
27300 9.04292E+012 
27350 8.98546E+012 
27400 8.92834E+012 
27450 8.87156E+012 
27500 8.81511E+012 
27550 8.759E+012 
27600 8.70322E+012 
27650 8.64777E+012 
27700 8.59265E+012 
27750 8.53786E+012 
27800 8.4834E+012 
27850 8.42926E+012 
27900 8.37544E+012 
27950 8.32194E+012 
28000 8.26877E+012 
28050 8.21591E+012 
28100 8.16336E+012 
28150 8.11114E+012 
28200 8.05922E+012 
28250 8.00762E+012 
28300 7.95632E+012 
28350 7.90533E+012 
28400 7.85465E+012 
28450 7.80427E+012 
28500 7.7542E+012 
28550 7.70442E+012 
28600 7.65495E+012 
28650 7.60577E+012 
28700 7.55689E+012 
28750 7.50831E+012 
28800 7.46002E+012 
28850 7.41202E+012 
28900 7.36431E+012 
28950 7.31689E+012 
29000 7.26976E+012 
29050 7.22291E+012 
29100 7.17635E+012 
29150 7.13006E+012 
29200 7.08406E+012 
29250 7.03834E+012 
29300 6.9929E+012 
29350 6.94773E+012 
29400 6.90284E+012 
29450 6.85822E+012 
29500 6.81387E+012 
29550 6.7698E+012 
29600 6.72599E+012 
29650 6.68245E+012 
29700 6.63917E+012 
29750 6.59616E+012 
29800 6.55342E+012 
29850 6.51093E+012 
29900 6.46871E+012 
29950 6.42674E+012 
30000 6.38503E+012 
30050 6.34358E+012 
30100 6.30238E+012 
30150 6.26143E+012 
30200 6.22074E+012 
30250 6.18029E+012 
30300 6.1401E+012 
30350 6.10015E+012 
30400 6.06045E+012 
30450 6.02099E+012 
30500 5.98178E+012 
30550 5.94281E+012 
30600 5.90408E+012 
30650 5.86558E+012 
30700 5.82733E+012 
30750 5.78931E+012 
30800 5.75153E+012 
30850 5.71398E+012 
30900 5.67667E+012 
30950 5.63958E+012 
31000 5.60273E+012 
31050 5.5661E+012 
31100 5.5297E+012 
31150 5.49353E+012 
31200 5.45758E+012 
31250 5.42186E+012 
31300 5.38636E+012 
31350 5.35108E+012 
31400 5.31601E+012 
31450 5.28117E+012 
31500 5.24655E+012 
31550 5.21214E+012 
31600 5.17794E+012 
31650 5.14396E+012 
31700 5.11019E+012 
31750 5.07663E+012 
31800 5.04329E+012 
31850 5.01015E+012 
31900 4.97721E+012 
31950 4.94449E+012 
32000 4.91197E+012 
32050 4.87965E+012 
32100 4.84754E+012 
32150 4.81563E+012 
32200 4.78391E+012 
32250 4.7524E+012 
32300 4.72109E+012 
32350 4.68997E+012 
32400 4.65905E+012 
32450 4.62832E+012 
32500 4.59779E+012 
32550 4.56745E+012 
32600 4.53729E+012 
32650 4.50733E+012 
32700 4.47756E+012 
32750 4.44798E+012 
32800 4.41858E+012 
32850 4.38937E+012 
32900 4.36035E+012 
32950 4.3315E+012 
33000 4.30284E+012 
33050 4.27437E+012 
33100 4.24607E+012 
33150 4.21795E+012 
33200 4.19001E+012 
33250 4.16225E+012 
33300 4.13466E+012 
33350 4.10725E+012 
33400 4.08001E+012 
33450 4.05294E+012 
33500 4.02605E+012 
33550 3.99933E+012 
33600 3.97278E+012 
33650 3.94639E+012 
33700 3.92018E+012 
33750 3.89413E+012 
33800 3.86825E+012 
33850 3.84253E+012 
33900 3.81698E+012 
33950 3.79159E+012 
34000 3.76636E+012 
34050 3.74129E+012 
34100 3.71639E+012 
34150 3.69164E+012 
34200 3.66705E+012 
34250 3.64262E+012 
34300 3.61834E+012 
34350 3.59422E+012 
34400 3.57026E+012 
34450 3.54644E+012 
34500 3.52278E+012 
34550 3.49928E+012 
34600 3.47592E+012 
34650 3.45271E+012 
34700 3.42965E+012 
34750 3.40674E+012 
34800 3.38398E+012 
34850 3.36136E+012 
34900 3.33889E+012 
34950 3.31656E+012 
35000 3.29438E+012 
35050 3.27234E+012 
35100 3.25044E+012 
35150 3.22869E+012 
35200 3.20707E+012 
35250 3.18559E+012 
35300 3.16425E+012 
35350 3.14305E+012 
35400 3.12199E+012 
35450 3.10106E+012 
35500 3.08027E+012 
35550 3.05961E+012 
35600 3.03908E+012 
35650 3.01869E+012 
35700 2.99843E+012 
35750 2.9783E+012 
35800 2.9583E+012 
35850 2.93843E+012 
35900 2.91869E+012 
35950 2.89908E+012 
36000 2.87959E+012 
36050 2.86023E+012 
36100 2.841E+012 
36150 2.82189E+012 
36200 2.8029E+012 
36250 2.78404E+012 
36300 2.7653E+012 
36350 2.74669E+012 
36400 2.72819E+012 
36450 2.70981E+012 
36500 2.69156E+012 
36550 2.67342E+012 
36600 2.6554E+012 
36650 2.6375E+012 
36700 2.61971E+012 
36750 2.60204E+012 
36800 2.58449E+012 
36850 2.56705E+012 
36900 2.54972E+012 
36950 2.53251E+012 
37000 2.51541E+012 
37050 2.49842E+012 
37100 2.48154E+012 
37150 2.46478E+012 
37200 2.44812E+012 
37250 2.43157E+012 
37300 2.41513E+012 
37350 2.3988E+012 
37400 2.38257E+012 
37450 2.36645E+012 
37500 2.35044E+012 
37550 2.33453E+012 
37600 2.31872E+012 
37650 2.30302E+012 
37700 2.28742E+012 
37750 2.27193E+012 
37800 2.25653E+012 
37850 2.24124E+012 
37900 2.22605E+012 
37950 2.21095E+012 
38000 2.19596E+012 
38050 2.18106E+012 
38100 2.16627E+012 
38150 2.15157E+012 
38200 2.13696E+012 
38250 2.12246E+012 
38300 2.10804E+012 
38350 2.09373E+012 
38400 2.0795E+012 
38450 2.06538E+012 
38500 2.05134E+012 
38550 2.0374E+012 
38600 2.02355E+012 
38650 2.00979E+012 
38700 1.99612E+012 
38750 1.98254E+012 
38800 1.96905E+012 
38850 1.95565E+012 
38900 1.94234E+012 
38950 1.92912E+012 
39000 1.91598E+012 
39050 1.90293E+012 
39100 1.88997E+012 
39150 1.87709E+012 
39200 1.8643E+012 
39250 1.85159E+012 
39300 1.83897E+012 
39350 1.82643E+012 
39400 1.81398E+012 
39450 1.8016E+012 
39500 1.78931E+012 
39550 1.7771E+012 
39600 1.76497E+012 
39650 1.75292E+012 
39700 1.74095E+012 
39750 1.72906E+012 
39800 1.71726E+012 
39850 1.70552E+012 
39900 1.69387E+012 
39950 1.68229E+012 
40000 1.67079E+012 
40050 1.65937E+012 
40100 1.64802E+012 
40150 1.63675E+012 
40200 1.62556E+012 
40250 1.61444E+012 
40300 1.60339E+012 
40350 1.59241E+012 
40400 1.58151E+012 
40450 1.57068E+012 
40500 1.55993E+012 
40550 1.54924E+012 
40600 1.53863E+012 
40650 1.52809E+012 
40700 1.51762E+012 
40750 1.50721E+012 
40800 1.49688E+012 
40850 1.48662E+012 
40900 1.47642E+012 
40950 1.46629E+012 
41000 1.45624E+012 
41050 1.44624E+012 
41100 1.43632E+012 
41150 1.42646E+012 
41200 1.41667E+012 
41250 1.40694E+012 
41300 1.39728E+012 
41350 1.38768E+012 
41400 1.37815E+012 
41450 1.36868E+012 
41500 1.35927E+012 
41550 1.34993E+012 
41600 1.34065E+012 
41650 1.33143E+012 
41700 1.32228E+012 
41750 1.31318E+012 
41800 1.30415E+012 
41850 1.29517E+012 
41900 1.28626E+012 
41950 1.27741E+012 
42000 1.26861E+012 
42050 1.25988E+012 
42100 1.2512E+012 
42150 1.24259E+012 
42200 1.23403E+012 
42250 1.22553E+012 
42300 1.21708E+012 
42350 1.20869E+012 
42400 1.20036E+012 
42450 1.19209E+012 
42500 1.18387E+012 
42550 1.1757E+012 
42600 1.16759E+012 
42650 1.15954E+012 
42700 1.15154E+012 
42750 1.14359E+012 
42800 1.1357E+012 
42850 1.12786E+012 
42900 1.12007E+012 
42950 1.11234E+012 
43000 1.10466E+012 
43050 1.09702E+012 
43100 1.08945E+012 
43150 1.08192E+012 
43200 1.07444E+012 
43250 1.06702E+012 
43300 1.05964E+012 
43350 1.05231E+012 
43400 1.04504E+012 
43450 1.03781E+012 
43500 1.03063E+012 
43550 1.0235E+012 
43600 1.01642E+012 
43650 1.00939E+012 
43700 1.0024E+012 
43750 9.9546E+011 
43800 9.88568E+011 
43850 9.81723E+011 
43900 9.74924E+011 
43950 9.68171E+011 
44000 9.61464E+011 
44050 9.54803E+011 
44100 9.48186E+011 
44150 9.41614E+011 
44200 9.35088E+011 
44250 9.28605E+011 
44300 9.22166E+011 
44350 9.15771E+011 
44400 9.0942E+011 
44450 9.03111E+011 
44500 8.96846E+011 
44550 8.90623E+011 
44600 8.84442E+011 
44650 8.78303E+011 
44700 8.72206E+011 
44750 8.6615E+011 
44800 8.60136E+011 
44850 8.54162E+011 
44900 8.4823E+011 
44950 8.42337E+011 
45000 8.36485E+011 
45050 8.30672E+011 
45100 8.24899E+011 
45150 8.19166E+011 
45200 8.13471E+011 
45250 8.07815E+011 
45300 8.02198E+011 
45350 7.96619E+011 
45400 7.91078E+011 
45450 7.85575E+011 
45500 7.80109E+011 
45550 7.7468E+011 
45600 7.69289E+011 
45650 7.63934E+011 
45700 7.58616E+011 
45750 7.53335E+011 
45800 7.48089E+011 
45850 7.42879E+011 
45900 7.37705E+011 
45950 7.32566E+011 
46000 7.27462E+011 
46050 7.22393E+011 
46100 7.17359E+011 
46150 7.12359E+011 
46200 7.07393E+011 
46250 7.02461E+011 
46300 6.97563E+011 
46350 6.92698E+011 
46400 6.87867E+011 
46450 6.83069E+011 
46500 6.78304E+011 
46550 6.73571E+011 
46600 6.68871E+011 
46650 6.64202E+011 
46700 6.59566E+011 
46750 6.54962E+011 
46800 6.50389E+011 
46850 6.45847E+011 
46900 6.41337E+011 
46950 6.36857E+011 
47000 6.32409E+011 
47050 6.2799E+011 
47100 6.23602E+011 
47150 6.19245E+011 
47200 6.14917E+011 
47250 6.10618E+011 
47300 6.0635E+011 
47350 6.0211E+011 
47400 5.979E+011 
47450 5.93718E+011 
47500 5.89566E+011 
47550 5.85442E+011 
47600 5.81346E+011 
47650 5.77278E+011 
47700 5.73238E+011 
47750 5.69226E+011 
47800 5.65242E+011 
47850 5.61285E+011 
47900 5.57355E+011 
47950 5.53453E+011 
48000 5.49577E+011 
48050 5.45728E+011 
48100 5.41905E+011 
48150 5.38108E+011 
48200 5.34338E+011 
48250 5.30594E+011 
48300 5.26875E+011 
48350 5.23183E+011 
48400 5.19515E+011 
48450 5.15873E+011 
48500 5.12256E+011 
48550 5.08664E+011 
48600 5.05096E+011 
48650 5.01554E+011 
48700 4.98035E+011 
48750 4.94541E+011 
48800 4.91071E+011 
48850 4.87625E+011 
48900 4.84203E+011 
48950 4.80804E+011 
49000 4.77429E+011 
49050 4.74077E+011 
49100 4.70748E+011 
49150 4.67443E+011 
49200 4.6416E+011 
49250 4.609E+011 
49300 4.57662E+011 
49350 4.54447E+011 
49400 4.51254E+011 
49450 4.48083E+011 
49500 4.44933E+011 
49550 4.41806E+011 
49600 4.387E+011 
49650 4.35616E+011 
49700 4.32553E+011 
49750 4.29512E+011 
49800 4.26491E+011 
49850 4.23491E+011 
49900 4.20512E+011 
49950 4.17554E+011 
50000 4.14616E+011 
50050 4.11698E+011 
50100 4.08801E+011 
50150 4.05924E+011 
50200 4.03067E+011 
50250 4.00229E+011 
50300 3.97411E+011 
50350 3.94613E+011 
50400 3.91834E+011 
50450 3.89075E+011 
50500 3.86334E+011 
50550 3.83613E+011 
50600 3.8091E+011 
50650 3.78226E+011 
50700 3.75561E+011 
50750 3.72914E+011 
50800 3.70286E+011 
50850 3.67676E+011 
50900 3.65084E+011 
50950 3.6251E+011 
51000 3.59953E+011 
51050 3.57415E+011 
51100 3.54894E+011 
51150 3.52391E+011 
51200 3.49905E+011 
51250 3.47437E+011 
51300 3.44985E+011 
51350 3.42551E+011 
51400 3.40134E+011 
51450 3.37733E+011 
51500 3.35349E+011 
51550 3.32982E+011 
51600 3.30631E+011 
51650 3.28296E+011 
51700 3.25978E+011 
51750 3.23676E+011 
51800 3.2139E+011 
51850 3.19119E+011 
51900 3.16865E+011 
51950 3.14626E+011 
52000 3.12403E+011 
52050 3.10196E+011 
52100 3.08003E+011 
52150 3.05826E+011 
52200 3.03665E+011 
52250 3.01518E+011 
52300 2.99386E+011 
52350 2.97269E+011 
52400 2.95167E+011 
52450 2.9308E+011 
52500 2.91007E+011 
52550 2.88948E+011 
52600 2.86904E+011 
52650 2.84874E+011 
52700 2.82858E+011 
52750 2.80857E+011 
52800 2.78869E+011 
52850 2.76895E+011 
52900 2.74935E+011 
52950 2.72989E+011 
53000 2.71056E+011 
53050 2.69137E+011 
53100 2.67231E+011 
53150 2.65339E+011 
53200 2.63459E+011 
53250 2.61593E+011 
53300 2.5974E+011 
53350 2.579E+011 
53400 2.56072E+011 
53450 2.54258E+011 
53500 2.52456E+011 
53550 2.50667E+011 
53600 2.4889E+011 
53650 2.47126E+011 
53700 2.45374E+011 
53750 2.43634E+011 
53800 2.41906E+011 
53850 2.40191E+011 
53900 2.38488E+011 
53950 2.36796E+011 
54000 2.35116E+011 
54050 2.33448E+011 
54100 2.31792E+011 
54150 2.30147E+011 
54200 2.28514E+011 
54250 2.26893E+011 
54300 2.25282E+011 
54350 2.23683E+011 
54400 2.22095E+011 
54450 2.20519E+011 
54500 2.18953E+011 
54550 2.17398E+011 
54600 2.15854E+011 
54650 2.14321E+011 
54700 2.12799E+011 
54750 2.11288E+011 
54800 2.09787E+011 
54850 2.08296E+011 
54900 2.06816E+011 
54950 2.05347E+011 
55000 2.03888E+011 
55050 2.02438E+011 
55100 2.01E+011 
55150 1.99571E+011 
55200 1.98152E+011 
55250 1.96743E+011 
55300 1.95345E+011 
55350 1.93955E+011 
55400 1.92576E+011 
55450 1.91207E+011 
55500 1.89847E+011 
55550 1.88496E+011 
55600 1.87155E+011 
55650 1.85824E+011 
55700 1.84502E+011 
55750 1.83189E+011 
55800 1.81885E+011 
55850 1.80591E+011 
55900 1.79305E+011 
55950 1.78029E+011 
56000 1.76762E+011 
56050 1.75503E+011 
56100 1.74254E+011 
56150 1.73013E+011 
56200 1.71781E+011 
56250 1.70558E+011 
56300 1.69343E+011 
56350 1.68137E+011 
56400 1.66939E+011 
56450 1.6575E+011 
56500 1.64569E+011 
56550 1.63396E+011 
56600 1.62232E+011 
56650 1.61075E+011 
56700 1.59928E+011 
56750 1.58788E+011 
56800 1.57656E+011 
56850 1.56532E+011 
56900 1.55416E+011 
56950 1.54308E+011 
57000 1.53207E+011 
57050 1.52115E+011 
57100 1.5103E+011 
57150 1.49953E+011 
57200 1.48883E+011 
57250 1.47821E+011 
57300 1.46766E+011 
57350 1.45719E+011 
57400 1.4468E+011 
57450 1.43647E+011 
57500 1.42622E+011 
57550 1.41604E+011 
57600 1.40593E+011 
57650 1.3959E+011 
57700 1.38593E+011 
57750 1.37604E+011 
57800 1.36621E+011 
57850 1.35646E+011 
57900 1.34677E+011 
57950 1.33716E+011 
58000 1.32761E+011 
58050 1.31812E+011 
58100 1.30871E+011 
58150 1.29936E+011 
58200 1.29008E+011 
58250 1.28086E+011 
58300 1.27171E+011 
58350 1.26262E+011 
58400 1.25359E+011 
58450 1.24463E+011 
58500 1.23574E+011 
58550 1.22691E+011 
58600 1.21813E+011 
58650 1.20943E+011 
58700 1.20078E+011 
58750 1.19219E+011 
58800 1.18367E+011 
58850 1.1752E+011 
58900 1.1668E+011 
58950 1.15845E+011 
59000 1.15016E+011 
59050 1.14194E+011 
59100 1.13377E+011 
59150 1.12566E+011 
59200 1.1176E+011 
59250 1.1096E+011 
59300 1.10166E+011 
59350 1.09378E+011 
59400 1.08595E+011 
59450 1.07818E+011 
59500 1.07046E+011 
59550 1.0628E+011 
59600 1.05519E+011 
59650 1.04763E+011 
59700 1.04013E+011 
59750 1.03268E+011 
59800 1.02529E+011 
59850 1.01794E+011 
59900 1.01065E+011 
59950 1.00341E+011 
60000 9.96225E+010 
60050 9.89088E+010 
60100 9.82001E+010 
60150 9.74965E+010 
60200 9.67979E+010 
60250 9.61042E+010 
60300 9.54154E+010 
60350 9.47316E+010 
60400 9.40526E+010 
60450 9.33784E+010 
60500 9.2709E+010 
60550 9.20443E+010 
60600 9.13844E+010 
60650 9.07291E+010 
60700 9.00785E+010 
60750 8.94325E+010 
60800 8.87911E+010 
60850 8.81543E+010 
60900 8.7522E+010 
60950 8.68942E+010 
61000 8.62708E+010 
61050 8.56519E+010 
61100 8.50373E+010 
61150 8.44272E+010 
61200 8.38213E+010 
61250 8.32198E+010 
61300 8.26225E+010 
61350 8.20295E+010 
61400 8.14408E+010 
61450 8.08561E+010 
61500 8.02757E+010 
61550 7.96994E+010 
61600 7.91272E+010 
61650 7.8559E+010 
61700 7.79949E+010 
61750 7.74348E+010 
61800 7.68787E+010 
61850 7.63265E+010 
61900 7.57783E+010 
61950 7.5234E+010 
62000 7.46935E+010 
62050 7.41569E+010 
62100 7.36242E+010 
62150 7.30952E+010 
62200 7.25699E+010 
62250 7.20484E+010 
62300 7.15307E+010 
62350 7.10166E+010 
62400 7.05062E+010 
62450 6.99994E+010 
62500 6.94962E+010 
62550 6.89966E+010 
62600 6.85005E+010 
62650 6.80081E+010 
62700 6.7519E+010 
62750 6.70335E+010 
62800 6.65515E+010 
62850 6.60729E+010 
62900 6.55977E+010 
62950 6.51259E+010 
63000 6.46574E+010 
63050 6.41923E+010 
63100 6.37305E+010 
63150 6.3272E+010 
63200 6.28168E+010 
63250 6.23648E+010 
63300 6.1916E+010 
63350 6.14704E+010 
63400 6.1028E+010 
63450 6.05888E+010 
63500 6.01527E+010 
63550 5.97197E+010 
63600 5.92898E+010 
63650 5.8863E+010 
63700 5.84392E+010 
63750 5.80185E+010 
63800 5.76007E+010 
63850 5.7186E+010 
63900 5.67741E+010 
63950 5.63653E+010 
64000 5.59593E+010 
64050 5.55563E+010 
64100 5.51561E+010 
64150 5.47588E+010 
64200 5.43643E+010 
64250 5.39727E+010 
64300 5.35838E+010 
64350 5.31977E+010 
64400 5.28144E+010 
64450 5.24338E+010 
64500 5.20559E+010 
64550 5.16808E+010 
64600 5.13083E+010 
64650 5.09385E+010 
64700 5.05713E+010 
64750 5.02067E+010 
64800 4.98448E+010 
64850 4.94854E+010 
64900 4.91286E+010 
64950 4.87744E+010 
65000 4.84227E+010 
65050 4.80735E+010 
65100 4.77268E+010 
65150 4.73826E+010 
65200 4.70408E+010 
65250 4.67015E+010 
65300 4.63646E+010 
65350 4.60302E+010 
65400 4.56981E+010 
65450 4.53684E+010 
65500 4.5041E+010 
65550 4.47161E+010 
65600 4.43934E+010 
65650 4.4073E+010 
65700 4.3755E+010 
65750 4.34392E+010 
65800 4.31256E+010 
65850 4.28143E+010 
65900 4.25053E+010 
65950 4.21985E+010 
66000 4.18938E+010 
66050 4.15913E+010 
66100 4.12911E+010 
66150 4.09929E+010 
66200 4.06969E+010 
66250 4.0403E+010 
66300 4.01112E+010 
66350 3.98215E+010 
66400 3.95339E+010 
66450 3.92484E+010 
66500 3.89649E+010 
66550 3.86834E+010 
66600 3.84039E+010 
66650 3.81264E+010 
66700 3.7851E+010 
66750 3.75775E+010 
66800 3.7306E+010 
66850 3.70364E+010 
66900 3.67687E+010 
66950 3.6503E+010 
67000 3.62392E+010 
67050 3.59772E+010 
67100 3.57172E+010 
67150 3.5459E+010 
67200 3.52027E+010 
67250 3.49482E+010 
67300 3.46955E+010 
67350 3.44446E+010 
67400 3.41956E+010 
67450 3.39483E+010 
67500 3.37028E+010 
67550 3.34591E+010 
67600 3.32171E+010 
67650 3.29768E+010 
67700 3.27383E+010 
67750 3.25015E+010 
67800 3.22664E+010 
67850 3.2033E+010 
67900 3.18012E+010 
67950 3.15712E+010 
68000 3.13427E+010 
68050 3.11159E+010 
68100 3.08908E+010 
68150 3.06672E+010 
68200 3.04453E+010 
68250 3.02249E+010 
68300 3.00062E+010 
68350 2.9789E+010 
68400 2.95734E+010 
68450 2.93593E+010 
68500 2.91468E+010 
68550 2.89358E+010 
68600 2.87263E+010 
68650 2.85183E+010 
68700 2.83118E+010 
68750 2.81068E+010 
68800 2.79032E+010 
68850 2.77012E+010 
68900 2.75006E+010 
68950 2.73014E+010 
69000 2.71036E+010 
69050 2.69073E+010 
69100 2.67124E+010 
69150 2.65189E+010 
69200 2.63268E+010 
69250 2.6136E+010 
69300 2.59467E+010 
69350 2.57587E+010 
69400 2.5572E+010 
69450 2.53867E+010 
69500 2.52028E+010 
69550 2.50201E+010 
69600 2.48388E+010 
69650 2.46588E+010 
69700 2.448E+010 
69750 2.43026E+010 
69800 2.41264E+010 
69850 2.39515E+010 
69900 2.37779E+010 
69950 2.36055E+010 
70000 2.34344E+010 
70050 2.32644E+010 
70100 2.30958E+010 
70150 2.29283E+010 
70200 2.2762E+010 
70250 2.25969E+010 
70300 2.2433E+010 
70350 2.22703E+010 
70400 2.21088E+010 
70450 2.19484E+010 
70500 2.17892E+010 
70550 2.16312E+010 
70600 2.14742E+010 
70650 2.13184E+010 
70700 2.11638E+010 
70750 2.10102E+010 
70800 2.08578E+010 
70850 2.07064E+010 
70900 2.05562E+010 
70950 2.0407E+010 
71000 2.02589E+010 
71050 2.01118E+010 
71100 1.99659E+010 
71150 1.98209E+010 
71200 1.96771E+010 
71250 1.95342E+010 
71300 1.93924E+010 
71350 1.92516E+010 
71400 1.91119E+010 
71450 1.89731E+010 
71500 1.88353E+010 
71550 1.86986E+010 
71600 1.85628E+010 
71650 1.8428E+010 
71700 1.82942E+010 
71750 1.81613E+010 
71800 1.80294E+010 
71850 1.78984E+010 
71900 1.77684E+010 
71950 1.76394E+010 
72000 1.75112E+010 
72050 1.7384E+010 
72100 1.72577E+010 
72150 1.71323E+010 
72200 1.70079E+010 
72250 1.68843E+010 
72300 1.67616E+010 
72350 1.66398E+010 
72400 1.65189E+010 
72450 1.63988E+010 
72500 1.62797E+010 
72550 1.61613E+010 
72600 1.60439E+010 
72650 1.59272E+010 
72700 1.58115E+010 
72750 1.56965E+010 
72800 1.55824E+010 
72850 1.54692E+010 
72900 1.53567E+010 
72950 1.5245E+010 
73000 1.51342E+010 
73050 1.50241E+010 
73100 1.49149E+010 
73150 1.48064E+010 
73200 1.46988E+010 
73250 1.45919E+010 
73300 1.44857E+010 
73350 1.43804E+010 
73400 1.42758E+010 
73450 1.41719E+010 
73500 1.40688E+010 
73550 1.39665E+010 
73600 1.38649E+010 
73650 1.3764E+010 
73700 1.36639E+010 
73750 1.35645E+010 
73800 1.34658E+010 
73850 1.33678E+010 
73900 1.32705E+010 
73950 1.3174E+010 
74000 1.30781E+010 
74050 1.29829E+010 
74100 1.28884E+010 
74150 1.27946E+010 
74200 1.27015E+010 
74250 1.2609E+010 
74300 1.25173E+010 
74350 1.24261E+010 
74400 1.23357E+010 
74450 1.22459E+010 
74500 1.21567E+010 
74550 1.20682E+010 
74600 1.19803E+010 
74650 1.18931E+010 
74700 1.18065E+010 
74750 1.17205E+010 
74800 1.16352E+010 
74850 1.15504E+010 
74900 1.14663E+010 
74950 1.13828E+010 
75000 1.12999E+010 
75050 1.12176E+010 
75100 1.11359E+010 
75150 1.10548E+010 
75200 1.09742E+010 
75250 1.08943E+010 
75300 1.08149E+010 
75350 1.07361E+010 
75400 1.06579E+010 
75450 1.05802E+010 
75500 1.05031E+010 
75550 1.04266E+010 
75600 1.03506E+010 
75650 1.02752E+010 
75700 1.02003E+010 
75750 1.0126E+010 
75800 1.00522E+010 
75850 9.9789E+009 
75900 9.90617E+009 
75950 9.83396E+009 
76000 9.76227E+009 
76050 9.69111E+009 
76100 9.62046E+009 
76150 9.55032E+009 
76200 9.48069E+009 
76250 9.41157E+009 
76300 9.34294E+009 
76350 9.27482E+009 
76400 9.20719E+009 
76450 9.14005E+009 
76500 9.07339E+009 
76550 9.00722E+009 
76600 8.94153E+009 
76650 8.87632E+009 
76700 8.81158E+009 
76750 8.74731E+009 
76800 8.6835E+009 
76850 8.62016E+009 
76900 8.55728E+009 
76950 8.49485E+009 
77000 8.43288E+009 
77050 8.37135E+009 
77100 8.31028E+009 
77150 8.24964E+009 
77200 8.18945E+009 
77250 8.12969E+009 
77300 8.07037E+009 
77350 8.01148E+009 
77400 7.95301E+009 
77450 7.89497E+009 
77500 7.83735E+009 
77550 7.78015E+009 
77600 7.72336E+009 
77650 7.66699E+009 
77700 7.61103E+009 
77750 7.55547E+009 
77800 7.50031E+009 
77850 7.44556E+009 
77900 7.3912E+009 
77950 7.33724E+009 
78000 7.28367E+009 
78050 7.23049E+009 
78100 7.1777E+009 
78150 7.12529E+009 
78200 7.07326E+009 
78250 7.02161E+009 
78300 6.97033E+009 
78350 6.91943E+009 
78400 6.86889E+009 
78450 6.81872E+009 
78500 6.76892E+009 
78550 6.71948E+009 
78600 6.6704E+009 
78650 6.62168E+009 
78700 6.5733E+009 
78750 6.52528E+009 
78800 6.47762E+009 
78850 6.43029E+009 
78900 6.38331E+009 
78950 6.33667E+009 
79000 6.29038E+009 
79050 6.24441E+009 
79100 6.19879E+009 
79150 6.15349E+009 
79200 6.10852E+009 
79250 6.06388E+009 
79300 6.01957E+009 
79350 5.97557E+009 
79400 5.9319E+009 
79450 5.88854E+009 
79500 5.8455E+009 
79550 5.80278E+009 
79600 5.76036E+009 
79650 5.71825E+009 
79700 5.67645E+009 
79750 5.63495E+009 
79800 5.59376E+009 
79850 5.55286E+009 
79900 5.51226E+009 
79950 5.47196E+009 
80000 5.43195E+009 
80050 5.39223E+009 
80100 5.3528E+009 
80150 5.31366E+009 
80200 5.2748E+009 
80250 5.23622E+009 
80300 5.19793E+009 
80350 5.15991E+009 
80400 5.12217E+009 
80450 5.08471E+009 
80500 5.04752E+009 
80550 5.0106E+009 
80600 4.97394E+009 
80650 4.93756E+009 
80700 4.90144E+009 
80750 4.86558E+009 
80800 4.82998E+009 
80850 4.79465E+009 
80900 4.75957E+009 
80950 4.72474E+009 
81000 4.69017E+009 
81050 4.65585E+009 
81100 4.62179E+009 
81150 4.58796E+009 
81200 4.55439E+009 
81250 4.52106E+009 
81300 4.48797E+009 
81350 4.45513E+009 
81400 4.42252E+009 
81450 4.39015E+009 
81500 4.35802E+009 
81550 4.32612E+009 
81600 4.29445E+009 
81650 4.26301E+009 
81700 4.23181E+009 
81750 4.20083E+009 
81800 4.17007E+009 
81850 4.13954E+009 
81900 4.10923E+009 
81950 4.07915E+009 
82000 4.04928E+009 
82050 4.01963E+009 
82100 3.9902E+009 
82150 3.96098E+009 
82200 3.93197E+009 
82250 3.90318E+009 
82300 3.87459E+009 
82350 3.84622E+009 
82400 3.81805E+009 
82450 3.79009E+009 
82500 3.76232E+009 
82550 3.73477E+009 
82600 3.70741E+009 
82650 3.68025E+009 
82700 3.65329E+009 
82750 3.62653E+009 
82800 3.59996E+009 
82850 3.57359E+009 
82900 3.54741E+009 
82950 3.52142E+009 
83000 3.49562E+009 
83050 3.47001E+009 
83100 3.44458E+009 
83150 3.41934E+009 
83200 3.39428E+009 
83250 3.36941E+009 
83300 3.34472E+009 
83350 3.32021E+009 
83400 3.29588E+009 
83450 3.27172E+009 
83500 3.24774E+009 
83550 3.22394E+009 
83600 3.20031E+009 
83650 3.17685E+009 
83700 3.15356E+009 
83750 3.13045E+009 
83800 3.1075E+009 
83850 3.08472E+009 
83900 3.0621E+009 
83950 3.03965E+009 
84000 3.01737E+009 
84050 2.99525E+009 
84100 2.97329E+009 
84150 2.95148E+009 
84200 2.92984E+009 
84250 2.90836E+009 
84300 2.88703E+009 
84350 2.86586E+009 
84400 2.84485E+009 
84450 2.82398E+009 
84500 2.80327E+009 
84550 2.78271E+009 
84600 2.7623E+009 
84650 2.74204E+009 
84700 2.72193E+009 
84750 2.70197E+009 
84800 2.68215E+009 
84850 2.66247E+009 
84900 2.64294E+009 
84950 2.62355E+009 
85000 2.60431E+009 
85050 2.5852E+009 
85100 2.56623E+009 
85150 2.54741E+009 
85200 2.52872E+009 
85250 2.51016E+009 
85300 2.49175E+009 
85350 2.47346E+009 
85400 2.45531E+009 
85450 2.4373E+009 
85500 2.41941E+009 
85550 2.40166E+009 
85600 2.38403E+009 
85650 2.36653E+009 
85700 2.34917E+009 
85750 2.33192E+009 
85800 2.31481E+009 
85850 2.29782E+009 
85900 2.28095E+009 
85950 2.26421E+009 
86000 2.24759E+009 
86050 2.23109E+009 
86100 2.21471E+009 
86150 2.19845E+009 
86200 2.18231E+009 
86250 2.16629E+009 
86300 2.15039E+009 
86350 2.1346E+009 
86400 2.11893E+009 
86450 2.10337E+009 
86500 2.08792E+009 
86550 2.07259E+009 
86600 2.05737E+009 
86650 2.04227E+009 
86700 2.02727E+009 
86750 2.01238E+009 
86800 1.9976E+009 
86850 1.98293E+009 
86900 1.96837E+009 
86950 1.95391E+009 
87000 1.93956E+009 
87050 1.92531E+009 
87100 1.91117E+009 
87150 1.89713E+009 
87200 1.8832E+009 
87250 1.86936E+009 
87300 1.85563E+009 
87350 1.842E+009 
87400 1.82847E+009 
87450 1.81504E+009 
87500 1.8017E+009 
87550 1.78846E+009 
87600 1.77532E+009 
87650 1.76228E+009 
87700 1.74933E+009 
87750 1.73648E+009 
87800 1.72372E+009 
87850 1.71105E+009 
87900 1.69848E+009 
87950 1.68599E+009 
88000 1.6736E+009 
88050 1.6613E+009 
88100 1.6491E+009 
88150 1.63697E+009 
88200 1.62494E+009 
88250 1.613E+009 
88300 1.60114E+009 
88350 1.58937E+009 
88400 1.57769E+009 
88450 1.56609E+009 
88500 1.55458E+009 
88550 1.54315E+009 
88600 1.53181E+009 
88650 1.52055E+009 
88700 1.50937E+009 
88750 1.49827E+009 
88800 1.48726E+009 
88850 1.47632E+009 
88900 1.46547E+009 
88950 1.45469E+009 
89000 1.444E+009 
89050 1.43338E+009 
89100 1.42284E+009 
89150 1.41238E+009 
89200 1.40199E+009 
89250 1.39168E+009 
89300 1.38144E+009 
89350 1.37128E+009 
89400 1.3612E+009 
89450 1.35119E+009 
89500 1.34125E+009 
89550 1.33138E+009 
89600 1.32159E+009 
89650 1.31187E+009 
89700 1.30222E+009 
89750 1.29264E+009 
89800 1.28313E+009 
89850 1.27369E+009 
89900 1.26432E+009 
89950 1.25502E+009 
90000 1.24579E+009 
90050 1.23662E+009 
90100 1.22752E+009 
90150 1.21849E+009 
90200 1.20953E+009 
90250 1.20063E+009 
90300 1.19179E+009 
90350 1.18302E+009 
90400 1.17432E+009 
90450 1.16568E+009 
90500 1.1571E+009 
90550 1.14858E+009 
90600 1.14013E+009 
90650 1.13174E+009 
90700 1.12341E+009 
90750 1.11514E+009 
90800 1.10694E+009 
90850 1.09879E+009 
90900 1.0907E+009 
90950 1.08267E+009 
91000 1.0747E+009 
91050 1.06679E+009 
91100 1.05894E+009 
91150 1.05114E+009 
91200 1.04341E+009 
91250 1.03572E+009 
91300 1.0281E+009 
91350 1.02053E+009 
91400 1.01302E+009 
91450 1.00556E+009 
91500 9.98155E+008 
91550 9.90806E+008 
91600 9.83511E+008 
91650 9.76269E+008 
91700 9.6908E+008 
91750 9.61944E+008 
91800 9.54861E+008 
91850 9.47829E+008 
91900 9.40849E+008 
91950 9.3392E+008 
92000 9.27042E+008 
92050 9.20215E+008 
92100 9.13438E+008 
92150 9.0671E+008 
92200 9.00032E+008 
92250 8.93403E+008 
92300 8.86822E+008 
92350 8.8029E+008 
92400 8.73806E+008 
92450 8.67369E+008 
92500 8.6098E+008 
92550 8.54637E+008 
92600 8.48342E+008 
92650 8.42092E+008 
92700 8.35888E+008 
92750 8.2973E+008 
92800 8.23617E+008 
92850 8.17549E+008 
92900 8.11525E+008 
92950 8.05546E+008 
93000 7.9961E+008 
93050 7.93719E+008 
93100 7.8787E+008 
93150 7.82065E+008 
93200 7.76302E+008 
93250 7.70581E+008 
93300 7.64902E+008 
93350 7.59265E+008 
93400 7.5367E+008 
93450 7.48116E+008 
93500 7.42602E+008 
93550 7.37129E+008 
93600 7.31696E+008 
93650 7.26303E+008 
93700 7.2095E+008 
93750 7.15636E+008 
93800 7.10361E+008 
93850 7.05124E+008 
93900 6.99927E+008 
93950 6.94767E+008 
94000 6.89646E+008 
94050 6.84562E+008 
94100 6.79515E+008 
94150 6.74505E+008 
94200 6.69533E+008 
94250 6.64596E+008 
94300 6.59697E+008 
94350 6.54833E+008 
94400 6.50005E+008 
94450 6.45212E+008 
94500 6.40455E+008 
94550 6.35732E+008 
94600 6.31044E+008 
94650 6.26391E+008 
94700 6.21772E+008 
94750 6.17187E+008 
94800 6.12635E+008 
94850 6.08117E+008 
94900 6.03633E+008 
94950 5.99181E+008 
95000 5.94762E+008 
95050 5.90375E+008 
95100 5.86021E+008 
95150 5.81698E+008 
95200 5.77408E+008 
95250 5.73149E+008 
95300 5.68921E+008 
95350 5.64725E+008 
95400 5.60559E+008 
95450 5.56424E+008 
95500 5.52319E+008 
95550 5.48245E+008 
95600 5.442E+008 
95650 5.40186E+008 
95700 5.36201E+008 
95750 5.32245E+008 
95800 5.28318E+008 
95850 5.2442E+008 
95900 5.2055E+008 
95950 5.1671E+008 
96000 5.12897E+008 
96050 5.09113E+008 
96100 5.05356E+008 
96150 5.01627E+008 
96200 4.97925E+008 
96250 4.94251E+008 
96300 4.90604E+008 
96350 4.86983E+008 
96400 4.83389E+008 
96450 4.79822E+008 
96500 4.76281E+008 
96550 4.72766E+008 
96600 4.69276E+008 
96650 4.65813E+008 
96700 4.62375E+008 
96750 4.58962E+008 
96800 4.55574E+008 
96850 4.52212E+008 
96900 4.48874E+008 
96950 4.4556E+008 
97000 4.42271E+008 
97050 4.39006E+008 
97100 4.35766E+008 
97150 4.32549E+008 
97200 4.29355E+008 
97250 4.26186E+008 
97300 4.23039E+008 
97350 4.19916E+008 
97400 4.16816E+008 
97450 4.13738E+008 
97500 4.10683E+008 
97550 4.07651E+008 
97600 4.04641E+008 
97650 4.01653E+008 
97700 3.98688E+008 
97750 3.95744E+008 
97800 3.92821E+008 
97850 3.89921E+008 
97900 3.87041E+008 
97950 3.84183E+008 
98000 3.81346E+008 
98050 3.7853E+008 
98100 3.75734E+008 
98150 3.72959E+008 
98200 3.70205E+008 
98250 3.6747E+008 
98300 3.64756E+008 
98350 3.62062E+008 
98400 3.59388E+008 
98450 3.56733E+008 
98500 3.54098E+008 
98550 3.51483E+008 
98600 3.48886E+008 
98650 3.46309E+008 
98700 3.43751E+008 
98750 3.41211E+008 
98800 3.38691E+008 
98850 3.36189E+008 
98900 3.33705E+008 
98950 3.3124E+008 
99000 3.28792E+008 
99050 3.26363E+008 
99100 3.23952E+008 
99150 3.21558E+008 
99200 3.19182E+008 
99250 3.16824E+008 
99300 3.14483E+008 
99350 3.12159E+008 
99400 3.09853E+008 
99450 3.07563E+008 
99500 3.0529E+008 
99550 3.03034E+008 
99600 3.00795E+008 
99650 2.98572E+008 
99700 2.96366E+008 
99750 2.94175E+008 
99800 2.92001E+008 
99850 2.89843E+008 
99900 2.87701E+008 
99950 2.85575E+008 
100000 2.83464E+008 
