#F U:\Beamline I20\I20-2_EDE\Wigglers\xop\83mm-small-wiggler\EDE wiggler\1p1T-300mA-0p12x1p0mrad.dat
#C I20EDE 1.1T 300mA 0.12x1.0mrad
#S 1 File written by xplot on Tue Dec 07 18:22:14 2010
#N 2
#L    Energy [eV]  Flux [ph/s/0.1%bw]
50 7.35005E+012 
100 1.16559E+013 
150 1.52481E+013 
200 1.84329E+013 
250 2.13374E+013 
300 2.40299E+013 
350 2.65527E+013 
400 2.8934E+013 
450 3.11943E+013 
500 3.33486E+013 
550 3.54086E+013 
600 3.73838E+013 
650 3.92816E+013 
700 4.11084E+013 
750 4.28694E+013 
800 4.45691E+013 
850 4.62115E+013 
900 4.77998E+013 
950 4.93372E+013 
1000 5.08262E+013 
1050 5.22692E+013 
1100 5.36684E+013 
1150 5.50256E+013 
1200 5.63427E+013 
1250 5.76212E+013 
1300 5.88626E+013 
1350 6.00683E+013 
1400 6.12396E+013 
1450 6.23776E+013 
1500 6.34833E+013 
1550 6.4558E+013 
1600 6.56024E+013 
1650 6.66176E+013 
1700 6.76043E+013 
1750 6.85634E+013 
1800 6.94956E+013 
1850 7.04017E+013 
1900 7.12823E+013 
1950 7.21382E+013 
2000 7.29698E+013 
2050 7.3778E+013 
2100 7.45631E+013 
2150 7.53258E+013 
2200 7.60666E+013 
2250 7.67861E+013 
2300 7.74846E+013 
2350 7.81627E+013 
2400 7.88208E+013 
2450 7.94594E+013 
2500 8.00788E+013 
2550 8.06796E+013 
2600 8.1262E+013 
2650 8.18266E+013 
2700 8.23735E+013 
2750 8.29033E+013 
2800 8.34163E+013 
2850 8.39128E+013 
2900 8.43931E+013 
2950 8.48576E+013 
3000 8.53066E+013 
3050 8.57403E+013 
3100 8.61591E+013 
3150 8.65634E+013 
3200 8.69532E+013 
3250 8.7329E+013 
3300 8.7691E+013 
3350 8.80395E+013 
3400 8.83747E+013 
3450 8.86968E+013 
3500 8.90062E+013 
3550 8.93031E+013 
3600 8.95876E+013 
3650 8.98601E+013 
3700 9.01207E+013 
3750 9.03697E+013 
3800 9.06073E+013 
3850 9.08337E+013 
3900 9.10491E+013 
3950 9.12536E+013 
4000 9.14476E+013 
4050 9.16312E+013 
4100 9.18046E+013 
4150 9.1968E+013 
4200 9.21215E+013 
4250 9.22654E+013 
4300 9.23998E+013 
4350 9.25248E+013 
4400 9.26408E+013 
4450 9.27478E+013 
4500 9.28459E+013 
4550 9.29355E+013 
4600 9.30165E+013 
4650 9.30892E+013 
4700 9.31537E+013 
4750 9.32103E+013 
4800 9.32589E+013 
4850 9.32998E+013 
4900 9.33331E+013 
4950 9.33589E+013 
5000 9.33774E+013 
5050 9.33888E+013 
5100 9.33931E+013 
5150 9.33905E+013 
5200 9.33811E+013 
5250 9.3365E+013 
5300 9.33424E+013 
5350 9.33134E+013 
5400 9.32781E+013 
5450 9.32366E+013 
5500 9.31891E+013 
5550 9.31356E+013 
5600 9.30763E+013 
5650 9.30112E+013 
5700 9.29406E+013 
5750 9.28644E+013 
5800 9.27829E+013 
5850 9.26961E+013 
5900 9.2604E+013 
5950 9.25069E+013 
6000 9.24048E+013 
6050 9.22978E+013 
6100 9.2186E+013 
6150 9.20694E+013 
6200 9.19483E+013 
6250 9.18227E+013 
6300 9.16926E+013 
6350 9.15582E+013 
6400 9.14195E+013 
6450 9.12767E+013 
6500 9.11298E+013 
6550 9.09789E+013 
6600 9.0824E+013 
6650 9.06654E+013 
6700 9.0503E+013 
6750 9.03369E+013 
6800 9.01672E+013 
6850 8.9994E+013 
6900 8.98173E+013 
6950 8.96373E+013 
7000 8.9454E+013 
7050 8.92674E+013 
7100 8.90777E+013 
7150 8.88849E+013 
7200 8.8689E+013 
7250 8.84902E+013 
7300 8.82886E+013 
7350 8.80841E+013 
7400 8.78768E+013 
7450 8.76669E+013 
7500 8.74543E+013 
7550 8.72391E+013 
7600 8.70214E+013 
7650 8.68013E+013 
7700 8.65788E+013 
7750 8.6354E+013 
7800 8.61268E+013 
7850 8.58975E+013 
7900 8.5666E+013 
7950 8.54324E+013 
8000 8.51967E+013 
8050 8.4959E+013 
8100 8.47194E+013 
8150 8.44778E+013 
8200 8.42344E+013 
8250 8.39892E+013 
8300 8.37422E+013 
8350 8.34936E+013 
8400 8.32433E+013 
8450 8.29913E+013 
8500 8.27378E+013 
8550 8.24828E+013 
8600 8.22263E+013 
8650 8.19684E+013 
8700 8.17091E+013 
8750 8.14484E+013 
8800 8.11864E+013 
8850 8.09232E+013 
8900 8.06587E+013 
8950 8.03931E+013 
9000 8.01263E+013 
9050 7.98584E+013 
9100 7.95894E+013 
9150 7.93194E+013 
9200 7.90484E+013 
9250 7.87765E+013 
9300 7.85036E+013 
9350 7.82299E+013 
9400 7.79552E+013 
9450 7.76798E+013 
9500 7.74036E+013 
9550 7.71266E+013 
9600 7.6849E+013 
9650 7.65706E+013 
9700 7.62916E+013 
9750 7.60119E+013 
9800 7.57317E+013 
9850 7.54509E+013 
9900 7.51695E+013 
9950 7.48877E+013 
10000 7.46053E+013 
10050 7.43226E+013 
10100 7.40394E+013 
10150 7.37558E+013 
10200 7.34718E+013 
10250 7.31875E+013 
10300 7.29029E+013 
10350 7.2618E+013 
10400 7.23328E+013 
10450 7.20474E+013 
10500 7.17617E+013 
10550 7.14759E+013 
10600 7.11899E+013 
10650 7.09038E+013 
10700 7.06175E+013 
10750 7.03312E+013 
10800 7.00447E+013 
10850 6.97582E+013 
10900 6.94717E+013 
10950 6.91851E+013 
11000 6.88986E+013 
11050 6.8612E+013 
11100 6.83255E+013 
11150 6.80391E+013 
11200 6.77528E+013 
11250 6.74665E+013 
11300 6.71804E+013 
11350 6.68944E+013 
11400 6.66086E+013 
11450 6.63229E+013 
11500 6.60375E+013 
11550 6.57522E+013 
11600 6.54672E+013 
11650 6.51823E+013 
11700 6.48978E+013 
11750 6.46135E+013 
11800 6.43295E+013 
11850 6.40458E+013 
11900 6.37624E+013 
11950 6.34794E+013 
12000 6.31967E+013 
12050 6.29143E+013 
12100 6.26324E+013 
12150 6.23508E+013 
12200 6.20696E+013 
12250 6.17888E+013 
12300 6.15084E+013 
12350 6.12285E+013 
12400 6.0949E+013 
12450 6.067E+013 
12500 6.03915E+013 
12550 6.01134E+013 
12600 5.98358E+013 
12650 5.95588E+013 
12700 5.92822E+013 
12750 5.90062E+013 
12800 5.87307E+013 
12850 5.84558E+013 
12900 5.81814E+013 
12950 5.79076E+013 
13000 5.76343E+013 
13050 5.73616E+013 
13100 5.70896E+013 
13150 5.68181E+013 
13200 5.65473E+013 
13250 5.62771E+013 
13300 5.60075E+013 
13350 5.57385E+013 
13400 5.54702E+013 
13450 5.52025E+013 
13500 5.49355E+013 
13550 5.46692E+013 
13600 5.44035E+013 
13650 5.41386E+013 
13700 5.38743E+013 
13750 5.36107E+013 
13800 5.33478E+013 
13850 5.30856E+013 
13900 5.28242E+013 
13950 5.25634E+013 
14000 5.23034E+013 
14050 5.20441E+013 
14100 5.17856E+013 
14150 5.15278E+013 
14200 5.12707E+013 
14250 5.10145E+013 
14300 5.07589E+013 
14350 5.05041E+013 
14400 5.02501E+013 
14450 4.99969E+013 
14500 4.97445E+013 
14550 4.94928E+013 
14600 4.92419E+013 
14650 4.89918E+013 
14700 4.87426E+013 
14750 4.84941E+013 
14800 4.82464E+013 
14850 4.79995E+013 
14900 4.77535E+013 
14950 4.75082E+013 
15000 4.72638E+013 
15050 4.70201E+013 
15100 4.67773E+013 
15150 4.65354E+013 
15200 4.62943E+013 
15250 4.6054E+013 
15300 4.58145E+013 
15350 4.55759E+013 
15400 4.53381E+013 
15450 4.51011E+013 
15500 4.4865E+013 
15550 4.46298E+013 
15600 4.43954E+013 
15650 4.41618E+013 
15700 4.39291E+013 
15750 4.36973E+013 
15800 4.34663E+013 
15850 4.32361E+013 
15900 4.30069E+013 
15950 4.27785E+013 
16000 4.25509E+013 
16050 4.23242E+013 
16100 4.20984E+013 
16150 4.18735E+013 
16200 4.16494E+013 
16250 4.14262E+013 
16300 4.12038E+013 
16350 4.09823E+013 
16400 4.07617E+013 
16450 4.0542E+013 
16500 4.03231E+013 
16550 4.01051E+013 
16600 3.9888E+013 
16650 3.96717E+013 
16700 3.94564E+013 
16750 3.92419E+013 
16800 3.90282E+013 
16850 3.88155E+013 
16900 3.86036E+013 
16950 3.83926E+013 
17000 3.81825E+013 
17050 3.79732E+013 
17100 3.77648E+013 
17150 3.75573E+013 
17200 3.73507E+013 
17250 3.71449E+013 
17300 3.694E+013 
17350 3.6736E+013 
17400 3.65329E+013 
17450 3.63306E+013 
17500 3.61292E+013 
17550 3.59286E+013 
17600 3.5729E+013 
17650 3.55302E+013 
17700 3.53322E+013 
17750 3.51352E+013 
17800 3.4939E+013 
17850 3.47436E+013 
17900 3.45492E+013 
17950 3.43556E+013 
18000 3.41628E+013 
18050 3.39709E+013 
18100 3.37799E+013 
18150 3.35897E+013 
18200 3.34004E+013 
18250 3.3212E+013 
18300 3.30243E+013 
18350 3.28376E+013 
18400 3.26517E+013 
18450 3.24666E+013 
18500 3.22825E+013 
18550 3.20991E+013 
18600 3.19166E+013 
18650 3.17349E+013 
18700 3.15541E+013 
18750 3.13741E+013 
18800 3.1195E+013 
18850 3.10167E+013 
18900 3.08392E+013 
18950 3.06626E+013 
19000 3.04868E+013 
19050 3.03118E+013 
19100 3.01377E+013 
19150 2.99644E+013 
19200 2.97919E+013 
19250 2.96203E+013 
19300 2.94494E+013 
19350 2.92794E+013 
19400 2.91102E+013 
19450 2.89418E+013 
19500 2.87742E+013 
19550 2.86075E+013 
19600 2.84415E+013 
19650 2.82764E+013 
19700 2.8112E+013 
19750 2.79485E+013 
19800 2.77857E+013 
19850 2.76238E+013 
19900 2.74627E+013 
19950 2.73023E+013 
20000 2.71428E+013 
20050 2.6984E+013 
20100 2.6826E+013 
20150 2.66688E+013 
20200 2.65124E+013 
20250 2.63568E+013 
20300 2.6202E+013 
20350 2.60479E+013 
20400 2.58946E+013 
20450 2.57421E+013 
20500 2.55903E+013 
20550 2.54393E+013 
20600 2.52891E+013 
20650 2.51396E+013 
20700 2.49909E+013 
20750 2.4843E+013 
20800 2.46958E+013 
20850 2.45493E+013 
20900 2.44036E+013 
20950 2.42587E+013 
21000 2.41145E+013 
21050 2.3971E+013 
21100 2.38283E+013 
21150 2.36864E+013 
21200 2.35451E+013 
21250 2.34046E+013 
21300 2.32648E+013 
21350 2.31258E+013 
21400 2.29874E+013 
21450 2.28498E+013 
21500 2.27129E+013 
21550 2.25768E+013 
21600 2.24413E+013 
21650 2.23066E+013 
21700 2.21725E+013 
21750 2.20392E+013 
21800 2.19066E+013 
21850 2.17746E+013 
21900 2.16434E+013 
21950 2.15129E+013 
22000 2.13831E+013 
22050 2.12539E+013 
22100 2.11254E+013 
22150 2.09977E+013 
22200 2.08706E+013 
22250 2.07442E+013 
22300 2.06184E+013 
22350 2.04934E+013 
22400 2.0369E+013 
22450 2.02453E+013 
22500 2.01222E+013 
22550 1.99999E+013 
22600 1.98781E+013 
22650 1.97571E+013 
22700 1.96367E+013 
22750 1.95169E+013 
22800 1.93978E+013 
22850 1.92794E+013 
22900 1.91615E+013 
22950 1.90444E+013 
23000 1.89279E+013 
23050 1.8812E+013 
23100 1.86967E+013 
23150 1.85821E+013 
23200 1.84681E+013 
23250 1.83548E+013 
23300 1.8242E+013 
23350 1.81299E+013 
23400 1.80184E+013 
23450 1.79075E+013 
23500 1.77973E+013 
23550 1.76876E+013 
23600 1.75786E+013 
23650 1.74701E+013 
23700 1.73623E+013 
23750 1.72551E+013 
23800 1.71484E+013 
23850 1.70424E+013 
23900 1.69369E+013 
23950 1.68321E+013 
24000 1.67278E+013 
24050 1.66241E+013 
24100 1.6521E+013 
24150 1.64185E+013 
24200 1.63166E+013 
24250 1.62152E+013 
24300 1.61144E+013 
24350 1.60142E+013 
24400 1.59145E+013 
24450 1.58154E+013 
24500 1.57168E+013 
24550 1.56189E+013 
24600 1.55214E+013 
24650 1.54246E+013 
24700 1.53283E+013 
24750 1.52325E+013 
24800 1.51373E+013 
24850 1.50426E+013 
24900 1.49485E+013 
24950 1.48549E+013 
25000 1.47618E+013 
25050 1.46693E+013 
25100 1.45773E+013 
25150 1.44858E+013 
25200 1.43949E+013 
25250 1.43044E+013 
25300 1.42145E+013 
25350 1.41252E+013 
25400 1.40363E+013 
25450 1.39479E+013 
25500 1.38601E+013 
25550 1.37728E+013 
25600 1.36859E+013 
25650 1.35996E+013 
25700 1.35138E+013 
25750 1.34285E+013 
25800 1.33436E+013 
25850 1.32593E+013 
25900 1.31755E+013 
25950 1.30921E+013 
26000 1.30093E+013 
26050 1.29269E+013 
26100 1.2845E+013 
26150 1.27636E+013 
26200 1.26826E+013 
26250 1.26021E+013 
26300 1.25221E+013 
26350 1.24426E+013 
26400 1.23635E+013 
26450 1.2285E+013 
26500 1.22068E+013 
26550 1.21292E+013 
26600 1.20519E+013 
26650 1.19752E+013 
26700 1.18989E+013 
26750 1.1823E+013 
26800 1.17476E+013 
26850 1.16727E+013 
26900 1.15982E+013 
26950 1.15241E+013 
27000 1.14505E+013 
27050 1.13773E+013 
27100 1.13045E+013 
27150 1.12322E+013 
27200 1.11603E+013 
27250 1.10888E+013 
27300 1.10178E+013 
27350 1.09472E+013 
27400 1.0877E+013 
27450 1.08072E+013 
27500 1.07379E+013 
27550 1.06689E+013 
27600 1.06004E+013 
27650 1.05323E+013 
27700 1.04646E+013 
27750 1.03973E+013 
27800 1.03304E+013 
27850 1.02639E+013 
27900 1.01978E+013 
27950 1.01321E+013 
28000 1.00668E+013 
28050 1.00019E+013 
28100 9.9374E+012 
28150 9.87328E+012 
28200 9.80955E+012 
28250 9.7462E+012 
28300 9.68323E+012 
28350 9.62065E+012 
28400 9.55845E+012 
28450 9.49662E+012 
28500 9.43517E+012 
28550 9.37409E+012 
28600 9.31339E+012 
28650 9.25305E+012 
28700 9.19308E+012 
28750 9.13348E+012 
28800 9.07424E+012 
28850 9.01536E+012 
28900 8.95684E+012 
28950 8.89868E+012 
29000 8.84087E+012 
29050 8.78342E+012 
29100 8.72632E+012 
29150 8.66957E+012 
29200 8.61316E+012 
29250 8.55711E+012 
29300 8.50139E+012 
29350 8.44602E+012 
29400 8.39099E+012 
29450 8.3363E+012 
29500 8.28194E+012 
29550 8.22792E+012 
29600 8.17423E+012 
29650 8.12087E+012 
29700 8.06784E+012 
29750 8.01514E+012 
29800 7.96276E+012 
29850 7.91071E+012 
29900 7.85898E+012 
29950 7.80757E+012 
30000 7.75648E+012 
30050 7.7057E+012 
30100 7.65524E+012 
30150 7.60509E+012 
30200 7.55525E+012 
30250 7.50572E+012 
30300 7.4565E+012 
30350 7.40759E+012 
30400 7.35898E+012 
30450 7.31067E+012 
30500 7.26266E+012 
30550 7.21495E+012 
30600 7.16754E+012 
30650 7.12042E+012 
30700 7.0736E+012 
30750 7.02707E+012 
30800 6.98083E+012 
30850 6.93488E+012 
30900 6.88922E+012 
30950 6.84385E+012 
31000 6.79875E+012 
31050 6.75394E+012 
31100 6.70942E+012 
31150 6.66516E+012 
31200 6.62119E+012 
31250 6.57749E+012 
31300 6.53407E+012 
31350 6.49092E+012 
31400 6.44805E+012 
31450 6.40544E+012 
31500 6.3631E+012 
31550 6.32102E+012 
31600 6.27921E+012 
31650 6.23767E+012 
31700 6.19639E+012 
31750 6.15536E+012 
31800 6.1146E+012 
31850 6.07409E+012 
31900 6.03384E+012 
31950 5.99385E+012 
32000 5.9541E+012 
32050 5.91461E+012 
32100 5.87537E+012 
32150 5.83638E+012 
32200 5.79763E+012 
32250 5.75913E+012 
32300 5.72088E+012 
32350 5.68286E+012 
32400 5.64509E+012 
32450 5.60756E+012 
32500 5.57027E+012 
32550 5.53321E+012 
32600 5.49639E+012 
32650 5.4598E+012 
32700 5.42345E+012 
32750 5.38733E+012 
32800 5.35144E+012 
32850 5.31577E+012 
32900 5.28034E+012 
32950 5.24513E+012 
33000 5.21015E+012 
33050 5.17539E+012 
33100 5.14085E+012 
33150 5.10653E+012 
33200 5.07243E+012 
33250 5.03855E+012 
33300 5.00489E+012 
33350 4.97144E+012 
33400 4.93821E+012 
33450 4.90519E+012 
33500 4.87238E+012 
33550 4.83978E+012 
33600 4.80739E+012 
33650 4.77521E+012 
33700 4.74324E+012 
33750 4.71147E+012 
33800 4.6799E+012 
33850 4.64854E+012 
33900 4.61738E+012 
33950 4.58642E+012 
34000 4.55566E+012 
34050 4.5251E+012 
34100 4.49474E+012 
34150 4.46457E+012 
34200 4.4346E+012 
34250 4.40482E+012 
34300 4.37523E+012 
34350 4.34583E+012 
34400 4.31662E+012 
34450 4.2876E+012 
34500 4.25877E+012 
34550 4.23013E+012 
34600 4.20167E+012 
34650 4.1734E+012 
34700 4.14531E+012 
34750 4.1174E+012 
34800 4.08967E+012 
34850 4.06212E+012 
34900 4.03475E+012 
34950 4.00756E+012 
35000 3.98054E+012 
35050 3.9537E+012 
35100 3.92703E+012 
35150 3.90054E+012 
35200 3.87422E+012 
35250 3.84807E+012 
35300 3.82209E+012 
35350 3.79628E+012 
35400 3.77064E+012 
35450 3.74517E+012 
35500 3.71986E+012 
35550 3.69471E+012 
35600 3.66973E+012 
35650 3.64491E+012 
35700 3.62026E+012 
35750 3.59577E+012 
35800 3.57143E+012 
35850 3.54726E+012 
35900 3.52324E+012 
35950 3.49938E+012 
36000 3.47568E+012 
36050 3.45213E+012 
36100 3.42873E+012 
36150 3.40549E+012 
36200 3.3824E+012 
36250 3.35946E+012 
36300 3.33667E+012 
36350 3.31403E+012 
36400 3.29155E+012 
36450 3.2692E+012 
36500 3.24701E+012 
36550 3.22496E+012 
36600 3.20305E+012 
36650 3.18129E+012 
36700 3.15967E+012 
36750 3.1382E+012 
36800 3.11686E+012 
36850 3.09567E+012 
36900 3.07461E+012 
36950 3.05369E+012 
37000 3.03292E+012 
37050 3.01227E+012 
37100 2.99177E+012 
37150 2.9714E+012 
37200 2.95116E+012 
37250 2.93106E+012 
37300 2.91109E+012 
37350 2.89125E+012 
37400 2.87154E+012 
37450 2.85196E+012 
37500 2.83251E+012 
37550 2.81319E+012 
37600 2.794E+012 
37650 2.77494E+012 
37700 2.756E+012 
37750 2.73719E+012 
37800 2.7185E+012 
37850 2.69993E+012 
37900 2.68149E+012 
37950 2.66317E+012 
38000 2.64497E+012 
38050 2.62689E+012 
38100 2.60893E+012 
38150 2.59109E+012 
38200 2.57337E+012 
38250 2.55577E+012 
38300 2.53829E+012 
38350 2.52091E+012 
38400 2.50366E+012 
38450 2.48652E+012 
38500 2.46949E+012 
38550 2.45258E+012 
38600 2.43578E+012 
38650 2.41909E+012 
38700 2.40251E+012 
38750 2.38605E+012 
38800 2.36969E+012 
38850 2.35344E+012 
38900 2.3373E+012 
38950 2.32127E+012 
39000 2.30534E+012 
39050 2.28952E+012 
39100 2.27381E+012 
39150 2.2582E+012 
39200 2.24269E+012 
39250 2.22729E+012 
39300 2.21199E+012 
39350 2.1968E+012 
39400 2.1817E+012 
39450 2.16671E+012 
39500 2.15181E+012 
39550 2.13702E+012 
39600 2.12232E+012 
39650 2.10773E+012 
39700 2.09323E+012 
39750 2.07882E+012 
39800 2.06452E+012 
39850 2.05031E+012 
39900 2.03619E+012 
39950 2.02217E+012 
40000 2.00825E+012 
40050 1.99441E+012 
40100 1.98067E+012 
40150 1.96703E+012 
40200 1.95347E+012 
40250 1.94E+012 
40300 1.92663E+012 
40350 1.91334E+012 
40400 1.90015E+012 
40450 1.88704E+012 
40500 1.87402E+012 
40550 1.86109E+012 
40600 1.84824E+012 
40650 1.83549E+012 
40700 1.82281E+012 
40750 1.81023E+012 
40800 1.79772E+012 
40850 1.7853E+012 
40900 1.77297E+012 
40950 1.76072E+012 
41000 1.74855E+012 
41050 1.73646E+012 
41100 1.72446E+012 
41150 1.71253E+012 
41200 1.70069E+012 
41250 1.68892E+012 
41300 1.67724E+012 
41350 1.66563E+012 
41400 1.65411E+012 
41450 1.64266E+012 
41500 1.63129E+012 
41550 1.61999E+012 
41600 1.60877E+012 
41650 1.59763E+012 
41700 1.58656E+012 
41750 1.57557E+012 
41800 1.56465E+012 
41850 1.5538E+012 
41900 1.54303E+012 
41950 1.53233E+012 
42000 1.52171E+012 
42050 1.51115E+012 
42100 1.50067E+012 
42150 1.49026E+012 
42200 1.47991E+012 
42250 1.46964E+012 
42300 1.45944E+012 
42350 1.44931E+012 
42400 1.43925E+012 
42450 1.42925E+012 
42500 1.41932E+012 
42550 1.40946E+012 
42600 1.39967E+012 
42650 1.38994E+012 
42700 1.38028E+012 
42750 1.37069E+012 
42800 1.36116E+012 
42850 1.35169E+012 
42900 1.34229E+012 
42950 1.33296E+012 
43000 1.32368E+012 
43050 1.31447E+012 
43100 1.30533E+012 
43150 1.29624E+012 
43200 1.28722E+012 
43250 1.27826E+012 
43300 1.26936E+012 
43350 1.26052E+012 
43400 1.25174E+012 
43450 1.24302E+012 
43500 1.23435E+012 
43550 1.22575E+012 
43600 1.21721E+012 
43650 1.20873E+012 
43700 1.2003E+012 
43750 1.19193E+012 
43800 1.18362E+012 
43850 1.17536E+012 
43900 1.16716E+012 
43950 1.15902E+012 
44000 1.15093E+012 
44050 1.1429E+012 
44100 1.13492E+012 
44150 1.127E+012 
44200 1.11913E+012 
44250 1.11132E+012 
44300 1.10356E+012 
44350 1.09585E+012 
44400 1.08819E+012 
44450 1.08059E+012 
44500 1.07304E+012 
44550 1.06554E+012 
44600 1.05809E+012 
44650 1.05069E+012 
44700 1.04335E+012 
44750 1.03605E+012 
44800 1.0288E+012 
44850 1.02161E+012 
44900 1.01446E+012 
44950 1.00736E+012 
45000 1.00032E+012 
45050 9.93314E+011 
45100 9.86361E+011 
45150 9.79456E+011 
45200 9.72598E+011 
45250 9.65787E+011 
45300 9.59023E+011 
45350 9.52305E+011 
45400 9.45634E+011 
45450 9.39008E+011 
45500 9.32428E+011 
45550 9.25894E+011 
45600 9.19404E+011 
45650 9.12958E+011 
45700 9.06557E+011 
45750 9.002E+011 
45800 8.93887E+011 
45850 8.87617E+011 
45900 8.81391E+011 
45950 8.75207E+011 
46000 8.69066E+011 
46050 8.62967E+011 
46100 8.5691E+011 
46150 8.50895E+011 
46200 8.44921E+011 
46250 8.38989E+011 
46300 8.33097E+011 
46350 8.27246E+011 
46400 8.21435E+011 
46450 8.15664E+011 
46500 8.09933E+011 
46550 8.04242E+011 
46600 7.9859E+011 
46650 7.92977E+011 
46700 7.87403E+011 
46750 7.81867E+011 
46800 7.76369E+011 
46850 7.70909E+011 
46900 7.65487E+011 
46950 7.60103E+011 
47000 7.54756E+011 
47050 7.49445E+011 
47100 7.44172E+011 
47150 7.38934E+011 
47200 7.33733E+011 
47250 7.28568E+011 
47300 7.23439E+011 
47350 7.18345E+011 
47400 7.13287E+011 
47450 7.08263E+011 
47500 7.03274E+011 
47550 6.9832E+011 
47600 6.934E+011 
47650 6.88514E+011 
47700 6.83662E+011 
47750 6.78844E+011 
47800 6.74058E+011 
47850 6.69307E+011 
47900 6.64587E+011 
47950 6.59901E+011 
48000 6.55247E+011 
48050 6.50626E+011 
48100 6.46036E+011 
48150 6.41479E+011 
48200 6.36953E+011 
48250 6.32458E+011 
48300 6.27995E+011 
48350 6.23562E+011 
48400 6.1916E+011 
48450 6.14789E+011 
48500 6.10448E+011 
48550 6.06138E+011 
48600 6.01857E+011 
48650 5.97606E+011 
48700 5.93385E+011 
48750 5.89192E+011 
48800 5.8503E+011 
48850 5.80895E+011 
48900 5.7679E+011 
48950 5.72713E+011 
49000 5.68665E+011 
49050 5.64645E+011 
49100 5.60652E+011 
49150 5.56688E+011 
49200 5.52751E+011 
49250 5.48842E+011 
49300 5.44959E+011 
49350 5.41104E+011 
49400 5.37276E+011 
49450 5.33474E+011 
49500 5.29699E+011 
49550 5.2595E+011 
49600 5.22227E+011 
49650 5.1853E+011 
49700 5.14859E+011 
49750 5.11213E+011 
49800 5.07593E+011 
49850 5.03998E+011 
49900 5.00428E+011 
49950 4.96883E+011 
50000 4.93363E+011 
50050 4.89868E+011 
50100 4.86396E+011 
50150 4.82949E+011 
50200 4.79526E+011 
50250 4.76127E+011 
50300 4.72752E+011 
50350 4.694E+011 
50400 4.66072E+011 
50450 4.62767E+011 
50500 4.59484E+011 
50550 4.56225E+011 
50600 4.52989E+011 
50650 4.49775E+011 
50700 4.46584E+011 
50750 4.43415E+011 
50800 4.40268E+011 
50850 4.37144E+011 
50900 4.34041E+011 
50950 4.30959E+011 
51000 4.279E+011 
51050 4.24862E+011 
51100 4.21845E+011 
51150 4.18849E+011 
51200 4.15874E+011 
51250 4.1292E+011 
51300 4.09986E+011 
51350 4.07073E+011 
51400 4.04181E+011 
51450 4.01309E+011 
51500 3.98457E+011 
51550 3.95625E+011 
51600 3.92812E+011 
51650 3.9002E+011 
51700 3.87247E+011 
51750 3.84493E+011 
51800 3.81759E+011 
51850 3.79044E+011 
51900 3.76348E+011 
51950 3.73671E+011 
52000 3.71013E+011 
52050 3.68373E+011 
52100 3.65752E+011 
52150 3.63149E+011 
52200 3.60565E+011 
52250 3.57998E+011 
52300 3.5545E+011 
52350 3.52919E+011 
52400 3.50407E+011 
52450 3.47912E+011 
52500 3.45434E+011 
52550 3.42974E+011 
52600 3.40531E+011 
52650 3.38106E+011 
52700 3.35697E+011 
52750 3.33306E+011 
52800 3.30931E+011 
52850 3.28573E+011 
52900 3.26231E+011 
52950 3.23906E+011 
53000 3.21597E+011 
53050 3.19304E+011 
53100 3.17028E+011 
53150 3.14768E+011 
53200 3.12523E+011 
53250 3.10295E+011 
53300 3.08082E+011 
53350 3.05884E+011 
53400 3.03702E+011 
53450 3.01536E+011 
53500 2.99384E+011 
53550 2.97248E+011 
53600 2.95127E+011 
53650 2.93021E+011 
53700 2.9093E+011 
53750 2.88853E+011 
53800 2.86791E+011 
53850 2.84743E+011 
53900 2.82711E+011 
53950 2.80692E+011 
54000 2.78687E+011 
54050 2.76697E+011 
54100 2.74721E+011 
54150 2.72758E+011 
54200 2.7081E+011 
54250 2.68875E+011 
54300 2.66954E+011 
54350 2.65047E+011 
54400 2.63153E+011 
54450 2.61272E+011 
54500 2.59404E+011 
54550 2.5755E+011 
54600 2.55709E+011 
54650 2.53881E+011 
54700 2.52065E+011 
54750 2.50263E+011 
54800 2.48473E+011 
54850 2.46696E+011 
54900 2.44932E+011 
54950 2.4318E+011 
55000 2.4144E+011 
55050 2.39713E+011 
55100 2.37998E+011 
55150 2.36295E+011 
55200 2.34604E+011 
55250 2.32925E+011 
55300 2.31257E+011 
55350 2.29602E+011 
55400 2.27958E+011 
55450 2.26326E+011 
55500 2.24706E+011 
55550 2.23097E+011 
55600 2.21499E+011 
55650 2.19913E+011 
55700 2.18338E+011 
55750 2.16774E+011 
55800 2.15221E+011 
55850 2.13679E+011 
55900 2.12148E+011 
55950 2.10628E+011 
56000 2.09119E+011 
56050 2.0762E+011 
56100 2.06132E+011 
56150 2.04655E+011 
56200 2.03188E+011 
56250 2.01731E+011 
56300 2.00285E+011 
56350 1.98849E+011 
56400 1.97423E+011 
56450 1.96007E+011 
56500 1.94601E+011 
56550 1.93206E+011 
56600 1.9182E+011 
56650 1.90444E+011 
56700 1.89077E+011 
56750 1.87721E+011 
56800 1.86374E+011 
56850 1.85037E+011 
56900 1.83709E+011 
56950 1.8239E+011 
57000 1.81081E+011 
57050 1.79781E+011 
57100 1.78491E+011 
57150 1.77209E+011 
57200 1.75937E+011 
57250 1.74673E+011 
57300 1.73419E+011 
57350 1.72174E+011 
57400 1.70937E+011 
57450 1.69709E+011 
57500 1.6849E+011 
57550 1.6728E+011 
57600 1.66078E+011 
57650 1.64885E+011 
57700 1.637E+011 
57750 1.62524E+011 
57800 1.61356E+011 
57850 1.60196E+011 
57900 1.59045E+011 
57950 1.57902E+011 
58000 1.56766E+011 
58050 1.55639E+011 
58100 1.5452E+011 
58150 1.53409E+011 
58200 1.52306E+011 
58250 1.51211E+011 
58300 1.50123E+011 
58350 1.49043E+011 
58400 1.47971E+011 
58450 1.46907E+011 
58500 1.4585E+011 
58550 1.44801E+011 
58600 1.43759E+011 
58650 1.42724E+011 
58700 1.41697E+011 
58750 1.40677E+011 
58800 1.39665E+011 
58850 1.3866E+011 
58900 1.37662E+011 
58950 1.36671E+011 
59000 1.35687E+011 
59050 1.3471E+011 
59100 1.3374E+011 
59150 1.32777E+011 
59200 1.3182E+011 
59250 1.30871E+011 
59300 1.29928E+011 
59350 1.28993E+011 
59400 1.28063E+011 
59450 1.27141E+011 
59500 1.26225E+011 
59550 1.25315E+011 
59600 1.24412E+011 
59650 1.23516E+011 
59700 1.22625E+011 
59750 1.21742E+011 
59800 1.20864E+011 
59850 1.19993E+011 
59900 1.19128E+011 
59950 1.18269E+011 
60000 1.17417E+011 
60050 1.1657E+011 
60100 1.15729E+011 
60150 1.14895E+011 
60200 1.14066E+011 
60250 1.13243E+011 
60300 1.12427E+011 
60350 1.11616E+011 
60400 1.1081E+011 
60450 1.10011E+011 
60500 1.09217E+011 
60550 1.08429E+011 
60600 1.07647E+011 
60650 1.0687E+011 
60700 1.06099E+011 
60750 1.05333E+011 
60800 1.04573E+011 
60850 1.03818E+011 
60900 1.03068E+011 
60950 1.02324E+011 
61000 1.01586E+011 
61050 1.00852E+011 
61100 1.00124E+011 
61150 9.9401E+010 
61200 9.86831E+010 
61250 9.79704E+010 
61300 9.72628E+010 
61350 9.65603E+010 
61400 9.58628E+010 
61450 9.51702E+010 
61500 9.44827E+010 
61550 9.38E+010 
61600 9.31223E+010 
61650 9.24494E+010 
61700 9.17813E+010 
61750 9.1118E+010 
61800 9.04594E+010 
61850 8.98056E+010 
61900 8.91565E+010 
61950 8.8512E+010 
62000 8.78721E+010 
62050 8.72368E+010 
62100 8.66061E+010 
62150 8.59798E+010 
62200 8.53581E+010 
62250 8.47408E+010 
62300 8.4128E+010 
62350 8.35195E+010 
62400 8.29154E+010 
62450 8.23156E+010 
62500 8.17202E+010 
62550 8.1129E+010 
62600 8.0542E+010 
62650 7.99593E+010 
62700 7.93807E+010 
62750 7.88063E+010 
62800 7.8236E+010 
62850 7.76698E+010 
62900 7.71076E+010 
62950 7.65495E+010 
63000 7.59954E+010 
63050 7.54453E+010 
63100 7.48991E+010 
63150 7.43569E+010 
63200 7.38185E+010 
63250 7.3284E+010 
63300 7.27533E+010 
63350 7.22265E+010 
63400 7.17034E+010 
63450 7.11841E+010 
63500 7.06685E+010 
63550 7.01566E+010 
63600 6.96484E+010 
63650 6.91439E+010 
63700 6.8643E+010 
63750 6.81456E+010 
63800 6.76519E+010 
63850 6.71616E+010 
63900 6.6675E+010 
63950 6.61918E+010 
64000 6.57121E+010 
64050 6.52358E+010 
64100 6.4763E+010 
64150 6.42935E+010 
64200 6.38275E+010 
64250 6.33647E+010 
64300 6.29053E+010 
64350 6.24493E+010 
64400 6.19964E+010 
64450 6.15469E+010 
64500 6.11006E+010 
64550 6.06575E+010 
64600 6.02175E+010 
64650 5.97808E+010 
64700 5.93472E+010 
64750 5.89167E+010 
64800 5.84893E+010 
64850 5.8065E+010 
64900 5.76437E+010 
64950 5.72255E+010 
65000 5.68103E+010 
65050 5.6398E+010 
65100 5.59888E+010 
65150 5.55825E+010 
65200 5.51791E+010 
65250 5.47786E+010 
65300 5.4381E+010 
65350 5.39862E+010 
65400 5.35943E+010 
65450 5.32053E+010 
65500 5.2819E+010 
65550 5.24355E+010 
65600 5.20548E+010 
65650 5.16768E+010 
65700 5.13015E+010 
65750 5.0929E+010 
65800 5.05591E+010 
65850 5.01919E+010 
65900 4.98274E+010 
65950 4.94654E+010 
66000 4.91061E+010 
66050 4.87494E+010 
66100 4.83952E+010 
66150 4.80436E+010 
66200 4.76945E+010 
66250 4.7348E+010 
66300 4.70039E+010 
66350 4.66624E+010 
66400 4.63232E+010 
66450 4.59866E+010 
66500 4.56523E+010 
66550 4.53205E+010 
66600 4.49911E+010 
66650 4.4664E+010 
66700 4.43394E+010 
66750 4.4017E+010 
66800 4.3697E+010 
66850 4.33793E+010 
66900 4.30638E+010 
66950 4.27507E+010 
67000 4.24398E+010 
67050 4.21312E+010 
67100 4.18248E+010 
67150 4.15206E+010 
67200 4.12186E+010 
67250 4.09187E+010 
67300 4.06211E+010 
67350 4.03256E+010 
67400 4.00322E+010 
67450 3.9741E+010 
67500 3.94518E+010 
67550 3.91648E+010 
67600 3.88798E+010 
67650 3.85968E+010 
67700 3.8316E+010 
67750 3.80371E+010 
67800 3.77603E+010 
67850 3.74854E+010 
67900 3.72126E+010 
67950 3.69417E+010 
68000 3.66728E+010 
68050 3.64058E+010 
68100 3.61407E+010 
68150 3.58776E+010 
68200 3.56164E+010 
68250 3.5357E+010 
68300 3.50996E+010 
68350 3.4844E+010 
68400 3.45902E+010 
68450 3.43383E+010 
68500 3.40882E+010 
68550 3.38399E+010 
68600 3.35934E+010 
68650 3.33487E+010 
68700 3.31058E+010 
68750 3.28646E+010 
68800 3.26251E+010 
68850 3.23874E+010 
68900 3.21515E+010 
68950 3.19172E+010 
69000 3.16846E+010 
69050 3.14537E+010 
69100 3.12245E+010 
69150 3.09969E+010 
69200 3.0771E+010 
69250 3.05467E+010 
69300 3.0324E+010 
69350 3.0103E+010 
69400 2.98835E+010 
69450 2.96657E+010 
69500 2.94494E+010 
69550 2.92347E+010 
69600 2.90215E+010 
69650 2.88099E+010 
69700 2.85998E+010 
69750 2.83913E+010 
69800 2.81842E+010 
69850 2.79787E+010 
69900 2.77746E+010 
69950 2.7572E+010 
70000 2.73709E+010 
70050 2.71713E+010 
70100 2.69731E+010 
70150 2.67763E+010 
70200 2.65809E+010 
70250 2.6387E+010 
70300 2.61945E+010 
70350 2.60034E+010 
70400 2.58136E+010 
70450 2.56252E+010 
70500 2.54382E+010 
70550 2.52526E+010 
70600 2.50683E+010 
70650 2.48853E+010 
70700 2.47037E+010 
70750 2.45234E+010 
70800 2.43444E+010 
70850 2.41666E+010 
70900 2.39902E+010 
70950 2.38151E+010 
71000 2.36412E+010 
71050 2.34686E+010 
71100 2.32972E+010 
71150 2.31271E+010 
71200 2.29582E+010 
71250 2.27906E+010 
71300 2.26241E+010 
71350 2.24589E+010 
71400 2.22949E+010 
71450 2.2132E+010 
71500 2.19704E+010 
71550 2.18099E+010 
71600 2.16506E+010 
71650 2.14924E+010 
71700 2.13354E+010 
71750 2.11795E+010 
71800 2.10248E+010 
71850 2.08711E+010 
71900 2.07186E+010 
71950 2.05673E+010 
72000 2.0417E+010 
72050 2.02677E+010 
72100 2.01196E+010 
72150 1.99726E+010 
72200 1.98266E+010 
72250 1.96817E+010 
72300 1.95378E+010 
72350 1.9395E+010 
72400 1.92532E+010 
72450 1.91125E+010 
72500 1.89727E+010 
72550 1.8834E+010 
72600 1.86963E+010 
72650 1.85596E+010 
72700 1.84239E+010 
72750 1.82892E+010 
72800 1.81554E+010 
72850 1.80227E+010 
72900 1.78909E+010 
72950 1.776E+010 
73000 1.76301E+010 
73050 1.75012E+010 
73100 1.73731E+010 
73150 1.72461E+010 
73200 1.71199E+010 
73250 1.69947E+010 
73300 1.68703E+010 
73350 1.67469E+010 
73400 1.66244E+010 
73450 1.65027E+010 
73500 1.6382E+010 
73550 1.62621E+010 
73600 1.61431E+010 
73650 1.6025E+010 
73700 1.59077E+010 
73750 1.57913E+010 
73800 1.56757E+010 
73850 1.55609E+010 
73900 1.54471E+010 
73950 1.5334E+010 
74000 1.52217E+010 
74050 1.51103E+010 
74100 1.49997E+010 
74150 1.48899E+010 
74200 1.47809E+010 
74250 1.46726E+010 
74300 1.45652E+010 
74350 1.44586E+010 
74400 1.43527E+010 
74450 1.42476E+010 
74500 1.41432E+010 
74550 1.40397E+010 
74600 1.39368E+010 
74650 1.38347E+010 
74700 1.37334E+010 
74750 1.36328E+010 
74800 1.3533E+010 
74850 1.34338E+010 
74900 1.33354E+010 
74950 1.32377E+010 
75000 1.31408E+010 
75050 1.30445E+010 
75100 1.29489E+010 
75150 1.2854E+010 
75200 1.27598E+010 
75250 1.26663E+010 
75300 1.25735E+010 
75350 1.24814E+010 
75400 1.23899E+010 
75450 1.22991E+010 
75500 1.2209E+010 
75550 1.21195E+010 
75600 1.20306E+010 
75650 1.19425E+010 
75700 1.18549E+010 
75750 1.1768E+010 
75800 1.16817E+010 
75850 1.15961E+010 
75900 1.15111E+010 
75950 1.14267E+010 
76000 1.13429E+010 
76050 1.12597E+010 
76100 1.11772E+010 
76150 1.10952E+010 
76200 1.10139E+010 
76250 1.09331E+010 
76300 1.08529E+010 
76350 1.07733E+010 
76400 1.06943E+010 
76450 1.06159E+010 
76500 1.0538E+010 
76550 1.04607E+010 
76600 1.0384E+010 
76650 1.03078E+010 
76700 1.02322E+010 
76750 1.01571E+010 
76800 1.00826E+010 
76850 1.00086E+010 
76900 9.93518E+009 
76950 9.86228E+009 
77000 9.78992E+009 
77050 9.71808E+009 
77100 9.64677E+009 
77150 9.57598E+009 
77200 9.5057E+009 
77250 9.43594E+009 
77300 9.36669E+009 
77350 9.29794E+009 
77400 9.22969E+009 
77450 9.16195E+009 
77500 9.09469E+009 
77550 9.02794E+009 
77600 8.96166E+009 
77650 8.89587E+009 
77700 8.83057E+009 
77750 8.76573E+009 
77800 8.70138E+009 
77850 8.63749E+009 
77900 8.57407E+009 
77950 8.51111E+009 
78000 8.44861E+009 
78050 8.38657E+009 
78100 8.32498E+009 
78150 8.26385E+009 
78200 8.20316E+009 
78250 8.14291E+009 
78300 8.0831E+009 
78350 8.02373E+009 
78400 7.9648E+009 
78450 7.90629E+009 
78500 7.84822E+009 
78550 7.79056E+009 
78600 7.73333E+009 
78650 7.67652E+009 
78700 7.62013E+009 
78750 7.56414E+009 
78800 7.50856E+009 
78850 7.45339E+009 
78900 7.39863E+009 
78950 7.34426E+009 
79000 7.2903E+009 
79050 7.23672E+009 
79100 7.18354E+009 
79150 7.13075E+009 
79200 7.07834E+009 
79250 7.02632E+009 
79300 6.97468E+009 
79350 6.92342E+009 
79400 6.87253E+009 
79450 6.82201E+009 
79500 6.77186E+009 
79550 6.72208E+009 
79600 6.67266E+009 
79650 6.62361E+009 
79700 6.57491E+009 
79750 6.52657E+009 
79800 6.47859E+009 
79850 6.43095E+009 
79900 6.38367E+009 
79950 6.33673E+009 
80000 6.29013E+009 
80050 6.24388E+009 
80100 6.19796E+009 
80150 6.15238E+009 
80200 6.10713E+009 
80250 6.06222E+009 
80300 6.01763E+009 
80350 5.97337E+009 
80400 5.92944E+009 
80450 5.88582E+009 
80500 5.84253E+009 
80550 5.79955E+009 
80600 5.75688E+009 
80650 5.71453E+009 
80700 5.67249E+009 
80750 5.63076E+009 
80800 5.58933E+009 
80850 5.54821E+009 
80900 5.50739E+009 
80950 5.46686E+009 
81000 5.42663E+009 
81050 5.3867E+009 
81100 5.34706E+009 
81150 5.30772E+009 
81200 5.26865E+009 
81250 5.22988E+009 
81300 5.19139E+009 
81350 5.15318E+009 
81400 5.11525E+009 
81450 5.0776E+009 
81500 5.04023E+009 
81550 5.00313E+009 
81600 4.9663E+009 
81650 4.92974E+009 
81700 4.89345E+009 
81750 4.85742E+009 
81800 4.82166E+009 
81850 4.78616E+009 
81900 4.75092E+009 
81950 4.71594E+009 
82000 4.68122E+009 
82050 4.64675E+009 
82100 4.61253E+009 
82150 4.57857E+009 
82200 4.54485E+009 
82250 4.51138E+009 
82300 4.47816E+009 
82350 4.44518E+009 
82400 4.41244E+009 
82450 4.37994E+009 
82500 4.34768E+009 
82550 4.31566E+009 
82600 4.28387E+009 
82650 4.25232E+009 
82700 4.22099E+009 
82750 4.1899E+009 
82800 4.15903E+009 
82850 4.12839E+009 
82900 4.09798E+009 
82950 4.06779E+009 
83000 4.03782E+009 
83050 4.00807E+009 
83100 3.97853E+009 
83150 3.94922E+009 
83200 3.92012E+009 
83250 3.89123E+009 
83300 3.86256E+009 
83350 3.83409E+009 
83400 3.80584E+009 
83450 3.77779E+009 
83500 3.74995E+009 
83550 3.72231E+009 
83600 3.69487E+009 
83650 3.66764E+009 
83700 3.64061E+009 
83750 3.61377E+009 
83800 3.58713E+009 
83850 3.56069E+009 
83900 3.53444E+009 
83950 3.50839E+009 
84000 3.48252E+009 
84050 3.45685E+009 
84100 3.43136E+009 
84150 3.40606E+009 
84200 3.38095E+009 
84250 3.35602E+009 
84300 3.33128E+009 
84350 3.30671E+009 
84400 3.28233E+009 
84450 3.25813E+009 
84500 3.2341E+009 
84550 3.21025E+009 
84600 3.18658E+009 
84650 3.16307E+009 
84700 3.13975E+009 
84750 3.11659E+009 
84800 3.0936E+009 
84850 3.07078E+009 
84900 3.04813E+009 
84950 3.02565E+009 
85000 3.00333E+009 
85050 2.98118E+009 
85100 2.95918E+009 
85150 2.93735E+009 
85200 2.91568E+009 
85250 2.89417E+009 
85300 2.87282E+009 
85350 2.85162E+009 
85400 2.83059E+009 
85450 2.8097E+009 
85500 2.78897E+009 
85550 2.76839E+009 
85600 2.74796E+009 
85650 2.72768E+009 
85700 2.70755E+009 
85750 2.68757E+009 
85800 2.66774E+009 
85850 2.64805E+009 
85900 2.62851E+009 
85950 2.60911E+009 
86000 2.58985E+009 
86050 2.57074E+009 
86100 2.55176E+009 
86150 2.53292E+009 
86200 2.51423E+009 
86250 2.49567E+009 
86300 2.47725E+009 
86350 2.45896E+009 
86400 2.44081E+009 
86450 2.42279E+009 
86500 2.4049E+009 
86550 2.38714E+009 
86600 2.36952E+009 
86650 2.35202E+009 
86700 2.33466E+009 
86750 2.31742E+009 
86800 2.30031E+009 
86850 2.28332E+009 
86900 2.26646E+009 
86950 2.24972E+009 
87000 2.23311E+009 
87050 2.21662E+009 
87100 2.20025E+009 
87150 2.184E+009 
87200 2.16787E+009 
87250 2.15186E+009 
87300 2.13596E+009 
87350 2.12019E+009 
87400 2.10453E+009 
87450 2.08898E+009 
87500 2.07355E+009 
87550 2.05823E+009 
87600 2.04303E+009 
87650 2.02793E+009 
87700 2.01295E+009 
87750 1.99808E+009 
87800 1.98332E+009 
87850 1.96867E+009 
87900 1.95412E+009 
87950 1.93968E+009 
88000 1.92535E+009 
88050 1.91112E+009 
88100 1.897E+009 
88150 1.88299E+009 
88200 1.86907E+009 
88250 1.85526E+009 
88300 1.84155E+009 
88350 1.82794E+009 
88400 1.81443E+009 
88450 1.80102E+009 
88500 1.78771E+009 
88550 1.7745E+009 
88600 1.76138E+009 
88650 1.74836E+009 
88700 1.73544E+009 
88750 1.72261E+009 
88800 1.70988E+009 
88850 1.69724E+009 
88900 1.68469E+009 
88950 1.67224E+009 
89000 1.65988E+009 
89050 1.64761E+009 
89100 1.63543E+009 
89150 1.62333E+009 
89200 1.61133E+009 
89250 1.59942E+009 
89300 1.58759E+009 
89350 1.57585E+009 
89400 1.5642E+009 
89450 1.55264E+009 
89500 1.54115E+009 
89550 1.52976E+009 
89600 1.51845E+009 
89650 1.50722E+009 
89700 1.49607E+009 
89750 1.48501E+009 
89800 1.47402E+009 
89850 1.46312E+009 
89900 1.4523E+009 
89950 1.44156E+009 
90000 1.4309E+009 
90050 1.42031E+009 
90100 1.40981E+009 
90150 1.39938E+009 
90200 1.38903E+009 
90250 1.37875E+009 
90300 1.36855E+009 
90350 1.35843E+009 
90400 1.34838E+009 
90450 1.33841E+009 
90500 1.3285E+009 
90550 1.31867E+009 
90600 1.30892E+009 
90650 1.29923E+009 
90700 1.28962E+009 
90750 1.28008E+009 
90800 1.27061E+009 
90850 1.26121E+009 
90900 1.25187E+009 
90950 1.24261E+009 
91000 1.23342E+009 
91050 1.22429E+009 
91100 1.21523E+009 
91150 1.20623E+009 
91200 1.19731E+009 
91250 1.18845E+009 
91300 1.17965E+009 
91350 1.17092E+009 
91400 1.16225E+009 
91450 1.15365E+009 
91500 1.14511E+009 
91550 1.13664E+009 
91600 1.12822E+009 
91650 1.11987E+009 
91700 1.11158E+009 
91750 1.10335E+009 
91800 1.09518E+009 
91850 1.08708E+009 
91900 1.07903E+009 
91950 1.07104E+009 
92000 1.06311E+009 
92050 1.05524E+009 
92100 1.04743E+009 
92150 1.03967E+009 
92200 1.03197E+009 
92250 1.02433E+009 
92300 1.01675E+009 
92350 1.00922E+009 
92400 1.00175E+009 
92450 9.94327E+008 
92500 9.86964E+008 
92550 9.79655E+008 
92600 9.724E+008 
92650 9.65199E+008 
92700 9.5805E+008 
92750 9.50955E+008 
92800 9.43912E+008 
92850 9.36921E+008 
92900 9.29982E+008 
92950 9.23093E+008 
93000 9.16256E+008 
93050 9.09469E+008 
93100 9.02733E+008 
93150 8.96046E+008 
93200 8.89408E+008 
93250 8.8282E+008 
93300 8.7628E+008 
93350 8.69788E+008 
93400 8.63344E+008 
93450 8.56948E+008 
93500 8.50599E+008 
93550 8.44298E+008 
93600 8.38042E+008 
93650 8.31833E+008 
93700 8.2567E+008 
93750 8.19552E+008 
93800 8.13479E+008 
93850 8.07452E+008 
93900 8.01468E+008 
93950 7.95529E+008 
94000 7.89634E+008 
94050 7.83783E+008 
94100 7.77975E+008 
94150 7.72209E+008 
94200 7.66486E+008 
94250 7.60806E+008 
94300 7.55167E+008 
94350 7.4957E+008 
94400 7.44015E+008 
94450 7.385E+008 
94500 7.33027E+008 
94550 7.27593E+008 
94600 7.222E+008 
94650 7.16847E+008 
94700 7.11534E+008 
94750 7.06259E+008 
94800 7.01024E+008 
94850 6.95827E+008 
94900 6.90669E+008 
94950 6.85548E+008 
95000 6.80466E+008 
95050 6.75421E+008 
95100 6.70414E+008 
95150 6.65443E+008 
95200 6.6051E+008 
95250 6.55612E+008 
95300 6.50751E+008 
95350 6.45926E+008 
95400 6.41137E+008 
95450 6.36383E+008 
95500 6.31664E+008 
95550 6.2698E+008 
95600 6.22331E+008 
95650 6.17716E+008 
95700 6.13135E+008 
95750 6.08588E+008 
95800 6.04075E+008 
95850 5.99595E+008 
95900 5.95148E+008 
95950 5.90734E+008 
96000 5.86353E+008 
96050 5.82004E+008 
96100 5.77687E+008 
96150 5.73402E+008 
96200 5.69149E+008 
96250 5.64928E+008 
96300 5.60737E+008 
96350 5.56578E+008 
96400 5.52449E+008 
96450 5.48351E+008 
96500 5.44283E+008 
96550 5.40246E+008 
96600 5.36238E+008 
96650 5.3226E+008 
96700 5.28311E+008 
96750 5.24391E+008 
96800 5.20501E+008 
96850 5.16639E+008 
96900 5.12806E+008 
96950 5.09001E+008 
97000 5.05225E+008 
97050 5.01476E+008 
97100 4.97755E+008 
97150 4.94061E+008 
97200 4.90395E+008 
97250 4.86756E+008 
97300 4.83144E+008 
97350 4.79559E+008 
97400 4.76E+008 
97450 4.72468E+008 
97500 4.68961E+008 
97550 4.65481E+008 
97600 4.62026E+008 
97650 4.58598E+008 
97700 4.55194E+008 
97750 4.51815E+008 
97800 4.48462E+008 
97850 4.45133E+008 
97900 4.41829E+008 
97950 4.3855E+008 
98000 4.35295E+008 
98050 4.32063E+008 
98100 4.28856E+008 
98150 4.25673E+008 
98200 4.22513E+008 
98250 4.19376E+008 
98300 4.16263E+008 
98350 4.13173E+008 
98400 4.10106E+008 
98450 4.07061E+008 
98500 4.04039E+008 
98550 4.01039E+008 
98600 3.98062E+008 
98650 3.95106E+008 
98700 3.92173E+008 
98750 3.89261E+008 
98800 3.8637E+008 
98850 3.83502E+008 
98900 3.80654E+008 
98950 3.77827E+008 
99000 3.75022E+008 
99050 3.72237E+008 
99100 3.69473E+008 
99150 3.66729E+008 
99200 3.64006E+008 
99250 3.61302E+008 
99300 3.58619E+008 
99350 3.55956E+008 
99400 3.53312E+008 
99450 3.50688E+008 
99500 3.48084E+008 
99550 3.45498E+008 
99600 3.42932E+008 
99650 3.40385E+008 
99700 3.37857E+008 
99750 3.35347E+008 
99800 3.32857E+008 
99850 3.30384E+008 
99900 3.2793E+008 
99950 3.25494E+008 
100000 3.23076E+008 
