#F U:\Beamline I20\I20-2_EDE\Wigglers\xop\83mm-small-wiggler\EDE wiggler\1p1T-300mA-0p12x1p5mrad.dat
#C I20EDE 1.1T 300mA 0.12x1.5mrad
#S 1 File written by xplot on Tue Dec 07 18:24:25 2010
#N 2
#L    Energy [eV]  Flux [ph/s/0.1%bw]
50 1.12375E+013 
100 1.78195E+013 
150 2.33092E+013 
200 2.81747E+013 
250 3.26103E+013 
300 3.67207E+013 
350 4.05703E+013 
400 4.42026E+013 
450 4.76487E+013 
500 5.09317E+013 
550 5.40696E+013 
600 5.70767E+013 
650 5.99646E+013 
700 6.27429E+013 
750 6.54197E+013 
800 6.80019E+013 
850 7.04956E+013 
900 7.29058E+013 
950 7.52373E+013 
1000 7.7494E+013 
1050 7.96797E+013 
1100 8.17976E+013 
1150 8.38507E+013 
1200 8.58416E+013 
1250 8.7773E+013 
1300 8.9647E+013 
1350 9.14659E+013 
1400 9.32314E+013 
1450 9.49455E+013 
1500 9.66098E+013 
1550 9.8226E+013 
1600 9.97954E+013 
1650 1.0132E+014 
1700 1.028E+014 
1750 1.04237E+014 
1800 1.05633E+014 
1850 1.06989E+014 
1900 1.08306E+014 
1950 1.09584E+014 
2000 1.10824E+014 
2050 1.12029E+014 
2100 1.13198E+014 
2150 1.14332E+014 
2200 1.15433E+014 
2250 1.165E+014 
2300 1.17536E+014 
2350 1.1854E+014 
2400 1.19513E+014 
2450 1.20456E+014 
2500 1.21369E+014 
2550 1.22254E+014 
2600 1.23111E+014 
2650 1.2394E+014 
2700 1.24742E+014 
2750 1.25517E+014 
2800 1.26267E+014 
2850 1.26992E+014 
2900 1.27691E+014 
2950 1.28367E+014 
3000 1.29018E+014 
3050 1.29646E+014 
3100 1.30252E+014 
3150 1.30835E+014 
3200 1.31395E+014 
3250 1.31935E+014 
3300 1.32453E+014 
3350 1.32951E+014 
3400 1.33428E+014 
3450 1.33885E+014 
3500 1.34323E+014 
3550 1.34742E+014 
3600 1.35142E+014 
3650 1.35523E+014 
3700 1.35887E+014 
3750 1.36232E+014 
3800 1.36561E+014 
3850 1.36872E+014 
3900 1.37166E+014 
3950 1.37444E+014 
4000 1.37706E+014 
4050 1.37953E+014 
4100 1.38183E+014 
4150 1.38399E+014 
4200 1.38599E+014 
4250 1.38785E+014 
4300 1.38957E+014 
4350 1.39114E+014 
4400 1.39258E+014 
4450 1.39388E+014 
4500 1.39505E+014 
4550 1.39608E+014 
4600 1.39699E+014 
4650 1.39777E+014 
4700 1.39843E+014 
4750 1.39897E+014 
4800 1.39939E+014 
4850 1.3997E+014 
4900 1.39989E+014 
4950 1.39996E+014 
5000 1.39993E+014 
5050 1.39979E+014 
5100 1.39954E+014 
5150 1.39919E+014 
5200 1.39874E+014 
5250 1.39819E+014 
5300 1.39754E+014 
5350 1.3968E+014 
5400 1.39596E+014 
5450 1.39503E+014 
5500 1.39401E+014 
5550 1.3929E+014 
5600 1.3917E+014 
5650 1.39042E+014 
5700 1.38905E+014 
5750 1.38761E+014 
5800 1.38608E+014 
5850 1.38447E+014 
5900 1.38279E+014 
5950 1.38103E+014 
6000 1.3792E+014 
6050 1.3773E+014 
6100 1.37532E+014 
6150 1.37328E+014 
6200 1.37117E+014 
6250 1.36899E+014 
6300 1.36674E+014 
6350 1.36444E+014 
6400 1.36207E+014 
6450 1.35964E+014 
6500 1.35715E+014 
6550 1.3546E+014 
6600 1.35199E+014 
6650 1.34933E+014 
6700 1.34661E+014 
6750 1.34384E+014 
6800 1.34102E+014 
6850 1.33814E+014 
6900 1.33522E+014 
6950 1.33225E+014 
7000 1.32923E+014 
7050 1.32616E+014 
7100 1.32304E+014 
7150 1.31989E+014 
7200 1.31669E+014 
7250 1.31344E+014 
7300 1.31016E+014 
7350 1.30683E+014 
7400 1.30347E+014 
7450 1.30006E+014 
7500 1.29662E+014 
7550 1.29315E+014 
7600 1.28963E+014 
7650 1.28608E+014 
7700 1.2825E+014 
7750 1.27889E+014 
7800 1.27524E+014 
7850 1.27156E+014 
7900 1.26785E+014 
7950 1.26411E+014 
8000 1.26035E+014 
8050 1.25655E+014 
8100 1.25273E+014 
8150 1.24888E+014 
8200 1.245E+014 
8250 1.24111E+014 
8300 1.23718E+014 
8350 1.23324E+014 
8400 1.22927E+014 
8450 1.22527E+014 
8500 1.22126E+014 
8550 1.21723E+014 
8600 1.21317E+014 
8650 1.2091E+014 
8700 1.20501E+014 
8750 1.2009E+014 
8800 1.19677E+014 
8850 1.19263E+014 
8900 1.18846E+014 
8950 1.18429E+014 
9000 1.1801E+014 
9050 1.17589E+014 
9100 1.17167E+014 
9150 1.16744E+014 
9200 1.16319E+014 
9250 1.15894E+014 
9300 1.15467E+014 
9350 1.15039E+014 
9400 1.1461E+014 
9450 1.14179E+014 
9500 1.13748E+014 
9550 1.13316E+014 
9600 1.12884E+014 
9650 1.1245E+014 
9700 1.12015E+014 
9750 1.1158E+014 
9800 1.11145E+014 
9850 1.10708E+014 
9900 1.10271E+014 
9950 1.09833E+014 
10000 1.09395E+014 
10050 1.08957E+014 
10100 1.08518E+014 
10150 1.08078E+014 
10200 1.07638E+014 
10250 1.07198E+014 
10300 1.06758E+014 
10350 1.06318E+014 
10400 1.05877E+014 
10450 1.05436E+014 
10500 1.04995E+014 
10550 1.04554E+014 
10600 1.04113E+014 
10650 1.03672E+014 
10700 1.03231E+014 
10750 1.02789E+014 
10800 1.02349E+014 
10850 1.01908E+014 
10900 1.01467E+014 
10950 1.01026E+014 
11000 1.00586E+014 
11050 1.00146E+014 
11100 9.97058E+013 
11150 9.92662E+013 
11200 9.88269E+013 
11250 9.83879E+013 
11300 9.79493E+013 
11350 9.75111E+013 
11400 9.70734E+013 
11450 9.6636E+013 
11500 9.61992E+013 
11550 9.57628E+013 
11600 9.5327E+013 
11650 9.48916E+013 
11700 9.44569E+013 
11750 9.40227E+013 
11800 9.35892E+013 
11850 9.31563E+013 
11900 9.2724E+013 
11950 9.22924E+013 
12000 9.18615E+013 
12050 9.14312E+013 
12100 9.10018E+013 
12150 9.0573E+013 
12200 9.01451E+013 
12250 8.97179E+013 
12300 8.92915E+013 
12350 8.8866E+013 
12400 8.84413E+013 
12450 8.80174E+013 
12500 8.75944E+013 
12550 8.71723E+013 
12600 8.67511E+013 
12650 8.63308E+013 
12700 8.59114E+013 
12750 8.5493E+013 
12800 8.50756E+013 
12850 8.46591E+013 
12900 8.42436E+013 
12950 8.38291E+013 
13000 8.34157E+013 
13050 8.30032E+013 
13100 8.25919E+013 
13150 8.21815E+013 
13200 8.17722E+013 
13250 8.1364E+013 
13300 8.09569E+013 
13350 8.05509E+013 
13400 8.0146E+013 
13450 7.97422E+013 
13500 7.93396E+013 
13550 7.89381E+013 
13600 7.85377E+013 
13650 7.81385E+013 
13700 7.77405E+013 
13750 7.73436E+013 
13800 7.69479E+013 
13850 7.65534E+013 
13900 7.61602E+013 
13950 7.57681E+013 
14000 7.53773E+013 
14050 7.49877E+013 
14100 7.45993E+013 
14150 7.42121E+013 
14200 7.38262E+013 
14250 7.34416E+013 
14300 7.30582E+013 
14350 7.26761E+013 
14400 7.22953E+013 
14450 7.19157E+013 
14500 7.15375E+013 
14550 7.11605E+013 
14600 7.07848E+013 
14650 7.04104E+013 
14700 7.00373E+013 
14750 6.96655E+013 
14800 6.92951E+013 
14850 6.89259E+013 
14900 6.85581E+013 
14950 6.81916E+013 
15000 6.78265E+013 
15050 6.74627E+013 
15100 6.71002E+013 
15150 6.6739E+013 
15200 6.63793E+013 
15250 6.60208E+013 
15300 6.56637E+013 
15350 6.5308E+013 
15400 6.49536E+013 
15450 6.46006E+013 
15500 6.42489E+013 
15550 6.38986E+013 
15600 6.35497E+013 
15650 6.32021E+013 
15700 6.28559E+013 
15750 6.25111E+013 
15800 6.21677E+013 
15850 6.18256E+013 
15900 6.14849E+013 
15950 6.11456E+013 
16000 6.08076E+013 
16050 6.04711E+013 
16100 6.01359E+013 
16150 5.98021E+013 
16200 5.94696E+013 
16250 5.91386E+013 
16300 5.88089E+013 
16350 5.84806E+013 
16400 5.81537E+013 
16450 5.78282E+013 
16500 5.75041E+013 
16550 5.71813E+013 
16600 5.686E+013 
16650 5.654E+013 
16700 5.62214E+013 
16750 5.59041E+013 
16800 5.55883E+013 
16850 5.52738E+013 
16900 5.49607E+013 
16950 5.4649E+013 
17000 5.43387E+013 
17050 5.40297E+013 
17100 5.37221E+013 
17150 5.34159E+013 
17200 5.3111E+013 
17250 5.28075E+013 
17300 5.25054E+013 
17350 5.22047E+013 
17400 5.19053E+013 
17450 5.16073E+013 
17500 5.13106E+013 
17550 5.10154E+013 
17600 5.07214E+013 
17650 5.04288E+013 
17700 5.01376E+013 
17750 4.98478E+013 
17800 4.95592E+013 
17850 4.9272E+013 
17900 4.89862E+013 
17950 4.87017E+013 
18000 4.84186E+013 
18050 4.81368E+013 
18100 4.78563E+013 
18150 4.75772E+013 
18200 4.72994E+013 
18250 4.70229E+013 
18300 4.67477E+013 
18350 4.64739E+013 
18400 4.62014E+013 
18450 4.59302E+013 
18500 4.56603E+013 
18550 4.53917E+013 
18600 4.51245E+013 
18650 4.48585E+013 
18700 4.45939E+013 
18750 4.43305E+013 
18800 4.40684E+013 
18850 4.38077E+013 
18900 4.35482E+013 
18950 4.329E+013 
19000 4.30331E+013 
19050 4.27775E+013 
19100 4.25231E+013 
19150 4.227E+013 
19200 4.20182E+013 
19250 4.17677E+013 
19300 4.15184E+013 
19350 4.12704E+013 
19400 4.10236E+013 
19450 4.07781E+013 
19500 4.05338E+013 
19550 4.02908E+013 
19600 4.0049E+013 
19650 3.98084E+013 
19700 3.95691E+013 
19750 3.9331E+013 
19800 3.90941E+013 
19850 3.88585E+013 
19900 3.86241E+013 
19950 3.83909E+013 
20000 3.81588E+013 
20050 3.79281E+013 
20100 3.76985E+013 
20150 3.747E+013 
20200 3.72428E+013 
20250 3.70168E+013 
20300 3.6792E+013 
20350 3.65684E+013 
20400 3.63459E+013 
20450 3.61246E+013 
20500 3.59045E+013 
20550 3.56855E+013 
20600 3.54677E+013 
20650 3.52511E+013 
20700 3.50356E+013 
20750 3.48213E+013 
20800 3.46081E+013 
20850 3.4396E+013 
20900 3.41851E+013 
20950 3.39753E+013 
21000 3.37667E+013 
21050 3.35591E+013 
21100 3.33527E+013 
21150 3.31474E+013 
21200 3.29433E+013 
21250 3.27402E+013 
21300 3.25382E+013 
21350 3.23373E+013 
21400 3.21376E+013 
21450 3.19389E+013 
21500 3.17413E+013 
21550 3.15448E+013 
21600 3.13493E+013 
21650 3.11549E+013 
21700 3.09616E+013 
21750 3.07694E+013 
21800 3.05782E+013 
21850 3.03881E+013 
21900 3.0199E+013 
21950 3.0011E+013 
22000 2.9824E+013 
22050 2.96381E+013 
22100 2.94532E+013 
22150 2.92693E+013 
22200 2.90865E+013 
22250 2.89046E+013 
22300 2.87238E+013 
22350 2.8544E+013 
22400 2.83652E+013 
22450 2.81875E+013 
22500 2.80107E+013 
22550 2.78349E+013 
22600 2.76601E+013 
22650 2.74863E+013 
22700 2.73135E+013 
22750 2.71416E+013 
22800 2.69707E+013 
22850 2.68008E+013 
22900 2.66319E+013 
22950 2.64639E+013 
23000 2.62969E+013 
23050 2.61308E+013 
23100 2.59657E+013 
23150 2.58015E+013 
23200 2.56383E+013 
23250 2.5476E+013 
23300 2.53146E+013 
23350 2.51541E+013 
23400 2.49946E+013 
23450 2.4836E+013 
23500 2.46783E+013 
23550 2.45215E+013 
23600 2.43657E+013 
23650 2.42107E+013 
23700 2.40566E+013 
23750 2.39034E+013 
23800 2.37511E+013 
23850 2.35997E+013 
23900 2.34492E+013 
23950 2.32996E+013 
24000 2.31508E+013 
24050 2.30029E+013 
24100 2.28558E+013 
24150 2.27096E+013 
24200 2.25643E+013 
24250 2.24198E+013 
24300 2.22762E+013 
24350 2.21334E+013 
24400 2.19915E+013 
24450 2.18503E+013 
24500 2.17101E+013 
24550 2.15706E+013 
24600 2.1432E+013 
24650 2.12942E+013 
24700 2.11571E+013 
24750 2.1021E+013 
24800 2.08856E+013 
24850 2.0751E+013 
24900 2.06172E+013 
24950 2.04842E+013 
25000 2.0352E+013 
25050 2.02206E+013 
25100 2.009E+013 
25150 1.99602E+013 
25200 1.98311E+013 
25250 1.97028E+013 
25300 1.95753E+013 
25350 1.94485E+013 
25400 1.93225E+013 
25450 1.91972E+013 
25500 1.90727E+013 
25550 1.8949E+013 
25600 1.8826E+013 
25650 1.87037E+013 
25700 1.85822E+013 
25750 1.84614E+013 
25800 1.83413E+013 
25850 1.8222E+013 
25900 1.81033E+013 
25950 1.79854E+013 
26000 1.78682E+013 
26050 1.77518E+013 
26100 1.7636E+013 
26150 1.75209E+013 
26200 1.74065E+013 
26250 1.72929E+013 
26300 1.71799E+013 
26350 1.70676E+013 
26400 1.6956E+013 
26450 1.6845E+013 
26500 1.67348E+013 
26550 1.66252E+013 
26600 1.65163E+013 
26650 1.6408E+013 
26700 1.63004E+013 
26750 1.61935E+013 
26800 1.60872E+013 
26850 1.59816E+013 
26900 1.58767E+013 
26950 1.57723E+013 
27000 1.56687E+013 
27050 1.55656E+013 
27100 1.54632E+013 
27150 1.53614E+013 
27200 1.52603E+013 
27250 1.51597E+013 
27300 1.50598E+013 
27350 1.49606E+013 
27400 1.48619E+013 
27450 1.47638E+013 
27500 1.46664E+013 
27550 1.45695E+013 
27600 1.44733E+013 
27650 1.43776E+013 
27700 1.42826E+013 
27750 1.41881E+013 
27800 1.40942E+013 
27850 1.40009E+013 
27900 1.39082E+013 
27950 1.38161E+013 
28000 1.37245E+013 
28050 1.36335E+013 
28100 1.35431E+013 
28150 1.34533E+013 
28200 1.3364E+013 
28250 1.32753E+013 
28300 1.31871E+013 
28350 1.30995E+013 
28400 1.30124E+013 
28450 1.29259E+013 
28500 1.28399E+013 
28550 1.27544E+013 
28600 1.26695E+013 
28650 1.25851E+013 
28700 1.25013E+013 
28750 1.2418E+013 
28800 1.23352E+013 
28850 1.22529E+013 
28900 1.21712E+013 
28950 1.209E+013 
29000 1.20092E+013 
29050 1.1929E+013 
29100 1.18493E+013 
29150 1.17702E+013 
29200 1.16915E+013 
29250 1.16133E+013 
29300 1.15356E+013 
29350 1.14584E+013 
29400 1.13816E+013 
29450 1.13054E+013 
29500 1.12297E+013 
29550 1.11544E+013 
29600 1.10796E+013 
29650 1.10053E+013 
29700 1.09315E+013 
29750 1.08581E+013 
29800 1.07852E+013 
29850 1.07128E+013 
29900 1.06408E+013 
29950 1.05693E+013 
30000 1.04983E+013 
30050 1.04277E+013 
30100 1.03575E+013 
30150 1.02878E+013 
30200 1.02186E+013 
30250 1.01498E+013 
30300 1.00814E+013 
30350 1.00135E+013 
30400 9.94602E+012 
30450 9.87896E+012 
30500 9.81234E+012 
30550 9.74614E+012 
30600 9.68037E+012 
30650 9.61503E+012 
30700 9.5501E+012 
30750 9.48559E+012 
30800 9.4215E+012 
30850 9.35783E+012 
30900 9.29456E+012 
30950 9.2317E+012 
31000 9.16925E+012 
31050 9.1072E+012 
31100 9.04555E+012 
31150 8.9843E+012 
31200 8.92345E+012 
31250 8.86299E+012 
31300 8.80293E+012 
31350 8.74325E+012 
31400 8.68396E+012 
31450 8.62505E+012 
31500 8.56653E+012 
31550 8.50839E+012 
31600 8.45062E+012 
31650 8.39323E+012 
31700 8.33621E+012 
31750 8.27957E+012 
31800 8.22329E+012 
31850 8.16738E+012 
31900 8.11184E+012 
31950 8.05665E+012 
32000 8.00183E+012 
32050 7.94736E+012 
32100 7.89325E+012 
32150 7.83949E+012 
32200 7.78609E+012 
32250 7.73303E+012 
32300 7.68032E+012 
32350 7.62795E+012 
32400 7.57593E+012 
32450 7.52425E+012 
32500 7.4729E+012 
32550 7.4219E+012 
32600 7.37123E+012 
32650 7.32089E+012 
32700 7.27087E+012 
32750 7.22119E+012 
32800 7.17184E+012 
32850 7.12281E+012 
32900 7.0741E+012 
32950 7.02571E+012 
33000 6.97764E+012 
33050 6.92989E+012 
33100 6.88245E+012 
33150 6.83532E+012 
33200 6.7885E+012 
33250 6.742E+012 
33300 6.69579E+012 
33350 6.6499E+012 
33400 6.6043E+012 
33450 6.55901E+012 
33500 6.51402E+012 
33550 6.46932E+012 
33600 6.42492E+012 
33650 6.38082E+012 
33700 6.337E+012 
33750 6.29348E+012 
33800 6.25024E+012 
33850 6.20729E+012 
33900 6.16462E+012 
33950 6.12224E+012 
34000 6.08014E+012 
34050 6.03832E+012 
34100 5.99677E+012 
34150 5.9555E+012 
34200 5.91451E+012 
34250 5.87378E+012 
34300 5.83333E+012 
34350 5.79315E+012 
34400 5.75323E+012 
34450 5.71358E+012 
34500 5.6742E+012 
34550 5.63507E+012 
34600 5.59621E+012 
34650 5.5576E+012 
34700 5.51926E+012 
34750 5.48117E+012 
34800 5.44333E+012 
34850 5.40574E+012 
34900 5.36841E+012 
34950 5.33133E+012 
35000 5.29449E+012 
35050 5.2579E+012 
35100 5.22155E+012 
35150 5.18545E+012 
35200 5.14959E+012 
35250 5.11397E+012 
35300 5.07858E+012 
35350 5.04344E+012 
35400 5.00853E+012 
35450 4.97385E+012 
35500 4.93941E+012 
35550 4.90519E+012 
35600 4.87121E+012 
35650 4.83745E+012 
35700 4.80393E+012 
35750 4.77062E+012 
35800 4.73754E+012 
35850 4.70468E+012 
35900 4.67205E+012 
35950 4.63963E+012 
36000 4.60743E+012 
36050 4.57545E+012 
36100 4.54368E+012 
36150 4.51212E+012 
36200 4.48078E+012 
36250 4.44965E+012 
36300 4.41873E+012 
36350 4.38802E+012 
36400 4.35752E+012 
36450 4.32722E+012 
36500 4.29712E+012 
36550 4.26723E+012 
36600 4.23754E+012 
36650 4.20805E+012 
36700 4.17876E+012 
36750 4.14967E+012 
36800 4.12078E+012 
36850 4.09208E+012 
36900 4.06357E+012 
36950 4.03526E+012 
37000 4.00714E+012 
37050 3.9792E+012 
37100 3.95146E+012 
37150 3.92391E+012 
37200 3.89654E+012 
37250 3.86936E+012 
37300 3.84236E+012 
37350 3.81555E+012 
37400 3.78892E+012 
37450 3.76247E+012 
37500 3.73619E+012 
37550 3.7101E+012 
37600 3.68418E+012 
37650 3.65844E+012 
37700 3.63288E+012 
37750 3.60749E+012 
37800 3.58227E+012 
37850 3.55722E+012 
37900 3.53234E+012 
37950 3.50764E+012 
38000 3.4831E+012 
38050 3.45873E+012 
38100 3.43452E+012 
38150 3.41048E+012 
38200 3.3866E+012 
38250 3.36289E+012 
38300 3.33933E+012 
38350 3.31594E+012 
38400 3.29271E+012 
38450 3.26963E+012 
38500 3.24672E+012 
38550 3.22396E+012 
38600 3.20135E+012 
38650 3.1789E+012 
38700 3.15661E+012 
38750 3.13446E+012 
38800 3.11247E+012 
38850 3.09063E+012 
38900 3.06893E+012 
38950 3.04739E+012 
39000 3.02599E+012 
39050 3.00474E+012 
39100 2.98363E+012 
39150 2.96267E+012 
39200 2.94186E+012 
39250 2.92118E+012 
39300 2.90065E+012 
39350 2.88026E+012 
39400 2.86001E+012 
39450 2.8399E+012 
39500 2.81992E+012 
39550 2.80008E+012 
39600 2.78038E+012 
39650 2.76081E+012 
39700 2.74138E+012 
39750 2.72208E+012 
39800 2.70292E+012 
39850 2.68388E+012 
39900 2.66498E+012 
39950 2.64621E+012 
40000 2.62756E+012 
40050 2.60905E+012 
40100 2.59066E+012 
40150 2.5724E+012 
40200 2.55426E+012 
40250 2.53625E+012 
40300 2.51836E+012 
40350 2.5006E+012 
40400 2.48296E+012 
40450 2.46544E+012 
40500 2.44804E+012 
40550 2.43076E+012 
40600 2.4136E+012 
40650 2.39656E+012 
40700 2.37964E+012 
40750 2.36283E+012 
40800 2.34614E+012 
40850 2.32957E+012 
40900 2.31311E+012 
40950 2.29676E+012 
41000 2.28052E+012 
41050 2.2644E+012 
41100 2.24839E+012 
41150 2.23249E+012 
41200 2.2167E+012 
41250 2.20102E+012 
41300 2.18545E+012 
41350 2.16999E+012 
41400 2.15463E+012 
41450 2.13938E+012 
41500 2.12424E+012 
41550 2.1092E+012 
41600 2.09426E+012 
41650 2.07943E+012 
41700 2.0647E+012 
41750 2.05007E+012 
41800 2.03555E+012 
41850 2.02112E+012 
41900 2.0068E+012 
41950 1.99257E+012 
42000 1.97844E+012 
42050 1.96441E+012 
42100 1.95048E+012 
42150 1.93665E+012 
42200 1.92291E+012 
42250 1.90927E+012 
42300 1.89572E+012 
42350 1.88227E+012 
42400 1.86891E+012 
42450 1.85564E+012 
42500 1.84246E+012 
42550 1.82938E+012 
42600 1.81639E+012 
42650 1.80349E+012 
42700 1.79067E+012 
42750 1.77795E+012 
42800 1.76532E+012 
42850 1.75277E+012 
42900 1.74031E+012 
42950 1.72794E+012 
43000 1.71565E+012 
43050 1.70345E+012 
43100 1.69134E+012 
43150 1.67931E+012 
43200 1.66736E+012 
43250 1.6555E+012 
43300 1.64372E+012 
43350 1.63202E+012 
43400 1.6204E+012 
43450 1.60887E+012 
43500 1.59741E+012 
43550 1.58604E+012 
43600 1.57474E+012 
43650 1.56353E+012 
43700 1.55239E+012 
43750 1.54133E+012 
43800 1.53035E+012 
43850 1.51944E+012 
43900 1.50861E+012 
43950 1.49786E+012 
44000 1.48718E+012 
44050 1.47658E+012 
44100 1.46605E+012 
44150 1.45559E+012 
44200 1.44521E+012 
44250 1.4349E+012 
44300 1.42466E+012 
44350 1.41449E+012 
44400 1.4044E+012 
44450 1.39438E+012 
44500 1.38442E+012 
44550 1.37454E+012 
44600 1.36472E+012 
44650 1.35498E+012 
44700 1.3453E+012 
44750 1.33569E+012 
44800 1.32615E+012 
44850 1.31667E+012 
44900 1.30726E+012 
44950 1.29792E+012 
45000 1.28865E+012 
45050 1.27943E+012 
45100 1.27029E+012 
45150 1.26121E+012 
45200 1.25219E+012 
45250 1.24323E+012 
45300 1.23434E+012 
45350 1.22551E+012 
45400 1.21674E+012 
45450 1.20803E+012 
45500 1.19939E+012 
45550 1.1908E+012 
45600 1.18228E+012 
45650 1.17382E+012 
45700 1.16541E+012 
45750 1.15707E+012 
45800 1.14878E+012 
45850 1.14055E+012 
45900 1.13239E+012 
45950 1.12427E+012 
46000 1.11622E+012 
46050 1.10822E+012 
46100 1.10028E+012 
46150 1.09239E+012 
46200 1.08456E+012 
46250 1.07679E+012 
46300 1.06906E+012 
46350 1.0614E+012 
46400 1.05379E+012 
46450 1.04623E+012 
46500 1.03873E+012 
46550 1.03127E+012 
46600 1.02387E+012 
46650 1.01653E+012 
46700 1.00923E+012 
46750 1.00199E+012 
46800 9.94797E+011 
46850 9.87656E+011 
46900 9.80565E+011 
46950 9.73524E+011 
47000 9.66533E+011 
47050 9.59592E+011 
47100 9.52699E+011 
47150 9.45855E+011 
47200 9.3906E+011 
47250 9.32313E+011 
47300 9.25613E+011 
47350 9.18961E+011 
47400 9.12356E+011 
47450 9.05798E+011 
47500 8.99286E+011 
47550 8.92821E+011 
47600 8.86401E+011 
47650 8.80026E+011 
47700 8.73697E+011 
47750 8.67413E+011 
47800 8.61173E+011 
47850 8.54977E+011 
47900 8.48825E+011 
47950 8.42717E+011 
48000 8.36652E+011 
48050 8.30631E+011 
48100 8.24652E+011 
48150 8.18715E+011 
48200 8.12821E+011 
48250 8.06968E+011 
48300 8.01157E+011 
48350 7.95387E+011 
48400 7.89658E+011 
48450 7.83969E+011 
48500 7.78322E+011 
48550 7.72714E+011 
48600 7.67146E+011 
48650 7.61618E+011 
48700 7.56128E+011 
48750 7.50678E+011 
48800 7.45267E+011 
48850 7.39894E+011 
48900 7.34559E+011 
48950 7.29263E+011 
49000 7.24004E+011 
49050 7.18782E+011 
49100 7.13597E+011 
49150 7.0845E+011 
49200 7.03339E+011 
49250 6.98264E+011 
49300 6.93225E+011 
49350 6.88223E+011 
49400 6.83256E+011 
49450 6.78324E+011 
49500 6.73427E+011 
49550 6.68566E+011 
49600 6.63739E+011 
49650 6.58946E+011 
49700 6.54187E+011 
49750 6.49463E+011 
49800 6.44772E+011 
49850 6.40114E+011 
49900 6.3549E+011 
49950 6.30898E+011 
50000 6.2634E+011 
50050 6.21814E+011 
50100 6.1732E+011 
50150 6.12858E+011 
50200 6.08428E+011 
50250 6.0403E+011 
50300 5.99663E+011 
50350 5.95327E+011 
50400 5.91022E+011 
50450 5.86748E+011 
50500 5.82505E+011 
50550 5.78291E+011 
50600 5.74108E+011 
50650 5.69955E+011 
50700 5.65831E+011 
50750 5.61737E+011 
50800 5.57672E+011 
50850 5.53636E+011 
50900 5.49629E+011 
50950 5.45651E+011 
51000 5.41701E+011 
51050 5.37779E+011 
51100 5.33885E+011 
51150 5.30019E+011 
51200 5.26181E+011 
51250 5.2237E+011 
51300 5.18587E+011 
51350 5.1483E+011 
51400 5.11101E+011 
51450 5.07398E+011 
51500 5.03722E+011 
51550 5.00072E+011 
51600 4.96448E+011 
51650 4.9285E+011 
51700 4.89278E+011 
51750 4.85731E+011 
51800 4.8221E+011 
51850 4.78714E+011 
51900 4.75243E+011 
51950 4.71797E+011 
52000 4.68376E+011 
52050 4.64979E+011 
52100 4.61606E+011 
52150 4.58258E+011 
52200 4.54934E+011 
52250 4.51633E+011 
52300 4.48356E+011 
52350 4.45103E+011 
52400 4.41873E+011 
52450 4.38666E+011 
52500 4.35482E+011 
52550 4.32321E+011 
52600 4.29183E+011 
52650 4.26067E+011 
52700 4.22974E+011 
52750 4.19903E+011 
52800 4.16853E+011 
52850 4.13826E+011 
52900 4.10821E+011 
52950 4.07837E+011 
53000 4.04874E+011 
53050 4.01933E+011 
53100 3.99013E+011 
53150 3.96114E+011 
53200 3.93235E+011 
53250 3.90378E+011 
53300 3.87541E+011 
53350 3.84724E+011 
53400 3.81928E+011 
53450 3.79151E+011 
53500 3.76395E+011 
53550 3.73658E+011 
53600 3.70941E+011 
53650 3.68244E+011 
53700 3.65566E+011 
53750 3.62908E+011 
53800 3.60268E+011 
53850 3.57648E+011 
53900 3.55046E+011 
53950 3.52463E+011 
54000 3.49899E+011 
54050 3.47353E+011 
54100 3.44825E+011 
54150 3.42316E+011 
54200 3.39824E+011 
54250 3.37351E+011 
54300 3.34895E+011 
54350 3.32458E+011 
54400 3.30037E+011 
54450 3.27634E+011 
54500 3.25249E+011 
54550 3.2288E+011 
54600 3.20529E+011 
54650 3.18195E+011 
54700 3.15877E+011 
54750 3.13576E+011 
54800 3.11292E+011 
54850 3.09024E+011 
54900 3.06773E+011 
54950 3.04538E+011 
55000 3.02319E+011 
55050 3.00116E+011 
55100 2.97928E+011 
55150 2.95757E+011 
55200 2.93601E+011 
55250 2.91461E+011 
55300 2.89336E+011 
55350 2.87227E+011 
55400 2.85133E+011 
55450 2.83054E+011 
55500 2.8099E+011 
55550 2.78941E+011 
55600 2.76907E+011 
55650 2.74887E+011 
55700 2.72882E+011 
55750 2.70891E+011 
55800 2.68915E+011 
55850 2.66953E+011 
55900 2.65005E+011 
55950 2.63072E+011 
56000 2.61152E+011 
56050 2.59246E+011 
56100 2.57354E+011 
56150 2.55476E+011 
56200 2.53611E+011 
56250 2.5176E+011 
56300 2.49922E+011 
56350 2.48097E+011 
56400 2.46286E+011 
56450 2.44487E+011 
56500 2.42702E+011 
56550 2.4093E+011 
56600 2.3917E+011 
56650 2.37423E+011 
56700 2.35689E+011 
56750 2.33967E+011 
56800 2.32258E+011 
56850 2.30561E+011 
56900 2.28877E+011 
56950 2.27204E+011 
57000 2.25544E+011 
57050 2.23896E+011 
57100 2.22259E+011 
57150 2.20635E+011 
57200 2.19022E+011 
57250 2.17421E+011 
57300 2.15832E+011 
57350 2.14254E+011 
57400 2.12688E+011 
57450 2.11132E+011 
57500 2.09589E+011 
57550 2.08056E+011 
57600 2.06534E+011 
57650 2.05024E+011 
57700 2.03524E+011 
57750 2.02036E+011 
57800 2.00558E+011 
57850 1.99091E+011 
57900 1.97634E+011 
57950 1.96188E+011 
58000 1.94753E+011 
58050 1.93327E+011 
58100 1.91913E+011 
58150 1.90508E+011 
58200 1.89114E+011 
58250 1.8773E+011 
58300 1.86356E+011 
58350 1.84991E+011 
58400 1.83637E+011 
58450 1.82293E+011 
58500 1.80958E+011 
58550 1.79633E+011 
58600 1.78318E+011 
58650 1.77012E+011 
58700 1.75716E+011 
58750 1.74429E+011 
58800 1.73151E+011 
58850 1.71883E+011 
58900 1.70624E+011 
58950 1.69374E+011 
59000 1.68133E+011 
59050 1.66901E+011 
59100 1.65678E+011 
59150 1.64464E+011 
59200 1.63259E+011 
59250 1.62062E+011 
59300 1.60875E+011 
59350 1.59696E+011 
59400 1.58525E+011 
59450 1.57363E+011 
59500 1.56209E+011 
59550 1.55064E+011 
59600 1.53927E+011 
59650 1.52799E+011 
59700 1.51678E+011 
59750 1.50566E+011 
59800 1.49462E+011 
59850 1.48366E+011 
59900 1.47278E+011 
59950 1.46198E+011 
60000 1.45125E+011 
60050 1.44061E+011 
60100 1.43004E+011 
60150 1.41955E+011 
60200 1.40913E+011 
60250 1.39879E+011 
60300 1.38853E+011 
60350 1.37834E+011 
60400 1.36823E+011 
60450 1.35819E+011 
60500 1.34822E+011 
60550 1.33832E+011 
60600 1.3285E+011 
60650 1.31875E+011 
60700 1.30906E+011 
60750 1.29945E+011 
60800 1.28991E+011 
60850 1.28044E+011 
60900 1.27104E+011 
60950 1.26171E+011 
61000 1.25244E+011 
61050 1.24325E+011 
61100 1.23411E+011 
61150 1.22505E+011 
61200 1.21605E+011 
61250 1.20712E+011 
61300 1.19825E+011 
61350 1.18945E+011 
61400 1.18071E+011 
61450 1.17204E+011 
61500 1.16342E+011 
61550 1.15488E+011 
61600 1.14639E+011 
61650 1.13796E+011 
61700 1.1296E+011 
61750 1.1213E+011 
61800 1.11306E+011 
61850 1.10488E+011 
61900 1.09676E+011 
61950 1.08869E+011 
62000 1.08069E+011 
62050 1.07274E+011 
62100 1.06486E+011 
62150 1.05703E+011 
62200 1.04926E+011 
62250 1.04154E+011 
62300 1.03388E+011 
62350 1.02628E+011 
62400 1.01873E+011 
62450 1.01124E+011 
62500 1.0038E+011 
62550 9.96414E+010 
62600 9.89084E+010 
62650 9.81808E+010 
62700 9.74584E+010 
62750 9.67414E+010 
62800 9.60296E+010 
62850 9.5323E+010 
62900 9.46216E+010 
62950 9.39253E+010 
63000 9.3234E+010 
63050 9.25479E+010 
63100 9.18667E+010 
63150 9.11905E+010 
63200 9.05193E+010 
63250 8.9853E+010 
63300 8.91915E+010 
63350 8.85349E+010 
63400 8.78831E+010 
63450 8.7236E+010 
63500 8.65937E+010 
63550 8.59561E+010 
63600 8.53231E+010 
63650 8.46948E+010 
63700 8.40711E+010 
63750 8.34519E+010 
63800 8.28373E+010 
63850 8.22271E+010 
63900 8.16214E+010 
63950 8.10202E+010 
64000 8.04233E+010 
64050 7.98309E+010 
64100 7.92427E+010 
64150 7.86589E+010 
64200 7.80793E+010 
64250 7.7504E+010 
64300 7.69328E+010 
64350 7.63659E+010 
64400 7.58031E+010 
64450 7.52445E+010 
64500 7.46899E+010 
64550 7.41394E+010 
64600 7.35929E+010 
64650 7.30504E+010 
64700 7.25119E+010 
64750 7.19774E+010 
64800 7.14467E+010 
64850 7.092E+010 
64900 7.03971E+010 
64950 6.9878E+010 
65000 6.93627E+010 
65050 6.88512E+010 
65100 6.83435E+010 
65150 6.78395E+010 
65200 6.73391E+010 
65250 6.68425E+010 
65300 6.63495E+010 
65350 6.58601E+010 
65400 6.53742E+010 
65450 6.4892E+010 
65500 6.44132E+010 
65550 6.3938E+010 
65600 6.34663E+010 
65650 6.2998E+010 
65700 6.25332E+010 
65750 6.20718E+010 
65800 6.16137E+010 
65850 6.11591E+010 
65900 6.07077E+010 
65950 6.02597E+010 
66000 5.98149E+010 
66050 5.93734E+010 
66100 5.89352E+010 
66150 5.85001E+010 
66200 5.80683E+010 
66250 5.76396E+010 
66300 5.72141E+010 
66350 5.67917E+010 
66400 5.63724E+010 
66450 5.59561E+010 
66500 5.5543E+010 
66550 5.51328E+010 
66600 5.47257E+010 
66650 5.43215E+010 
66700 5.39204E+010 
66750 5.35221E+010 
66800 5.31268E+010 
66850 5.27344E+010 
66900 5.23449E+010 
66950 5.19583E+010 
67000 5.15744E+010 
67050 5.11934E+010 
67100 5.08152E+010 
67150 5.04398E+010 
67200 5.00671E+010 
67250 4.96972E+010 
67300 4.933E+010 
67350 4.89655E+010 
67400 4.86036E+010 
67450 4.82444E+010 
67500 4.78879E+010 
67550 4.7534E+010 
67600 4.71827E+010 
67650 4.68339E+010 
67700 4.64877E+010 
67750 4.61441E+010 
67800 4.5803E+010 
67850 4.54644E+010 
67900 4.51283E+010 
67950 4.47947E+010 
68000 4.44635E+010 
68050 4.41347E+010 
68100 4.38084E+010 
68150 4.34845E+010 
68200 4.31629E+010 
68250 4.28437E+010 
68300 4.25269E+010 
68350 4.22124E+010 
68400 4.19002E+010 
68450 4.15903E+010 
68500 4.12827E+010 
68550 4.09773E+010 
68600 4.06742E+010 
68650 4.03733E+010 
68700 4.00747E+010 
68750 3.97782E+010 
68800 3.94839E+010 
68850 3.91918E+010 
68900 3.89018E+010 
68950 3.8614E+010 
69000 3.83283E+010 
69050 3.80446E+010 
69100 3.77631E+010 
69150 3.74837E+010 
69200 3.72062E+010 
69250 3.69309E+010 
69300 3.66576E+010 
69350 3.63862E+010 
69400 3.61169E+010 
69450 3.58496E+010 
69500 3.55842E+010 
69550 3.53208E+010 
69600 3.50593E+010 
69650 3.47998E+010 
69700 3.45421E+010 
69750 3.42864E+010 
69800 3.40325E+010 
69850 3.37805E+010 
69900 3.35304E+010 
69950 3.32821E+010 
70000 3.30357E+010 
70050 3.2791E+010 
70100 3.25482E+010 
70150 3.23071E+010 
70200 3.20678E+010 
70250 3.18303E+010 
70300 3.15946E+010 
70350 3.13605E+010 
70400 3.11282E+010 
70450 3.08976E+010 
70500 3.06688E+010 
70550 3.04416E+010 
70600 3.0216E+010 
70650 2.99922E+010 
70700 2.977E+010 
70750 2.95494E+010 
70800 2.93304E+010 
70850 2.91131E+010 
70900 2.88974E+010 
70950 2.86832E+010 
71000 2.84707E+010 
71050 2.82597E+010 
71100 2.80502E+010 
71150 2.78423E+010 
71200 2.7636E+010 
71250 2.74311E+010 
71300 2.72278E+010 
71350 2.7026E+010 
71400 2.68256E+010 
71450 2.66268E+010 
71500 2.64294E+010 
71550 2.62334E+010 
71600 2.60389E+010 
71650 2.58459E+010 
71700 2.56542E+010 
71750 2.5464E+010 
71800 2.52752E+010 
71850 2.50878E+010 
71900 2.49018E+010 
71950 2.47171E+010 
72000 2.45338E+010 
72050 2.43518E+010 
72100 2.41712E+010 
72150 2.39919E+010 
72200 2.3814E+010 
72250 2.36374E+010 
72300 2.3462E+010 
72350 2.3288E+010 
72400 2.31152E+010 
72450 2.29438E+010 
72500 2.27736E+010 
72550 2.26046E+010 
72600 2.24369E+010 
72650 2.22704E+010 
72700 2.21052E+010 
72750 2.19412E+010 
72800 2.17784E+010 
72850 2.16168E+010 
72900 2.14563E+010 
72950 2.12971E+010 
73000 2.11391E+010 
73050 2.09822E+010 
73100 2.08265E+010 
73150 2.06719E+010 
73200 2.05185E+010 
73250 2.03662E+010 
73300 2.0215E+010 
73350 2.0065E+010 
73400 1.9916E+010 
73450 1.97682E+010 
73500 1.96214E+010 
73550 1.94757E+010 
73600 1.93311E+010 
73650 1.91876E+010 
73700 1.90452E+010 
73750 1.89038E+010 
73800 1.87634E+010 
73850 1.86241E+010 
73900 1.84858E+010 
73950 1.83485E+010 
74000 1.82122E+010 
74050 1.8077E+010 
74100 1.79427E+010 
74150 1.78095E+010 
74200 1.76772E+010 
74250 1.75459E+010 
74300 1.74156E+010 
74350 1.72863E+010 
74400 1.71579E+010 
74450 1.70304E+010 
74500 1.69039E+010 
74550 1.67783E+010 
74600 1.66537E+010 
74650 1.65299E+010 
74700 1.64071E+010 
74750 1.62852E+010 
74800 1.61642E+010 
74850 1.60441E+010 
74900 1.59249E+010 
74950 1.58066E+010 
75000 1.56891E+010 
75050 1.55725E+010 
75100 1.54568E+010 
75150 1.5342E+010 
75200 1.5228E+010 
75250 1.51148E+010 
75300 1.50024E+010 
75350 1.48909E+010 
75400 1.47803E+010 
75450 1.46704E+010 
75500 1.45613E+010 
75550 1.44531E+010 
75600 1.43457E+010 
75650 1.4239E+010 
75700 1.41332E+010 
75750 1.40281E+010 
75800 1.39238E+010 
75850 1.38203E+010 
75900 1.37176E+010 
75950 1.36156E+010 
76000 1.35143E+010 
76050 1.34138E+010 
76100 1.33141E+010 
76150 1.32151E+010 
76200 1.31168E+010 
76250 1.30193E+010 
76300 1.29224E+010 
76350 1.28263E+010 
76400 1.2731E+010 
76450 1.26363E+010 
76500 1.25423E+010 
76550 1.2449E+010 
76600 1.23564E+010 
76650 1.22645E+010 
76700 1.21733E+010 
76750 1.20827E+010 
76800 1.19928E+010 
76850 1.19036E+010 
76900 1.18151E+010 
76950 1.17272E+010 
77000 1.16399E+010 
77050 1.15533E+010 
77100 1.14674E+010 
77150 1.1382E+010 
77200 1.12974E+010 
77250 1.12133E+010 
77300 1.11299E+010 
77350 1.1047E+010 
77400 1.09648E+010 
77450 1.08832E+010 
77500 1.08022E+010 
77550 1.07219E+010 
77600 1.06421E+010 
77650 1.05629E+010 
77700 1.04842E+010 
77750 1.04062E+010 
77800 1.03288E+010 
77850 1.02519E+010 
77900 1.01756E+010 
77950 1.00998E+010 
78000 1.00246E+010 
78050 9.95002E+009 
78100 9.87595E+009 
78150 9.80242E+009 
78200 9.72945E+009 
78250 9.65701E+009 
78300 9.58512E+009 
78350 9.51375E+009 
78400 9.44292E+009 
78450 9.37261E+009 
78500 9.30282E+009 
78550 9.23355E+009 
78600 9.16479E+009 
78650 9.09655E+009 
78700 9.02881E+009 
78750 8.96157E+009 
78800 8.89483E+009 
78850 8.82859E+009 
78900 8.76284E+009 
78950 8.69757E+009 
79000 8.6328E+009 
79050 8.5685E+009 
79100 8.50468E+009 
79150 8.44133E+009 
79200 8.37845E+009 
79250 8.31604E+009 
79300 8.25409E+009 
79350 8.19261E+009 
79400 8.13157E+009 
79450 8.071E+009 
79500 8.01087E+009 
79550 7.95119E+009 
79600 7.89195E+009 
79650 7.83315E+009 
79700 7.77479E+009 
79750 7.71686E+009 
79800 7.65936E+009 
79850 7.60229E+009 
79900 7.54564E+009 
79950 7.48941E+009 
80000 7.4336E+009 
80050 7.37821E+009 
80100 7.32322E+009 
80150 7.26865E+009 
80200 7.21448E+009 
80250 7.16071E+009 
80300 7.10734E+009 
80350 7.05437E+009 
80400 7.00179E+009 
80450 6.9496E+009 
80500 6.8978E+009 
80550 6.84639E+009 
80600 6.79535E+009 
80650 6.7447E+009 
80700 6.69442E+009 
80750 6.64451E+009 
80800 6.59498E+009 
80850 6.54582E+009 
80900 6.49701E+009 
80950 6.44858E+009 
81000 6.4005E+009 
81050 6.35278E+009 
81100 6.30541E+009 
81150 6.2584E+009 
81200 6.21173E+009 
81250 6.16542E+009 
81300 6.11944E+009 
81350 6.07381E+009 
81400 6.02852E+009 
81450 5.98356E+009 
81500 5.93894E+009 
81550 5.89465E+009 
81600 5.85069E+009 
81650 5.80706E+009 
81700 5.76375E+009 
81750 5.72076E+009 
81800 5.67809E+009 
81850 5.63574E+009 
81900 5.5937E+009 
81950 5.55198E+009 
82000 5.51057E+009 
82050 5.46946E+009 
82100 5.42866E+009 
82150 5.38817E+009 
82200 5.34797E+009 
82250 5.30807E+009 
82300 5.26847E+009 
82350 5.22917E+009 
82400 5.19016E+009 
82450 5.15143E+009 
82500 5.113E+009 
82550 5.07485E+009 
82600 5.03699E+009 
82650 4.9994E+009 
82700 4.9621E+009 
82750 4.92507E+009 
82800 4.88832E+009 
82850 4.85185E+009 
82900 4.81564E+009 
82950 4.7797E+009 
83000 4.74403E+009 
83050 4.70863E+009 
83100 4.67349E+009 
83150 4.63861E+009 
83200 4.60399E+009 
83250 4.56963E+009 
83300 4.53552E+009 
83350 4.50167E+009 
83400 4.46807E+009 
83450 4.43472E+009 
83500 4.40162E+009 
83550 4.36876E+009 
83600 4.33615E+009 
83650 4.30378E+009 
83700 4.27165E+009 
83750 4.23976E+009 
83800 4.20811E+009 
83850 4.1767E+009 
83900 4.14552E+009 
83950 4.11457E+009 
84000 4.08385E+009 
84050 4.05336E+009 
84100 4.02309E+009 
84150 3.99305E+009 
84200 3.96324E+009 
84250 3.93365E+009 
84300 3.90427E+009 
84350 3.87512E+009 
84400 3.84618E+009 
84450 3.81746E+009 
84500 3.78895E+009 
84550 3.76066E+009 
84600 3.73257E+009 
84650 3.7047E+009 
84700 3.67703E+009 
84750 3.64957E+009 
84800 3.62231E+009 
84850 3.59526E+009 
84900 3.56841E+009 
84950 3.54175E+009 
85000 3.5153E+009 
85050 3.48904E+009 
85100 3.46298E+009 
85150 3.43711E+009 
85200 3.41144E+009 
85250 3.38596E+009 
85300 3.36066E+009 
85350 3.33556E+009 
85400 3.31064E+009 
85450 3.2859E+009 
85500 3.26136E+009 
85550 3.23699E+009 
85600 3.21281E+009 
85650 3.1888E+009 
85700 3.16498E+009 
85750 3.14133E+009 
85800 3.11786E+009 
85850 3.09456E+009 
85900 3.07144E+009 
85950 3.04849E+009 
86000 3.02571E+009 
86050 3.0031E+009 
86100 2.98066E+009 
86150 2.95839E+009 
86200 2.93628E+009 
86250 2.91434E+009 
86300 2.89256E+009 
86350 2.87094E+009 
86400 2.84948E+009 
86450 2.82819E+009 
86500 2.80705E+009 
86550 2.78607E+009 
86600 2.76525E+009 
86650 2.74458E+009 
86700 2.72406E+009 
86750 2.7037E+009 
86800 2.68349E+009 
86850 2.66343E+009 
86900 2.64353E+009 
86950 2.62376E+009 
87000 2.60415E+009 
87050 2.58468E+009 
87100 2.56536E+009 
87150 2.54618E+009 
87200 2.52715E+009 
87250 2.50825E+009 
87300 2.4895E+009 
87350 2.47089E+009 
87400 2.45242E+009 
87450 2.43408E+009 
87500 2.41588E+009 
87550 2.39782E+009 
87600 2.37989E+009 
87650 2.3621E+009 
87700 2.34443E+009 
87750 2.3269E+009 
87800 2.3095E+009 
87850 2.29223E+009 
87900 2.27509E+009 
87950 2.25808E+009 
88000 2.24119E+009 
88050 2.22443E+009 
88100 2.2078E+009 
88150 2.19128E+009 
88200 2.1749E+009 
88250 2.15863E+009 
88300 2.14249E+009 
88350 2.12646E+009 
88400 2.11056E+009 
88450 2.09477E+009 
88500 2.0791E+009 
88550 2.06355E+009 
88600 2.04812E+009 
88650 2.0328E+009 
88700 2.01759E+009 
88750 2.0025E+009 
88800 1.98752E+009 
88850 1.97265E+009 
88900 1.9579E+009 
88950 1.94325E+009 
89000 1.92871E+009 
89050 1.91428E+009 
89100 1.89996E+009 
89150 1.88575E+009 
89200 1.87164E+009 
89250 1.85763E+009 
89300 1.84374E+009 
89350 1.82994E+009 
89400 1.81625E+009 
89450 1.80266E+009 
89500 1.78917E+009 
89550 1.77578E+009 
89600 1.7625E+009 
89650 1.74931E+009 
89700 1.73622E+009 
89750 1.72323E+009 
89800 1.71033E+009 
89850 1.69753E+009 
89900 1.68483E+009 
89950 1.67222E+009 
90000 1.65971E+009 
90050 1.64729E+009 
90100 1.63496E+009 
90150 1.62272E+009 
90200 1.61058E+009 
90250 1.59852E+009 
90300 1.58656E+009 
90350 1.57468E+009 
90400 1.5629E+009 
90450 1.5512E+009 
90500 1.53959E+009 
90550 1.52807E+009 
90600 1.51663E+009 
90650 1.50528E+009 
90700 1.49401E+009 
90750 1.48282E+009 
90800 1.47172E+009 
90850 1.46071E+009 
90900 1.44977E+009 
90950 1.43892E+009 
91000 1.42815E+009 
91050 1.41745E+009 
91100 1.40684E+009 
91150 1.39631E+009 
91200 1.38586E+009 
91250 1.37548E+009 
91300 1.36518E+009 
91350 1.35496E+009 
91400 1.34482E+009 
91450 1.33475E+009 
91500 1.32475E+009 
91550 1.31483E+009 
91600 1.30499E+009 
91650 1.29522E+009 
91700 1.28552E+009 
91750 1.27589E+009 
91800 1.26634E+009 
91850 1.25686E+009 
91900 1.24744E+009 
91950 1.2381E+009 
92000 1.22883E+009 
92050 1.21963E+009 
92100 1.21049E+009 
92150 1.20143E+009 
92200 1.19243E+009 
92250 1.1835E+009 
92300 1.17464E+009 
92350 1.16584E+009 
92400 1.15711E+009 
92450 1.14844E+009 
92500 1.13984E+009 
92550 1.1313E+009 
92600 1.12283E+009 
92650 1.11442E+009 
92700 1.10607E+009 
92750 1.09778E+009 
92800 1.08956E+009 
92850 1.0814E+009 
92900 1.0733E+009 
92950 1.06526E+009 
93000 1.05728E+009 
93050 1.04936E+009 
93100 1.0415E+009 
93150 1.03369E+009 
93200 1.02595E+009 
93250 1.01826E+009 
93300 1.01064E+009 
93350 1.00306E+009 
93400 9.95549E+008 
93450 9.8809E+008 
93500 9.80687E+008 
93550 9.73339E+008 
93600 9.66046E+008 
93650 9.58808E+008 
93700 9.51624E+008 
93750 9.44493E+008 
93800 9.37416E+008 
93850 9.30392E+008 
93900 9.2342E+008 
93950 9.16501E+008 
94000 9.09633E+008 
94050 9.02816E+008 
94100 8.96051E+008 
94150 8.89336E+008 
94200 8.82671E+008 
94250 8.76057E+008 
94300 8.69491E+008 
94350 8.62975E+008 
94400 8.56508E+008 
94450 8.50089E+008 
94500 8.43718E+008 
94550 8.37394E+008 
94600 8.31118E+008 
94650 8.24889E+008 
94700 8.18706E+008 
94750 8.1257E+008 
94800 8.06479E+008 
94850 8.00434E+008 
94900 7.94435E+008 
94950 7.8848E+008 
95000 7.8257E+008 
95050 7.76704E+008 
95100 7.70882E+008 
95150 7.65103E+008 
95200 7.59368E+008 
95250 7.53675E+008 
95300 7.48025E+008 
95350 7.42418E+008 
95400 7.36852E+008 
95450 7.31328E+008 
95500 7.25846E+008 
95550 7.20404E+008 
95600 7.15003E+008 
95650 7.09643E+008 
95700 7.04322E+008 
95750 6.99042E+008 
95800 6.93801E+008 
95850 6.88599E+008 
95900 6.83436E+008 
95950 6.78312E+008 
96000 6.73226E+008 
96050 6.68178E+008 
96100 6.63168E+008 
96150 6.58195E+008 
96200 6.5326E+008 
96250 6.48362E+008 
96300 6.435E+008 
96350 6.38674E+008 
96400 6.33885E+008 
96450 6.29132E+008 
96500 6.24414E+008 
96550 6.19731E+008 
96600 6.15084E+008 
96650 6.10471E+008 
96700 6.05893E+008 
96750 6.01349E+008 
96800 5.96839E+008 
96850 5.92363E+008 
96900 5.87921E+008 
96950 5.83511E+008 
97000 5.79135E+008 
97050 5.74791E+008 
97100 5.7048E+008 
97150 5.66202E+008 
97200 5.61955E+008 
97250 5.5774E+008 
97300 5.53557E+008 
97350 5.49405E+008 
97400 5.45284E+008 
97450 5.41193E+008 
97500 5.37134E+008 
97550 5.33105E+008 
97600 5.29106E+008 
97650 5.25137E+008 
97700 5.21198E+008 
97750 5.17288E+008 
97800 5.13407E+008 
97850 5.09556E+008 
97900 5.05733E+008 
97950 5.01939E+008 
98000 4.98174E+008 
98050 4.94437E+008 
98100 4.90727E+008 
98150 4.87046E+008 
98200 4.83392E+008 
98250 4.79765E+008 
98300 4.76166E+008 
98350 4.72593E+008 
98400 4.69047E+008 
98450 4.65528E+008 
98500 4.62035E+008 
98550 4.58569E+008 
98600 4.55128E+008 
98650 4.51713E+008 
98700 4.48323E+008 
98750 4.44959E+008 
98800 4.41621E+008 
98850 4.38307E+008 
98900 4.35018E+008 
98950 4.31754E+008 
99000 4.28514E+008 
99050 4.25298E+008 
99100 4.22107E+008 
99150 4.18939E+008 
99200 4.15795E+008 
99250 4.12675E+008 
99300 4.09578E+008 
99350 4.06504E+008 
99400 4.03454E+008 
99450 4.00426E+008 
99500 3.97421E+008 
99550 3.94438E+008 
99600 3.91478E+008 
99650 3.8854E+008 
99700 3.85623E+008 
99750 3.82729E+008 
99800 3.79857E+008 
99850 3.77006E+008 
99900 3.74176E+008 
99950 3.71367E+008 
100000 3.6858E+008 
