#F U:\Beamline I20\I20-2_EDE\Wigglers\xop\83mm-small-wiggler\EDE wiggler\1p2T-300mA-0p12x1.1mrad.dat
#C I20EDE 1.2T 300mA 0.12x1.1mrad
#S 1 File written by xplot on Tue Dec 07 18:17:11 2010
#N 2
#L    Energy [eV]  Flux [ph/s/0.1%bw]
50 7.63106E+012 
100 1.21037E+013 
150 1.58378E+013 
200 1.91512E+013 
250 2.21756E+013 
300 2.49822E+013 
350 2.76147E+013 
400 3.01024E+013 
450 3.24663E+013 
500 3.47223E+013 
550 3.68823E+013 
600 3.8956E+013 
650 4.09513E+013 
700 4.28745E+013 
750 4.47312E+013 
800 4.65259E+013 
850 4.82627E+013 
900 4.99449E+013 
950 5.15758E+013 
1000 5.31579E+013 
1050 5.46937E+013 
1100 5.61854E+013 
1150 5.7635E+013 
1200 5.90441E+013 
1250 6.04145E+013 
1300 6.17476E+013 
1350 6.30448E+013 
1400 6.43074E+013 
1450 6.55366E+013 
1500 6.67334E+013 
1550 6.7899E+013 
1600 6.90342E+013 
1650 7.01399E+013 
1700 7.12172E+013 
1750 7.22666E+013 
1800 7.3289E+013 
1850 7.42851E+013 
1900 7.52556E+013 
1950 7.62012E+013 
2000 7.71224E+013 
2050 7.80199E+013 
2100 7.88942E+013 
2150 7.97459E+013 
2200 8.05755E+013 
2250 8.13835E+013 
2300 8.21704E+013 
2350 8.29366E+013 
2400 8.36826E+013 
2450 8.44088E+013 
2500 8.51157E+013 
2550 8.58036E+013 
2600 8.6473E+013 
2650 8.71241E+013 
2700 8.77574E+013 
2750 8.83732E+013 
2800 8.89719E+013 
2850 8.95538E+013 
2900 9.01193E+013 
2950 9.06685E+013 
3000 9.12019E+013 
3050 9.17197E+013 
3100 9.22223E+013 
3150 9.27098E+013 
3200 9.31827E+013 
3250 9.36411E+013 
3300 9.40853E+013 
3350 9.45156E+013 
3400 9.49322E+013 
3450 9.53354E+013 
3500 9.57254E+013 
3550 9.61024E+013 
3600 9.64667E+013 
3650 9.68185E+013 
3700 9.7158E+013 
3750 9.74854E+013 
3800 9.78009E+013 
3850 9.81048E+013 
3900 9.83972E+013 
3950 9.86784E+013 
4000 9.89484E+013 
4050 9.92076E+013 
4100 9.94561E+013 
4150 9.9694E+013 
4200 9.99217E+013 
4250 1.00139E+014 
4300 1.00347E+014 
4350 1.00544E+014 
4400 1.00732E+014 
4450 1.00911E+014 
4500 1.0108E+014 
4550 1.0124E+014 
4600 1.01391E+014 
4650 1.01533E+014 
4700 1.01666E+014 
4750 1.01791E+014 
4800 1.01907E+014 
4850 1.02015E+014 
4900 1.02115E+014 
4950 1.02207E+014 
5000 1.02291E+014 
5050 1.02367E+014 
5100 1.02436E+014 
5150 1.02497E+014 
5200 1.02551E+014 
5250 1.02597E+014 
5300 1.02637E+014 
5350 1.02669E+014 
5400 1.02695E+014 
5450 1.02714E+014 
5500 1.02726E+014 
5550 1.02731E+014 
5600 1.02731E+014 
5650 1.02724E+014 
5700 1.0271E+014 
5750 1.02691E+014 
5800 1.02665E+014 
5850 1.02634E+014 
5900 1.02597E+014 
5950 1.02554E+014 
6000 1.02506E+014 
6050 1.02452E+014 
6100 1.02393E+014 
6150 1.02328E+014 
6200 1.02258E+014 
6250 1.02183E+014 
6300 1.02104E+014 
6350 1.02019E+014 
6400 1.01929E+014 
6450 1.01834E+014 
6500 1.01735E+014 
6550 1.01631E+014 
6600 1.01523E+014 
6650 1.0141E+014 
6700 1.01293E+014 
6750 1.01172E+014 
6800 1.01046E+014 
6850 1.00917E+014 
6900 1.00783E+014 
6950 1.00645E+014 
7000 1.00504E+014 
7050 1.00358E+014 
7100 1.00209E+014 
7150 1.00056E+014 
7200 9.98998E+013 
7250 9.97398E+013 
7300 9.95764E+013 
7350 9.94095E+013 
7400 9.92392E+013 
7450 9.90657E+013 
7500 9.8889E+013 
7550 9.87091E+013 
7600 9.85262E+013 
7650 9.83402E+013 
7700 9.81512E+013 
7750 9.79594E+013 
7800 9.77646E+013 
7850 9.75671E+013 
7900 9.73669E+013 
7950 9.71639E+013 
8000 9.69584E+013 
8050 9.67503E+013 
8100 9.65397E+013 
8150 9.63266E+013 
8200 9.61111E+013 
8250 9.58932E+013 
8300 9.56731E+013 
8350 9.54506E+013 
8400 9.5226E+013 
8450 9.49992E+013 
8500 9.47704E+013 
8550 9.45394E+013 
8600 9.43065E+013 
8650 9.40715E+013 
8700 9.38347E+013 
8750 9.3596E+013 
8800 9.33554E+013 
8850 9.3113E+013 
8900 9.28689E+013 
8950 9.26231E+013 
9000 9.23757E+013 
9050 9.21266E+013 
9100 9.18759E+013 
9150 9.16237E+013 
9200 9.137E+013 
9250 9.11149E+013 
9300 9.08583E+013 
9350 9.06003E+013 
9400 9.0341E+013 
9450 9.00804E+013 
9500 8.98185E+013 
9550 8.95553E+013 
9600 8.9291E+013 
9650 8.90255E+013 
9700 8.87588E+013 
9750 8.84911E+013 
9800 8.82223E+013 
9850 8.79525E+013 
9900 8.76816E+013 
9950 8.74098E+013 
10000 8.71371E+013 
10050 8.68634E+013 
10100 8.65889E+013 
10150 8.63135E+013 
10200 8.60373E+013 
10250 8.57603E+013 
10300 8.54826E+013 
10350 8.52041E+013 
10400 8.4925E+013 
10450 8.46452E+013 
10500 8.43647E+013 
10550 8.40836E+013 
10600 8.38019E+013 
10650 8.35196E+013 
10700 8.32368E+013 
10750 8.29535E+013 
10800 8.26697E+013 
10850 8.23854E+013 
10900 8.21007E+013 
10950 8.18156E+013 
11000 8.153E+013 
11050 8.12441E+013 
11100 8.09579E+013 
11150 8.06713E+013 
11200 8.03844E+013 
11250 8.00972E+013 
11300 7.98098E+013 
11350 7.95221E+013 
11400 7.92342E+013 
11450 7.89462E+013 
11500 7.86579E+013 
11550 7.83695E+013 
11600 7.80809E+013 
11650 7.77922E+013 
11700 7.75034E+013 
11750 7.72146E+013 
11800 7.69256E+013 
11850 7.66366E+013 
11900 7.63476E+013 
11950 7.60586E+013 
12000 7.57696E+013 
12050 7.54806E+013 
12100 7.51917E+013 
12150 7.49028E+013 
12200 7.46139E+013 
12250 7.43252E+013 
12300 7.40366E+013 
12350 7.37481E+013 
12400 7.34597E+013 
12450 7.31715E+013 
12500 7.28834E+013 
12550 7.25955E+013 
12600 7.23078E+013 
12650 7.20203E+013 
12700 7.17331E+013 
12750 7.14461E+013 
12800 7.11593E+013 
12850 7.08727E+013 
12900 7.05865E+013 
12950 7.03005E+013 
13000 7.00148E+013 
13050 6.97295E+013 
13100 6.94444E+013 
13150 6.91597E+013 
13200 6.88754E+013 
13250 6.85914E+013 
13300 6.83078E+013 
13350 6.80245E+013 
13400 6.77416E+013 
13450 6.74592E+013 
13500 6.71771E+013 
13550 6.68955E+013 
13600 6.66143E+013 
13650 6.63335E+013 
13700 6.60532E+013 
13750 6.57733E+013 
13800 6.54939E+013 
13850 6.5215E+013 
13900 6.49366E+013 
13950 6.46587E+013 
14000 6.43813E+013 
14050 6.41043E+013 
14100 6.3828E+013 
14150 6.35521E+013 
14200 6.32768E+013 
14250 6.3002E+013 
14300 6.27278E+013 
14350 6.24541E+013 
14400 6.2181E+013 
14450 6.19085E+013 
14500 6.16365E+013 
14550 6.13652E+013 
14600 6.10944E+013 
14650 6.08243E+013 
14700 6.05547E+013 
14750 6.02858E+013 
14800 6.00174E+013 
14850 5.97498E+013 
14900 5.94827E+013 
14950 5.92163E+013 
15000 5.89505E+013 
15050 5.86854E+013 
15100 5.84209E+013 
15150 5.81571E+013 
15200 5.7894E+013 
15250 5.76315E+013 
15300 5.73697E+013 
15350 5.71086E+013 
15400 5.68482E+013 
15450 5.65885E+013 
15500 5.63294E+013 
15550 5.60711E+013 
15600 5.58134E+013 
15650 5.55565E+013 
15700 5.53003E+013 
15750 5.50448E+013 
15800 5.479E+013 
15850 5.4536E+013 
15900 5.42826E+013 
15950 5.403E+013 
16000 5.37782E+013 
16050 5.3527E+013 
16100 5.32766E+013 
16150 5.3027E+013 
16200 5.27781E+013 
16250 5.253E+013 
16300 5.22826E+013 
16350 5.20359E+013 
16400 5.179E+013 
16450 5.15449E+013 
16500 5.13006E+013 
16550 5.1057E+013 
16600 5.08142E+013 
16650 5.05721E+013 
16700 5.03308E+013 
16750 5.00903E+013 
16800 4.98506E+013 
16850 4.96117E+013 
16900 4.93735E+013 
16950 4.91361E+013 
17000 4.88995E+013 
17050 4.86637E+013 
17100 4.84287E+013 
17150 4.81945E+013 
17200 4.7961E+013 
17250 4.77284E+013 
17300 4.74965E+013 
17350 4.72655E+013 
17400 4.70352E+013 
17450 4.68057E+013 
17500 4.65771E+013 
17550 4.63492E+013 
17600 4.61221E+013 
17650 4.58959E+013 
17700 4.56704E+013 
17750 4.54458E+013 
17800 4.52219E+013 
17850 4.49989E+013 
17900 4.47766E+013 
17950 4.45552E+013 
18000 4.43346E+013 
18050 4.41147E+013 
18100 4.38957E+013 
18150 4.36775E+013 
18200 4.34601E+013 
18250 4.32435E+013 
18300 4.30277E+013 
18350 4.28127E+013 
18400 4.25986E+013 
18450 4.23852E+013 
18500 4.21727E+013 
18550 4.19609E+013 
18600 4.175E+013 
18650 4.15398E+013 
18700 4.13305E+013 
18750 4.1122E+013 
18800 4.09143E+013 
18850 4.07074E+013 
18900 4.05013E+013 
18950 4.0296E+013 
19000 4.00915E+013 
19050 3.98879E+013 
19100 3.9685E+013 
19150 3.94829E+013 
19200 3.92817E+013 
19250 3.90812E+013 
19300 3.88816E+013 
19350 3.86827E+013 
19400 3.84846E+013 
19450 3.82874E+013 
19500 3.80909E+013 
19550 3.78953E+013 
19600 3.77004E+013 
19650 3.75063E+013 
19700 3.73131E+013 
19750 3.71206E+013 
19800 3.69289E+013 
19850 3.6738E+013 
19900 3.65479E+013 
19950 3.63586E+013 
20000 3.61701E+013 
20050 3.59824E+013 
20100 3.57954E+013 
20150 3.56093E+013 
20200 3.54239E+013 
20250 3.52393E+013 
20300 3.50555E+013 
20350 3.48724E+013 
20400 3.46902E+013 
20450 3.45087E+013 
20500 3.4328E+013 
20550 3.41481E+013 
20600 3.3969E+013 
20650 3.37906E+013 
20700 3.3613E+013 
20750 3.34361E+013 
20800 3.32601E+013 
20850 3.30848E+013 
20900 3.29102E+013 
20950 3.27365E+013 
21000 3.25634E+013 
21050 3.23912E+013 
21100 3.22197E+013 
21150 3.20489E+013 
21200 3.1879E+013 
21250 3.17097E+013 
21300 3.15412E+013 
21350 3.13735E+013 
21400 3.12065E+013 
21450 3.10403E+013 
21500 3.08748E+013 
21550 3.071E+013 
21600 3.0546E+013 
21650 3.03827E+013 
21700 3.02202E+013 
21750 3.00584E+013 
21800 2.98973E+013 
21850 2.9737E+013 
21900 2.95774E+013 
21950 2.94185E+013 
22000 2.92603E+013 
22050 2.91029E+013 
22100 2.89462E+013 
22150 2.87902E+013 
22200 2.86349E+013 
22250 2.84803E+013 
22300 2.83265E+013 
22350 2.81733E+013 
22400 2.80209E+013 
22450 2.78692E+013 
22500 2.77182E+013 
22550 2.75679E+013 
22600 2.74182E+013 
22650 2.72693E+013 
22700 2.71211E+013 
22750 2.69736E+013 
22800 2.68268E+013 
22850 2.66806E+013 
22900 2.65352E+013 
22950 2.63904E+013 
23000 2.62464E+013 
23050 2.6103E+013 
23100 2.59603E+013 
23150 2.58182E+013 
23200 2.56769E+013 
23250 2.55362E+013 
23300 2.53962E+013 
23350 2.52568E+013 
23400 2.51181E+013 
23450 2.49801E+013 
23500 2.48428E+013 
23550 2.47061E+013 
23600 2.45701E+013 
23650 2.44347E+013 
23700 2.43E+013 
23750 2.41659E+013 
23800 2.40325E+013 
23850 2.38997E+013 
23900 2.37676E+013 
23950 2.36361E+013 
24000 2.35053E+013 
24050 2.3375E+013 
24100 2.32455E+013 
24150 2.31165E+013 
24200 2.29883E+013 
24250 2.28606E+013 
24300 2.27335E+013 
24350 2.26071E+013 
24400 2.24813E+013 
24450 2.23561E+013 
24500 2.22316E+013 
24550 2.21076E+013 
24600 2.19843E+013 
24650 2.18616E+013 
24700 2.17395E+013 
24750 2.1618E+013 
24800 2.14971E+013 
24850 2.13768E+013 
24900 2.12571E+013 
24950 2.1138E+013 
25000 2.10195E+013 
25050 2.09016E+013 
25100 2.07843E+013 
25150 2.06676E+013 
25200 2.05515E+013 
25250 2.04359E+013 
25300 2.03209E+013 
25350 2.02066E+013 
25400 2.00928E+013 
25450 1.99795E+013 
25500 1.98668E+013 
25550 1.97548E+013 
25600 1.96432E+013 
25650 1.95323E+013 
25700 1.94219E+013 
25750 1.93121E+013 
25800 1.92028E+013 
25850 1.90941E+013 
25900 1.89859E+013 
25950 1.88783E+013 
26000 1.87713E+013 
26050 1.86648E+013 
26100 1.85588E+013 
26150 1.84534E+013 
26200 1.83485E+013 
26250 1.82442E+013 
26300 1.81404E+013 
26350 1.80372E+013 
26400 1.79344E+013 
26450 1.78322E+013 
26500 1.77306E+013 
26550 1.76294E+013 
26600 1.75288E+013 
26650 1.74287E+013 
26700 1.73292E+013 
26750 1.72301E+013 
26800 1.71316E+013 
26850 1.70335E+013 
26900 1.6936E+013 
26950 1.6839E+013 
27000 1.67425E+013 
27050 1.66465E+013 
27100 1.65511E+013 
27150 1.64561E+013 
27200 1.63616E+013 
27250 1.62676E+013 
27300 1.61741E+013 
27350 1.60811E+013 
27400 1.59886E+013 
27450 1.58965E+013 
27500 1.5805E+013 
27550 1.57139E+013 
27600 1.56234E+013 
27650 1.55333E+013 
27700 1.54436E+013 
27750 1.53545E+013 
27800 1.52658E+013 
27850 1.51776E+013 
27900 1.50898E+013 
27950 1.50026E+013 
28000 1.49158E+013 
28050 1.48294E+013 
28100 1.47436E+013 
28150 1.46581E+013 
28200 1.45732E+013 
28250 1.44886E+013 
28300 1.44046E+013 
28350 1.4321E+013 
28400 1.42378E+013 
28450 1.41551E+013 
28500 1.40728E+013 
28550 1.3991E+013 
28600 1.39096E+013 
28650 1.38286E+013 
28700 1.37481E+013 
28750 1.3668E+013 
28800 1.35884E+013 
28850 1.35091E+013 
28900 1.34304E+013 
28950 1.3352E+013 
29000 1.3274E+013 
29050 1.31965E+013 
29100 1.31194E+013 
29150 1.30427E+013 
29200 1.29664E+013 
29250 1.28906E+013 
29300 1.28151E+013 
29350 1.27401E+013 
29400 1.26655E+013 
29450 1.25913E+013 
29500 1.25175E+013 
29550 1.24441E+013 
29600 1.2371E+013 
29650 1.22984E+013 
29700 1.22262E+013 
29750 1.21544E+013 
29800 1.2083E+013 
29850 1.20119E+013 
29900 1.19413E+013 
29950 1.1871E+013 
30000 1.18012E+013 
30050 1.17317E+013 
30100 1.16626E+013 
30150 1.15938E+013 
30200 1.15255E+013 
30250 1.14575E+013 
30300 1.13899E+013 
30350 1.13227E+013 
30400 1.12558E+013 
30450 1.11894E+013 
30500 1.11232E+013 
30550 1.10575E+013 
30600 1.09921E+013 
30650 1.09271E+013 
30700 1.08624E+013 
30750 1.07981E+013 
30800 1.07342E+013 
30850 1.06706E+013 
30900 1.06073E+013 
30950 1.05444E+013 
31000 1.04819E+013 
31050 1.04197E+013 
31100 1.03579E+013 
31150 1.02964E+013 
31200 1.02352E+013 
31250 1.01744E+013 
31300 1.01139E+013 
31350 1.00538E+013 
31400 9.99398E+012 
31450 9.93452E+012 
31500 9.87538E+012 
31550 9.81658E+012 
31600 9.75811E+012 
31650 9.69996E+012 
31700 9.64214E+012 
31750 9.58465E+012 
31800 9.52748E+012 
31850 9.47063E+012 
31900 9.4141E+012 
31950 9.35789E+012 
32000 9.30199E+012 
32050 9.24641E+012 
32100 9.19114E+012 
32150 9.13619E+012 
32200 9.08154E+012 
32250 9.02721E+012 
32300 8.97318E+012 
32350 8.91945E+012 
32400 8.86603E+012 
32450 8.81292E+012 
32500 8.7601E+012 
32550 8.70758E+012 
32600 8.65536E+012 
32650 8.60344E+012 
32700 8.55181E+012 
32750 8.50047E+012 
32800 8.44943E+012 
32850 8.39867E+012 
32900 8.34821E+012 
32950 8.29803E+012 
33000 8.24814E+012 
33050 8.19853E+012 
33100 8.1492E+012 
33150 8.10016E+012 
33200 8.0514E+012 
33250 8.00291E+012 
33300 7.9547E+012 
33350 7.90677E+012 
33400 7.85911E+012 
33450 7.81172E+012 
33500 7.76461E+012 
33550 7.71776E+012 
33600 7.67118E+012 
33650 7.62487E+012 
33700 7.57883E+012 
33750 7.53305E+012 
33800 7.48753E+012 
33850 7.44227E+012 
33900 7.39728E+012 
33950 7.35254E+012 
34000 7.30806E+012 
34050 7.26384E+012 
34100 7.21987E+012 
34150 7.17615E+012 
34200 7.13269E+012 
34250 7.08947E+012 
34300 7.04651E+012 
34350 7.00379E+012 
34400 6.96132E+012 
34450 6.9191E+012 
34500 6.87712E+012 
34550 6.83538E+012 
34600 6.79388E+012 
34650 6.75263E+012 
34700 6.71161E+012 
34750 6.67083E+012 
34800 6.63029E+012 
34850 6.58998E+012 
34900 6.5499E+012 
34950 6.51006E+012 
35000 6.47045E+012 
35050 6.43107E+012 
35100 6.39192E+012 
35150 6.35299E+012 
35200 6.3143E+012 
35250 6.27582E+012 
35300 6.23758E+012 
35350 6.19955E+012 
35400 6.16175E+012 
35450 6.12416E+012 
35500 6.0868E+012 
35550 6.04965E+012 
35600 6.01272E+012 
35650 5.97601E+012 
35700 5.93951E+012 
35750 5.90322E+012 
35800 5.86715E+012 
35850 5.83128E+012 
35900 5.79563E+012 
35950 5.76019E+012 
36000 5.72495E+012 
36050 5.68992E+012 
36100 5.65509E+012 
36150 5.62047E+012 
36200 5.58605E+012 
36250 5.55184E+012 
36300 5.51782E+012 
36350 5.484E+012 
36400 5.45039E+012 
36450 5.41697E+012 
36500 5.38375E+012 
36550 5.35072E+012 
36600 5.31789E+012 
36650 5.28525E+012 
36700 5.2528E+012 
36750 5.22054E+012 
36800 5.18848E+012 
36850 5.1566E+012 
36900 5.12491E+012 
36950 5.09341E+012 
37000 5.06209E+012 
37050 5.03096E+012 
37100 5.00001E+012 
37150 4.96925E+012 
37200 4.93867E+012 
37250 4.90826E+012 
37300 4.87804E+012 
37350 4.848E+012 
37400 4.81813E+012 
37450 4.78844E+012 
37500 4.75893E+012 
37550 4.7296E+012 
37600 4.70043E+012 
37650 4.67144E+012 
37700 4.64262E+012 
37750 4.61398E+012 
37800 4.5855E+012 
37850 4.55719E+012 
37900 4.52905E+012 
37950 4.50108E+012 
38000 4.47327E+012 
38050 4.44563E+012 
38100 4.41816E+012 
38150 4.39084E+012 
38200 4.36369E+012 
38250 4.3367E+012 
38300 4.30988E+012 
38350 4.28321E+012 
38400 4.2567E+012 
38450 4.23035E+012 
38500 4.20416E+012 
38550 4.17812E+012 
38600 4.15224E+012 
38650 4.12651E+012 
38700 4.10094E+012 
38750 4.07552E+012 
38800 4.05025E+012 
38850 4.02513E+012 
38900 4.00017E+012 
38950 3.97535E+012 
39000 3.95068E+012 
39050 3.92616E+012 
39100 3.90179E+012 
39150 3.87756E+012 
39200 3.85348E+012 
39250 3.82954E+012 
39300 3.80574E+012 
39350 3.78209E+012 
39400 3.75858E+012 
39450 3.73521E+012 
39500 3.71199E+012 
39550 3.6889E+012 
39600 3.66595E+012 
39650 3.64314E+012 
39700 3.62046E+012 
39750 3.59792E+012 
39800 3.57552E+012 
39850 3.55325E+012 
39900 3.53112E+012 
39950 3.50912E+012 
40000 3.48725E+012 
40050 3.46552E+012 
40100 3.44391E+012 
40150 3.42244E+012 
40200 3.40109E+012 
40250 3.37988E+012 
40300 3.35879E+012 
40350 3.33783E+012 
40400 3.317E+012 
40450 3.29629E+012 
40500 3.27571E+012 
40550 3.25525E+012 
40600 3.23491E+012 
40650 3.2147E+012 
40700 3.19461E+012 
40750 3.17464E+012 
40800 3.1548E+012 
40850 3.13507E+012 
40900 3.11546E+012 
40950 3.09597E+012 
41000 3.07661E+012 
41050 3.05735E+012 
41100 3.03822E+012 
41150 3.0192E+012 
41200 3.00029E+012 
41250 2.9815E+012 
41300 2.96283E+012 
41350 2.94427E+012 
41400 2.92582E+012 
41450 2.90748E+012 
41500 2.88926E+012 
41550 2.87114E+012 
41600 2.85314E+012 
41650 2.83524E+012 
41700 2.81746E+012 
41750 2.79978E+012 
41800 2.78221E+012 
41850 2.76474E+012 
41900 2.74739E+012 
41950 2.73014E+012 
42000 2.71299E+012 
42050 2.69595E+012 
42100 2.67901E+012 
42150 2.66218E+012 
42200 2.64545E+012 
42250 2.62882E+012 
42300 2.61229E+012 
42350 2.59587E+012 
42400 2.57954E+012 
42450 2.56332E+012 
42500 2.54719E+012 
42550 2.53116E+012 
42600 2.51523E+012 
42650 2.4994E+012 
42700 2.48366E+012 
42750 2.46802E+012 
42800 2.45248E+012 
42850 2.43703E+012 
42900 2.42167E+012 
42950 2.40641E+012 
43000 2.39125E+012 
43050 2.37617E+012 
43100 2.36119E+012 
43150 2.3463E+012 
43200 2.33151E+012 
43250 2.3168E+012 
43300 2.30218E+012 
43350 2.28765E+012 
43400 2.27322E+012 
43450 2.25887E+012 
43500 2.24461E+012 
43550 2.23043E+012 
43600 2.21635E+012 
43650 2.20235E+012 
43700 2.18843E+012 
43750 2.1746E+012 
43800 2.16086E+012 
43850 2.1472E+012 
43900 2.13363E+012 
43950 2.12014E+012 
44000 2.10673E+012 
44050 2.09341E+012 
44100 2.08016E+012 
44150 2.067E+012 
44200 2.05392E+012 
44250 2.04092E+012 
44300 2.028E+012 
44350 2.01516E+012 
44400 2.0024E+012 
44450 1.98972E+012 
44500 1.97712E+012 
44550 1.96459E+012 
44600 1.95215E+012 
44650 1.93977E+012 
44700 1.92748E+012 
44750 1.91526E+012 
44800 1.90312E+012 
44850 1.89105E+012 
44900 1.87906E+012 
44950 1.86714E+012 
45000 1.85529E+012 
45050 1.84352E+012 
45100 1.83182E+012 
45150 1.82019E+012 
45200 1.80864E+012 
45250 1.79716E+012 
45300 1.78574E+012 
45350 1.7744E+012 
45400 1.76313E+012 
45450 1.75193E+012 
45500 1.7408E+012 
45550 1.72973E+012 
45600 1.71874E+012 
45650 1.70781E+012 
45700 1.69696E+012 
45750 1.68617E+012 
45800 1.67544E+012 
45850 1.66479E+012 
45900 1.65419E+012 
45950 1.64367E+012 
46000 1.63321E+012 
46050 1.62282E+012 
46100 1.61248E+012 
46150 1.60222E+012 
46200 1.59202E+012 
46250 1.58188E+012 
46300 1.5718E+012 
46350 1.56179E+012 
46400 1.55184E+012 
46450 1.54195E+012 
46500 1.53213E+012 
46550 1.52236E+012 
46600 1.51266E+012 
46650 1.50301E+012 
46700 1.49343E+012 
46750 1.4839E+012 
46800 1.47444E+012 
46850 1.46503E+012 
46900 1.45568E+012 
46950 1.4464E+012 
47000 1.43717E+012 
47050 1.42799E+012 
47100 1.41888E+012 
47150 1.40982E+012 
47200 1.40081E+012 
47250 1.39187E+012 
47300 1.38298E+012 
47350 1.37414E+012 
47400 1.36536E+012 
47450 1.35664E+012 
47500 1.34797E+012 
47550 1.33935E+012 
47600 1.33079E+012 
47650 1.32228E+012 
47700 1.31383E+012 
47750 1.30542E+012 
47800 1.29707E+012 
47850 1.28878E+012 
47900 1.28053E+012 
47950 1.27234E+012 
48000 1.26419E+012 
48050 1.2561E+012 
48100 1.24806E+012 
48150 1.24007E+012 
48200 1.23213E+012 
48250 1.22424E+012 
48300 1.2164E+012 
48350 1.20861E+012 
48400 1.20087E+012 
48450 1.19317E+012 
48500 1.18553E+012 
48550 1.17793E+012 
48600 1.17038E+012 
48650 1.16287E+012 
48700 1.15542E+012 
48750 1.14801E+012 
48800 1.14065E+012 
48850 1.13333E+012 
48900 1.12606E+012 
48950 1.11884E+012 
49000 1.11166E+012 
49050 1.10452E+012 
49100 1.09743E+012 
49150 1.09039E+012 
49200 1.08339E+012 
49250 1.07643E+012 
49300 1.06952E+012 
49350 1.06265E+012 
49400 1.05583E+012 
49450 1.04904E+012 
49500 1.0423E+012 
49550 1.03561E+012 
49600 1.02895E+012 
49650 1.02234E+012 
49700 1.01577E+012 
49750 1.00924E+012 
49800 1.00275E+012 
49850 9.96301E+011 
49900 9.89894E+011 
49950 9.83527E+011 
50000 9.77201E+011 
50050 9.70914E+011 
50100 9.64667E+011 
50150 9.5846E+011 
50200 9.52291E+011 
50250 9.46162E+011 
50300 9.40071E+011 
50350 9.34019E+011 
50400 9.28005E+011 
50450 9.22029E+011 
50500 9.16091E+011 
50550 9.1019E+011 
50600 9.04327E+011 
50650 8.985E+011 
50700 8.92711E+011 
50750 8.86958E+011 
50800 8.81242E+011 
50850 8.75562E+011 
50900 8.69917E+011 
50950 8.64309E+011 
51000 8.58736E+011 
51050 8.53198E+011 
51100 8.47695E+011 
51150 8.42228E+011 
51200 8.36794E+011 
51250 8.31396E+011 
51300 8.26031E+011 
51350 8.207E+011 
51400 8.15404E+011 
51450 8.1014E+011 
51500 8.04911E+011 
51550 7.99714E+011 
51600 7.9455E+011 
51650 7.8942E+011 
51700 7.84321E+011 
51750 7.79255E+011 
51800 7.74221E+011 
51850 7.69219E+011 
51900 7.64249E+011 
51950 7.59311E+011 
52000 7.54404E+011 
52050 7.49527E+011 
52100 7.44682E+011 
52150 7.39868E+011 
52200 7.35084E+011 
52250 7.30331E+011 
52300 7.25608E+011 
52350 7.20915E+011 
52400 7.16252E+011 
52450 7.11618E+011 
52500 7.07014E+011 
52550 7.0244E+011 
52600 6.97894E+011 
52650 6.93377E+011 
52700 6.88889E+011 
52750 6.8443E+011 
52800 6.79999E+011 
52850 6.75596E+011 
52900 6.71221E+011 
52950 6.66874E+011 
53000 6.62555E+011 
53050 6.58263E+011 
53100 6.53999E+011 
53150 6.49762E+011 
53200 6.45552E+011 
53250 6.41368E+011 
53300 6.37212E+011 
53350 6.33081E+011 
53400 6.28978E+011 
53450 6.249E+011 
53500 6.20848E+011 
53550 6.16822E+011 
53600 6.12822E+011 
53650 6.08848E+011 
53700 6.04899E+011 
53750 6.00975E+011 
53800 5.97076E+011 
53850 5.93202E+011 
53900 5.89352E+011 
53950 5.85528E+011 
54000 5.81727E+011 
54050 5.77951E+011 
54100 5.74199E+011 
54150 5.70472E+011 
54200 5.66768E+011 
54250 5.63087E+011 
54300 5.5943E+011 
54350 5.55797E+011 
54400 5.52187E+011 
54450 5.48599E+011 
54500 5.45035E+011 
54550 5.41494E+011 
54600 5.37975E+011 
54650 5.34479E+011 
54700 5.31005E+011 
54750 5.27553E+011 
54800 5.24124E+011 
54850 5.20716E+011 
54900 5.17331E+011 
54950 5.13967E+011 
55000 5.10624E+011 
55050 5.07303E+011 
55100 5.04003E+011 
55150 5.00725E+011 
55200 4.97467E+011 
55250 4.9423E+011 
55300 4.91014E+011 
55350 4.87819E+011 
55400 4.84644E+011 
55450 4.81489E+011 
55500 4.78355E+011 
55550 4.75241E+011 
55600 4.72147E+011 
55650 4.69072E+011 
55700 4.66018E+011 
55750 4.62983E+011 
55800 4.59967E+011 
55850 4.56971E+011 
55900 4.53994E+011 
55950 4.51036E+011 
56000 4.48097E+011 
56050 4.45177E+011 
56100 4.42276E+011 
56150 4.39393E+011 
56200 4.36529E+011 
56250 4.33684E+011 
56300 4.30856E+011 
56350 4.28047E+011 
56400 4.25256E+011 
56450 4.22483E+011 
56500 4.19727E+011 
56550 4.1699E+011 
56600 4.1427E+011 
56650 4.11567E+011 
56700 4.08882E+011 
56750 4.06214E+011 
56800 4.03564E+011 
56850 4.0093E+011 
56900 3.98313E+011 
56950 3.95713E+011 
57000 3.9313E+011 
57050 3.90564E+011 
57100 3.88014E+011 
57150 3.8548E+011 
57200 3.82963E+011 
57250 3.80462E+011 
57300 3.77977E+011 
57350 3.75508E+011 
57400 3.73055E+011 
57450 3.70618E+011 
57500 3.68197E+011 
57550 3.65791E+011 
57600 3.634E+011 
57650 3.61026E+011 
57700 3.58666E+011 
57750 3.56322E+011 
57800 3.53992E+011 
57850 3.51678E+011 
57900 3.49379E+011 
57950 3.47094E+011 
58000 3.44825E+011 
58050 3.4257E+011 
58100 3.40329E+011 
58150 3.38103E+011 
58200 3.35891E+011 
58250 3.33694E+011 
58300 3.31511E+011 
58350 3.29342E+011 
58400 3.27186E+011 
58450 3.25045E+011 
58500 3.22918E+011 
58550 3.20804E+011 
58600 3.18704E+011 
58650 3.16618E+011 
58700 3.14545E+011 
58750 3.12486E+011 
58800 3.10439E+011 
58850 3.08406E+011 
58900 3.06387E+011 
58950 3.0438E+011 
59000 3.02386E+011 
59050 3.00405E+011 
59100 2.98437E+011 
59150 2.96482E+011 
59200 2.94539E+011 
59250 2.92609E+011 
59300 2.90691E+011 
59350 2.88786E+011 
59400 2.86893E+011 
59450 2.85013E+011 
59500 2.83144E+011 
59550 2.81288E+011 
59600 2.79444E+011 
59650 2.77611E+011 
59700 2.75791E+011 
59750 2.73982E+011 
59800 2.72185E+011 
59850 2.704E+011 
59900 2.68626E+011 
59950 2.66864E+011 
60000 2.65113E+011 
60050 2.63373E+011 
60100 2.61645E+011 
60150 2.59928E+011 
60200 2.58222E+011 
60250 2.56527E+011 
60300 2.54844E+011 
60350 2.5317E+011 
60400 2.51509E+011 
60450 2.49857E+011 
60500 2.48217E+011 
60550 2.46587E+011 
60600 2.44967E+011 
60650 2.43358E+011 
60700 2.4176E+011 
60750 2.40172E+011 
60800 2.38594E+011 
60850 2.37027E+011 
60900 2.3547E+011 
60950 2.33922E+011 
61000 2.32385E+011 
61050 2.30858E+011 
61100 2.29341E+011 
61150 2.27834E+011 
61200 2.26336E+011 
61250 2.24848E+011 
61300 2.2337E+011 
61350 2.21901E+011 
61400 2.20442E+011 
61450 2.18993E+011 
61500 2.17553E+011 
61550 2.16122E+011 
61600 2.14701E+011 
61650 2.13288E+011 
61700 2.11885E+011 
61750 2.10491E+011 
61800 2.09107E+011 
61850 2.07731E+011 
61900 2.06364E+011 
61950 2.05006E+011 
62000 2.03657E+011 
62050 2.02316E+011 
62100 2.00985E+011 
62150 1.99662E+011 
62200 1.98348E+011 
62250 1.97042E+011 
62300 1.95744E+011 
62350 1.94456E+011 
62400 1.93175E+011 
62450 1.91903E+011 
62500 1.90639E+011 
62550 1.89384E+011 
62600 1.88136E+011 
62650 1.86897E+011 
62700 1.85666E+011 
62750 1.84443E+011 
62800 1.83227E+011 
62850 1.8202E+011 
62900 1.80821E+011 
62950 1.79629E+011 
63000 1.78445E+011 
63050 1.77269E+011 
63100 1.76101E+011 
63150 1.7494E+011 
63200 1.73787E+011 
63250 1.72641E+011 
63300 1.71503E+011 
63350 1.70372E+011 
63400 1.69248E+011 
63450 1.68132E+011 
63500 1.67023E+011 
63550 1.65922E+011 
63600 1.64827E+011 
63650 1.6374E+011 
63700 1.6266E+011 
63750 1.61587E+011 
63800 1.60521E+011 
63850 1.59462E+011 
63900 1.58409E+011 
63950 1.57364E+011 
64000 1.56325E+011 
64050 1.55294E+011 
64100 1.54269E+011 
64150 1.5325E+011 
64200 1.52239E+011 
64250 1.51234E+011 
64300 1.50235E+011 
64350 1.49243E+011 
64400 1.48258E+011 
64450 1.47279E+011 
64500 1.46306E+011 
64550 1.4534E+011 
64600 1.4438E+011 
64650 1.43426E+011 
64700 1.42479E+011 
64750 1.41538E+011 
64800 1.40603E+011 
64850 1.39674E+011 
64900 1.38751E+011 
64950 1.37834E+011 
65000 1.36923E+011 
65050 1.36018E+011 
65100 1.35119E+011 
65150 1.34226E+011 
65200 1.33339E+011 
65250 1.32457E+011 
65300 1.31582E+011 
65350 1.30712E+011 
65400 1.29848E+011 
65450 1.28989E+011 
65500 1.28136E+011 
65550 1.27289E+011 
65600 1.26447E+011 
65650 1.2561E+011 
65700 1.2478E+011 
65750 1.23954E+011 
65800 1.23134E+011 
65850 1.2232E+011 
65900 1.2151E+011 
65950 1.20706E+011 
66000 1.19908E+011 
66050 1.19114E+011 
66100 1.18326E+011 
66150 1.17543E+011 
66200 1.16765E+011 
66250 1.15992E+011 
66300 1.15224E+011 
66350 1.14462E+011 
66400 1.13704E+011 
66450 1.12951E+011 
66500 1.12203E+011 
66550 1.1146E+011 
66600 1.10722E+011 
66650 1.09989E+011 
66700 1.0926E+011 
66750 1.08537E+011 
66800 1.07818E+011 
66850 1.07104E+011 
66900 1.06394E+011 
66950 1.0569E+011 
67000 1.04989E+011 
67050 1.04294E+011 
67100 1.03603E+011 
67150 1.02916E+011 
67200 1.02234E+011 
67250 1.01557E+011 
67300 1.00884E+011 
67350 1.00215E+011 
67400 9.95508E+010 
67450 9.88909E+010 
67500 9.82354E+010 
67550 9.75841E+010 
67600 9.69372E+010 
67650 9.62944E+010 
67700 9.5656E+010 
67750 9.50217E+010 
67800 9.43915E+010 
67850 9.37656E+010 
67900 9.31437E+010 
67950 9.25259E+010 
68000 9.19122E+010 
68050 9.13025E+010 
68100 9.06968E+010 
68150 9.00951E+010 
68200 8.94974E+010 
68250 8.89036E+010 
68300 8.83137E+010 
68350 8.77277E+010 
68400 8.71455E+010 
68450 8.65672E+010 
68500 8.59927E+010 
68550 8.54219E+010 
68600 8.48549E+010 
68650 8.42917E+010 
68700 8.37321E+010 
68750 8.31763E+010 
68800 8.2624E+010 
68850 8.20755E+010 
68900 8.15305E+010 
68950 8.09891E+010 
69000 8.04513E+010 
69050 7.9917E+010 
69100 7.93863E+010 
69150 7.8859E+010 
69200 7.83352E+010 
69250 7.78149E+010 
69300 7.7298E+010 
69350 7.67845E+010 
69400 7.62744E+010 
69450 7.57676E+010 
69500 7.52642E+010 
69550 7.47641E+010 
69600 7.42673E+010 
69650 7.37738E+010 
69700 7.32835E+010 
69750 7.27964E+010 
69800 7.23126E+010 
69850 7.18319E+010 
69900 7.13544E+010 
69950 7.08801E+010 
70000 7.04089E+010 
70050 6.99408E+010 
70100 6.94758E+010 
70150 6.90138E+010 
70200 6.85549E+010 
70250 6.80991E+010 
70300 6.76462E+010 
70350 6.71963E+010 
70400 6.67494E+010 
70450 6.63055E+010 
70500 6.58644E+010 
70550 6.54263E+010 
70600 6.49911E+010 
70650 6.45587E+010 
70700 6.41292E+010 
70750 6.37025E+010 
70800 6.32787E+010 
70850 6.28576E+010 
70900 6.24394E+010 
70950 6.20238E+010 
71000 6.16111E+010 
71050 6.1201E+010 
71100 6.07937E+010 
71150 6.0389E+010 
71200 5.99871E+010 
71250 5.95877E+010 
71300 5.91911E+010 
71350 5.8797E+010 
71400 5.84055E+010 
71450 5.80167E+010 
71500 5.76304E+010 
71550 5.72466E+010 
71600 5.68654E+010 
71650 5.64867E+010 
71700 5.61105E+010 
71750 5.57368E+010 
71800 5.53655E+010 
71850 5.49968E+010 
71900 5.46304E+010 
71950 5.42665E+010 
72000 5.3905E+010 
72050 5.35458E+010 
72100 5.31891E+010 
72150 5.28347E+010 
72200 5.24826E+010 
72250 5.21329E+010 
72300 5.17855E+010 
72350 5.14404E+010 
72400 5.10976E+010 
72450 5.0757E+010 
72500 5.04187E+010 
72550 5.00826E+010 
72600 4.97488E+010 
72650 4.94171E+010 
72700 4.90877E+010 
72750 4.87604E+010 
72800 4.84353E+010 
72850 4.81124E+010 
72900 4.77916E+010 
72950 4.74729E+010 
73000 4.71563E+010 
73050 4.68418E+010 
73100 4.65294E+010 
73150 4.62191E+010 
73200 4.59108E+010 
73250 4.56046E+010 
73300 4.53004E+010 
73350 4.49982E+010 
73400 4.4698E+010 
73450 4.43998E+010 
73500 4.41035E+010 
73550 4.38093E+010 
73600 4.3517E+010 
73650 4.32266E+010 
73700 4.29381E+010 
73750 4.26516E+010 
73800 4.23669E+010 
73850 4.20842E+010 
73900 4.18033E+010 
73950 4.15243E+010 
74000 4.12471E+010 
74050 4.09717E+010 
74100 4.06982E+010 
74150 4.04265E+010 
74200 4.01566E+010 
74250 3.98885E+010 
74300 3.96222E+010 
74350 3.93576E+010 
74400 3.90948E+010 
74450 3.88337E+010 
74500 3.85744E+010 
74550 3.83168E+010 
74600 3.80609E+010 
74650 3.78067E+010 
74700 3.75541E+010 
74750 3.73033E+010 
74800 3.70541E+010 
74850 3.68066E+010 
74900 3.65607E+010 
74950 3.63164E+010 
75000 3.60738E+010 
75050 3.58327E+010 
75100 3.55933E+010 
75150 3.53555E+010 
75200 3.51192E+010 
75250 3.48845E+010 
75300 3.46514E+010 
75350 3.44198E+010 
75400 3.41897E+010 
75450 3.39612E+010 
75500 3.37342E+010 
75550 3.35087E+010 
75600 3.32847E+010 
75650 3.30622E+010 
75700 3.28412E+010 
75750 3.26216E+010 
75800 3.24035E+010 
75850 3.21868E+010 
75900 3.19716E+010 
75950 3.17578E+010 
76000 3.15454E+010 
76050 3.13344E+010 
76100 3.11249E+010 
76150 3.09167E+010 
76200 3.07099E+010 
76250 3.05045E+010 
76300 3.03005E+010 
76350 3.00978E+010 
76400 2.98965E+010 
76450 2.96964E+010 
76500 2.94978E+010 
76550 2.93004E+010 
76600 2.91044E+010 
76650 2.89096E+010 
76700 2.87162E+010 
76750 2.8524E+010 
76800 2.83331E+010 
76850 2.81435E+010 
76900 2.79552E+010 
76950 2.77681E+010 
77000 2.75822E+010 
77050 2.73976E+010 
77100 2.72142E+010 
77150 2.7032E+010 
77200 2.68511E+010 
77250 2.66713E+010 
77300 2.64928E+010 
77350 2.63154E+010 
77400 2.61392E+010 
77450 2.59642E+010 
77500 2.57903E+010 
77550 2.56176E+010 
77600 2.54461E+010 
77650 2.52757E+010 
77700 2.51064E+010 
77750 2.49382E+010 
77800 2.47712E+010 
77850 2.46053E+010 
77900 2.44405E+010 
77950 2.42768E+010 
78000 2.41141E+010 
78050 2.39526E+010 
78100 2.37921E+010 
78150 2.36327E+010 
78200 2.34744E+010 
78250 2.33171E+010 
78300 2.31609E+010 
78350 2.30057E+010 
78400 2.28515E+010 
78450 2.26984E+010 
78500 2.25463E+010 
78550 2.23952E+010 
78600 2.22451E+010 
78650 2.2096E+010 
78700 2.19479E+010 
78750 2.18008E+010 
78800 2.16546E+010 
78850 2.15095E+010 
78900 2.13653E+010 
78950 2.1222E+010 
79000 2.10798E+010 
79050 2.09384E+010 
79100 2.07981E+010 
79150 2.06586E+010 
79200 2.05201E+010 
79250 2.03825E+010 
79300 2.02458E+010 
79350 2.011E+010 
79400 1.99752E+010 
79450 1.98412E+010 
79500 1.97081E+010 
79550 1.95759E+010 
79600 1.94446E+010 
79650 1.93142E+010 
79700 1.91846E+010 
79750 1.90559E+010 
79800 1.89281E+010 
79850 1.88011E+010 
79900 1.8675E+010 
79950 1.85497E+010 
80000 1.84252E+010 
80050 1.83016E+010 
80100 1.81788E+010 
80150 1.80568E+010 
80200 1.79356E+010 
80250 1.78153E+010 
80300 1.76957E+010 
80350 1.75769E+010 
80400 1.7459E+010 
80450 1.73418E+010 
80500 1.72254E+010 
80550 1.71098E+010 
80600 1.69949E+010 
80650 1.68808E+010 
80700 1.67675E+010 
80750 1.66549E+010 
80800 1.65431E+010 
80850 1.64321E+010 
80900 1.63217E+010 
80950 1.62121E+010 
81000 1.61033E+010 
81050 1.59951E+010 
81100 1.58877E+010 
81150 1.5781E+010 
81200 1.56751E+010 
81250 1.55698E+010 
81300 1.54652E+010 
81350 1.53613E+010 
81400 1.52582E+010 
81450 1.51557E+010 
81500 1.50539E+010 
81550 1.49528E+010 
81600 1.48523E+010 
81650 1.47525E+010 
81700 1.46534E+010 
81750 1.4555E+010 
81800 1.44572E+010 
81850 1.436E+010 
81900 1.42635E+010 
81950 1.41677E+010 
82000 1.40725E+010 
82050 1.39779E+010 
82100 1.3884E+010 
82150 1.37907E+010 
82200 1.3698E+010 
82250 1.3606E+010 
82300 1.35145E+010 
82350 1.34237E+010 
82400 1.33334E+010 
82450 1.32438E+010 
82500 1.31548E+010 
82550 1.30663E+010 
82600 1.29785E+010 
82650 1.28913E+010 
82700 1.28046E+010 
82750 1.27185E+010 
82800 1.2633E+010 
82850 1.2548E+010 
82900 1.24637E+010 
82950 1.23799E+010 
83000 1.22966E+010 
83050 1.22139E+010 
83100 1.21318E+010 
83150 1.20502E+010 
83200 1.19691E+010 
83250 1.18886E+010 
83300 1.18087E+010 
83350 1.17293E+010 
83400 1.16504E+010 
83450 1.1572E+010 
83500 1.14942E+010 
83550 1.14168E+010 
83600 1.134E+010 
83650 1.12637E+010 
83700 1.11879E+010 
83750 1.11127E+010 
83800 1.10379E+010 
83850 1.09636E+010 
83900 1.08899E+010 
83950 1.08166E+010 
84000 1.07438E+010 
84050 1.06715E+010 
84100 1.05997E+010 
84150 1.05284E+010 
84200 1.04575E+010 
84250 1.03871E+010 
84300 1.03172E+010 
84350 1.02477E+010 
84400 1.01788E+010 
84450 1.01103E+010 
84500 1.00422E+010 
84550 9.9746E+009 
84600 9.90745E+009 
84650 9.84075E+009 
84700 9.7745E+009 
84750 9.70869E+009 
84800 9.64332E+009 
84850 9.57839E+009 
84900 9.5139E+009 
84950 9.44983E+009 
85000 9.3862E+009 
85050 9.32299E+009 
85100 9.26021E+009 
85150 9.19785E+009 
85200 9.1359E+009 
85250 9.07437E+009 
85300 9.01326E+009 
85350 8.95255E+009 
85400 8.89225E+009 
85450 8.83235E+009 
85500 8.77286E+009 
85550 8.71376E+009 
85600 8.65506E+009 
85650 8.59676E+009 
85700 8.53884E+009 
85750 8.48131E+009 
85800 8.42417E+009 
85850 8.36741E+009 
85900 8.31103E+009 
85950 8.25503E+009 
86000 8.19941E+009 
86050 8.14416E+009 
86100 8.08928E+009 
86150 8.03477E+009 
86200 7.98062E+009 
86250 7.92684E+009 
86300 7.87341E+009 
86350 7.82035E+009 
86400 7.76764E+009 
86450 7.71528E+009 
86500 7.66328E+009 
86550 7.61162E+009 
86600 7.56032E+009 
86650 7.50935E+009 
86700 7.45873E+009 
86750 7.40845E+009 
86800 7.3585E+009 
86850 7.30889E+009 
86900 7.25962E+009 
86950 7.21067E+009 
87000 7.16205E+009 
87050 7.11376E+009 
87100 7.06579E+009 
87150 7.01815E+009 
87200 6.97082E+009 
87250 6.92381E+009 
87300 6.87712E+009 
87350 6.83074E+009 
87400 6.78467E+009 
87450 6.73891E+009 
87500 6.69346E+009 
87550 6.64832E+009 
87600 6.60347E+009 
87650 6.55893E+009 
87700 6.51469E+009 
87750 6.47074E+009 
87800 6.42709E+009 
87850 6.38373E+009 
87900 6.34067E+009 
87950 6.29789E+009 
88000 6.2554E+009 
88050 6.2132E+009 
88100 6.17128E+009 
88150 6.12964E+009 
88200 6.08828E+009 
88250 6.0472E+009 
88300 6.00639E+009 
88350 5.96586E+009 
88400 5.9256E+009 
88450 5.88561E+009 
88500 5.84589E+009 
88550 5.80644E+009 
88600 5.76725E+009 
88650 5.72832E+009 
88700 5.68966E+009 
88750 5.65126E+009 
88800 5.61311E+009 
88850 5.57522E+009 
88900 5.53759E+009 
88950 5.50021E+009 
89000 5.46307E+009 
89050 5.42619E+009 
89100 5.38956E+009 
89150 5.35317E+009 
89200 5.31703E+009 
89250 5.28113E+009 
89300 5.24547E+009 
89350 5.21006E+009 
89400 5.17488E+009 
89450 5.13993E+009 
89500 5.10523E+009 
89550 5.07075E+009 
89600 5.03651E+009 
89650 5.00249E+009 
89700 4.96871E+009 
89750 4.93515E+009 
89800 4.90182E+009 
89850 4.86871E+009 
89900 4.83583E+009 
89950 4.80317E+009 
90000 4.77072E+009 
90050 4.7385E+009 
90100 4.70649E+009 
90150 4.6747E+009 
90200 4.64312E+009 
90250 4.61175E+009 
90300 4.58059E+009 
90350 4.54964E+009 
90400 4.51891E+009 
90450 4.48838E+009 
90500 4.45805E+009 
90550 4.42793E+009 
90600 4.39801E+009 
90650 4.36829E+009 
90700 4.33877E+009 
90750 4.30945E+009 
90800 4.28033E+009 
90850 4.25141E+009 
90900 4.22267E+009 
90950 4.19414E+009 
91000 4.16579E+009 
91050 4.13763E+009 
91100 4.10967E+009 
91150 4.08189E+009 
91200 4.0543E+009 
91250 4.0269E+009 
91300 3.99968E+009 
91350 3.97264E+009 
91400 3.94578E+009 
91450 3.91911E+009 
91500 3.89261E+009 
91550 3.8663E+009 
91600 3.84016E+009 
91650 3.8142E+009 
91700 3.78841E+009 
91750 3.76279E+009 
91800 3.73735E+009 
91850 3.71208E+009 
91900 3.68698E+009 
91950 3.66205E+009 
92000 3.63729E+009 
92050 3.61269E+009 
92100 3.58826E+009 
92150 3.56399E+009 
92200 3.53989E+009 
92250 3.51595E+009 
92300 3.49217E+009 
92350 3.46855E+009 
92400 3.44509E+009 
92450 3.42179E+009 
92500 3.39864E+009 
92550 3.37565E+009 
92600 3.35282E+009 
92650 3.33014E+009 
92700 3.30761E+009 
92750 3.28524E+009 
92800 3.26301E+009 
92850 3.24094E+009 
92900 3.21901E+009 
92950 3.19723E+009 
93000 3.1756E+009 
93050 3.15411E+009 
93100 3.13277E+009 
93150 3.11158E+009 
93200 3.09052E+009 
93250 3.06961E+009 
93300 3.04884E+009 
93350 3.0282E+009 
93400 3.00771E+009 
93450 2.98736E+009 
93500 2.96714E+009 
93550 2.94706E+009 
93600 2.92711E+009 
93650 2.9073E+009 
93700 2.88763E+009 
93750 2.86808E+009 
93800 2.84867E+009 
93850 2.82939E+009 
93900 2.81023E+009 
93950 2.79121E+009 
94000 2.77232E+009 
94050 2.75355E+009 
94100 2.73491E+009 
94150 2.71639E+009 
94200 2.698E+009 
94250 2.67974E+009 
94300 2.66159E+009 
94350 2.64358E+009 
94400 2.62568E+009 
94450 2.6079E+009 
94500 2.59024E+009 
94550 2.5727E+009 
94600 2.55528E+009 
94650 2.53798E+009 
94700 2.52079E+009 
94750 2.50372E+009 
94800 2.48676E+009 
94850 2.46992E+009 
94900 2.4532E+009 
94950 2.43658E+009 
95000 2.42008E+009 
95050 2.40369E+009 
95100 2.38741E+009 
95150 2.37124E+009 
95200 2.35518E+009 
95250 2.33922E+009 
95300 2.32338E+009 
95350 2.30764E+009 
95400 2.29201E+009 
95450 2.27648E+009 
95500 2.26106E+009 
95550 2.24574E+009 
95600 2.23053E+009 
95650 2.21542E+009 
95700 2.20041E+009 
95750 2.1855E+009 
95800 2.17069E+009 
95850 2.15598E+009 
95900 2.14137E+009 
95950 2.12686E+009 
96000 2.11245E+009 
96050 2.09814E+009 
96100 2.08392E+009 
96150 2.0698E+009 
96200 2.05577E+009 
96250 2.04184E+009 
96300 2.028E+009 
96350 2.01426E+009 
96400 2.00061E+009 
96450 1.98705E+009 
96500 1.97358E+009 
96550 1.9602E+009 
96600 1.94692E+009 
96650 1.93372E+009 
96700 1.92061E+009 
96750 1.9076E+009 
96800 1.89466E+009 
96850 1.88182E+009 
96900 1.86906E+009 
96950 1.85639E+009 
97000 1.84381E+009 
97050 1.83131E+009 
97100 1.81889E+009 
97150 1.80656E+009 
97200 1.79431E+009 
97250 1.78215E+009 
97300 1.77006E+009 
97350 1.75806E+009 
97400 1.74614E+009 
97450 1.7343E+009 
97500 1.72254E+009 
97550 1.71086E+009 
97600 1.69926E+009 
97650 1.68774E+009 
97700 1.67629E+009 
97750 1.66492E+009 
97800 1.65363E+009 
97850 1.64242E+009 
97900 1.63128E+009 
97950 1.62021E+009 
98000 1.60922E+009 
98050 1.59831E+009 
98100 1.58747E+009 
98150 1.5767E+009 
98200 1.56601E+009 
98250 1.55538E+009 
98300 1.54483E+009 
98350 1.53435E+009 
98400 1.52394E+009 
98450 1.51361E+009 
98500 1.50334E+009 
98550 1.49314E+009 
98600 1.48301E+009 
98650 1.47295E+009 
98700 1.46296E+009 
98750 1.45303E+009 
98800 1.44317E+009 
98850 1.43338E+009 
98900 1.42365E+009 
98950 1.41399E+009 
99000 1.4044E+009 
99050 1.39487E+009 
99100 1.3854E+009 
99150 1.376E+009 
99200 1.36666E+009 
99250 1.35739E+009 
99300 1.34818E+009 
99350 1.33903E+009 
99400 1.32994E+009 
99450 1.32091E+009 
99500 1.31195E+009 
99550 1.30304E+009 
99600 1.2942E+009 
99650 1.28542E+009 
99700 1.27669E+009 
99750 1.26803E+009 
99800 1.25942E+009 
99850 1.25087E+009 
99900 1.24238E+009 
99950 1.23394E+009 
100000 1.22557E+009 
