#F U:\Beamline I20\I20-2_EDE\Wigglers\xop\83mm-small-wiggler\EDE wiggler\1p2T-300mA-0p12x1p3mrad.dat
#C I20EDE 1.2T 300mA 0.12x1.3mrad
#S 1 File written by xplot on Tue Dec 07 18:18:06 2010
#N 2
#L    Energy [eV]  Flux [ph/s/0.1%bw]
50 9.07202E+012 
100 1.4389E+013 
150 1.88276E+013 
200 2.27658E+013 
250 2.63603E+013 
300 2.96955E+013 
350 3.28234E+013 
400 3.5779E+013 
450 3.85873E+013 
500 4.12669E+013 
550 4.38323E+013 
600 4.62948E+013 
650 4.86638E+013 
700 5.0947E+013 
750 5.31508E+013 
800 5.52808E+013 
850 5.73417E+013 
900 5.93376E+013 
950 6.12722E+013 
1000 6.31487E+013 
1050 6.497E+013 
1100 6.67386E+013 
1150 6.8457E+013 
1200 7.01271E+013 
1250 7.17511E+013 
1300 7.33305E+013 
1350 7.48672E+013 
1400 7.63626E+013 
1450 7.78181E+013 
1500 7.9235E+013 
1550 8.06146E+013 
1600 8.1958E+013 
1650 8.32663E+013 
1700 8.45405E+013 
1750 8.57815E+013 
1800 8.69904E+013 
1850 8.81679E+013 
1900 8.93148E+013 
1950 9.0432E+013 
2000 9.15201E+013 
2050 9.258E+013 
2100 9.36122E+013 
2150 9.46175E+013 
2200 9.55964E+013 
2250 9.65495E+013 
2300 9.74775E+013 
2350 9.83808E+013 
2400 9.926E+013 
2450 1.00116E+014 
2500 1.00948E+014 
2550 1.01758E+014 
2600 1.02546E+014 
2650 1.03312E+014 
2700 1.04057E+014 
2750 1.04781E+014 
2800 1.05485E+014 
2850 1.06169E+014 
2900 1.06833E+014 
2950 1.07477E+014 
3000 1.08103E+014 
3050 1.08711E+014 
3100 1.093E+014 
3150 1.09871E+014 
3200 1.10425E+014 
3250 1.10962E+014 
3300 1.11481E+014 
3350 1.11984E+014 
3400 1.12471E+014 
3450 1.12942E+014 
3500 1.13397E+014 
3550 1.13837E+014 
3600 1.14262E+014 
3650 1.14672E+014 
3700 1.15067E+014 
3750 1.15447E+014 
3800 1.15814E+014 
3850 1.16167E+014 
3900 1.16506E+014 
3950 1.16832E+014 
4000 1.17145E+014 
4050 1.17444E+014 
4100 1.17731E+014 
4150 1.18006E+014 
4200 1.18268E+014 
4250 1.18518E+014 
4300 1.18756E+014 
4350 1.18983E+014 
4400 1.19198E+014 
4450 1.19402E+014 
4500 1.19595E+014 
4550 1.19777E+014 
4600 1.19948E+014 
4650 1.20109E+014 
4700 1.20259E+014 
4750 1.20399E+014 
4800 1.20529E+014 
4850 1.2065E+014 
4900 1.2076E+014 
4950 1.20862E+014 
5000 1.20953E+014 
5050 1.21036E+014 
5100 1.2111E+014 
5150 1.21174E+014 
5200 1.21231E+014 
5250 1.21278E+014 
5300 1.21317E+014 
5350 1.21348E+014 
5400 1.21371E+014 
5450 1.21385E+014 
5500 1.21392E+014 
5550 1.21391E+014 
5600 1.21383E+014 
5650 1.21367E+014 
5700 1.21343E+014 
5750 1.21313E+014 
5800 1.21275E+014 
5850 1.21231E+014 
5900 1.21179E+014 
5950 1.21121E+014 
6000 1.21057E+014 
6050 1.20986E+014 
6100 1.20908E+014 
6150 1.20824E+014 
6200 1.20734E+014 
6250 1.20638E+014 
6300 1.20536E+014 
6350 1.20429E+014 
6400 1.20315E+014 
6450 1.20196E+014 
6500 1.20071E+014 
6550 1.19941E+014 
6600 1.19806E+014 
6650 1.19666E+014 
6700 1.1952E+014 
6750 1.19369E+014 
6800 1.19214E+014 
6850 1.19053E+014 
6900 1.18888E+014 
6950 1.18718E+014 
7000 1.18544E+014 
7050 1.18365E+014 
7100 1.18181E+014 
7150 1.17994E+014 
7200 1.17802E+014 
7250 1.17606E+014 
7300 1.17406E+014 
7350 1.17202E+014 
7400 1.16993E+014 
7450 1.16782E+014 
7500 1.16566E+014 
7550 1.16347E+014 
7600 1.16124E+014 
7650 1.15897E+014 
7700 1.15667E+014 
7750 1.15434E+014 
7800 1.15197E+014 
7850 1.14957E+014 
7900 1.14714E+014 
7950 1.14468E+014 
8000 1.14218E+014 
8050 1.13966E+014 
8100 1.13711E+014 
8150 1.13453E+014 
8200 1.13192E+014 
8250 1.12928E+014 
8300 1.12662E+014 
8350 1.12393E+014 
8400 1.12121E+014 
8450 1.11847E+014 
8500 1.11571E+014 
8550 1.11292E+014 
8600 1.11011E+014 
8650 1.10727E+014 
8700 1.10441E+014 
8750 1.10153E+014 
8800 1.09864E+014 
8850 1.09571E+014 
8900 1.09277E+014 
8950 1.08981E+014 
9000 1.08683E+014 
9050 1.08383E+014 
9100 1.08082E+014 
9150 1.07778E+014 
9200 1.07473E+014 
9250 1.07166E+014 
9300 1.06858E+014 
9350 1.06548E+014 
9400 1.06236E+014 
9450 1.05923E+014 
9500 1.05608E+014 
9550 1.05292E+014 
9600 1.04975E+014 
9650 1.04656E+014 
9700 1.04336E+014 
9750 1.04015E+014 
9800 1.03692E+014 
9850 1.03369E+014 
9900 1.03044E+014 
9950 1.02718E+014 
10000 1.02391E+014 
10050 1.02063E+014 
10100 1.01734E+014 
10150 1.01404E+014 
10200 1.01073E+014 
10250 1.00742E+014 
10300 1.00409E+014 
10350 1.00076E+014 
10400 9.97417E+013 
10450 9.94069E+013 
10500 9.90712E+013 
10550 9.87349E+013 
10600 9.8398E+013 
10650 9.80604E+013 
10700 9.77223E+013 
10750 9.73836E+013 
10800 9.70443E+013 
10850 9.67045E+013 
10900 9.63643E+013 
10950 9.60236E+013 
11000 9.56825E+013 
11050 9.5341E+013 
11100 9.49991E+013 
11150 9.46569E+013 
11200 9.43144E+013 
11250 9.39716E+013 
11300 9.36285E+013 
11350 9.32852E+013 
11400 9.29417E+013 
11450 9.2598E+013 
11500 9.22541E+013 
11550 9.19101E+013 
11600 9.15659E+013 
11650 9.12217E+013 
11700 9.08774E+013 
11750 9.0533E+013 
11800 9.01886E+013 
11850 8.98442E+013 
11900 8.94998E+013 
11950 8.91554E+013 
12000 8.88111E+013 
12050 8.84668E+013 
12100 8.81227E+013 
12150 8.77786E+013 
12200 8.74347E+013 
12250 8.70909E+013 
12300 8.67473E+013 
12350 8.64039E+013 
12400 8.60607E+013 
12450 8.57177E+013 
12500 8.53749E+013 
12550 8.50324E+013 
12600 8.46901E+013 
12650 8.43482E+013 
12700 8.40065E+013 
12750 8.36652E+013 
12800 8.33242E+013 
12850 8.29835E+013 
12900 8.26432E+013 
12950 8.23033E+013 
13000 8.19637E+013 
13050 8.16246E+013 
13100 8.12859E+013 
13150 8.09476E+013 
13200 8.06098E+013 
13250 8.02724E+013 
13300 7.99355E+013 
13350 7.95991E+013 
13400 7.92632E+013 
13450 7.89278E+013 
13500 7.85929E+013 
13550 7.82585E+013 
13600 7.79247E+013 
13650 7.75915E+013 
13700 7.72588E+013 
13750 7.69267E+013 
13800 7.65952E+013 
13850 7.62643E+013 
13900 7.5934E+013 
13950 7.56044E+013 
14000 7.52753E+013 
14050 7.49469E+013 
14100 7.46192E+013 
14150 7.42921E+013 
14200 7.39657E+013 
14250 7.36399E+013 
14300 7.33148E+013 
14350 7.29905E+013 
14400 7.26668E+013 
14450 7.23439E+013 
14500 7.20217E+013 
14550 7.17002E+013 
14600 7.13794E+013 
14650 7.10594E+013 
14700 7.07401E+013 
14750 7.04216E+013 
14800 7.01038E+013 
14850 6.97869E+013 
14900 6.94707E+013 
14950 6.91553E+013 
15000 6.88407E+013 
15050 6.85268E+013 
15100 6.82138E+013 
15150 6.79016E+013 
15200 6.75902E+013 
15250 6.72797E+013 
15300 6.69699E+013 
15350 6.66611E+013 
15400 6.6353E+013 
15450 6.60458E+013 
15500 6.57394E+013 
15550 6.54339E+013 
15600 6.51292E+013 
15650 6.48255E+013 
15700 6.45225E+013 
15750 6.42205E+013 
15800 6.39193E+013 
15850 6.3619E+013 
15900 6.33196E+013 
15950 6.30211E+013 
16000 6.27235E+013 
16050 6.24268E+013 
16100 6.2131E+013 
16150 6.1836E+013 
16200 6.1542E+013 
16250 6.12489E+013 
16300 6.09568E+013 
16350 6.06655E+013 
16400 6.03751E+013 
16450 6.00857E+013 
16500 5.97972E+013 
16550 5.95097E+013 
16600 5.9223E+013 
16650 5.89373E+013 
16700 5.86526E+013 
16750 5.83687E+013 
16800 5.80859E+013 
16850 5.78039E+013 
16900 5.75229E+013 
16950 5.72429E+013 
17000 5.69638E+013 
17050 5.66856E+013 
17100 5.64084E+013 
17150 5.61322E+013 
17200 5.58569E+013 
17250 5.55826E+013 
17300 5.53092E+013 
17350 5.50368E+013 
17400 5.47654E+013 
17450 5.44949E+013 
17500 5.42254E+013 
17550 5.39568E+013 
17600 5.36892E+013 
17650 5.34226E+013 
17700 5.31569E+013 
17750 5.28922E+013 
17800 5.26285E+013 
17850 5.23658E+013 
17900 5.2104E+013 
17950 5.18432E+013 
18000 5.15833E+013 
18050 5.13245E+013 
18100 5.10666E+013 
18150 5.08096E+013 
18200 5.05537E+013 
18250 5.02987E+013 
18300 5.00447E+013 
18350 4.97916E+013 
18400 4.95396E+013 
18450 4.92885E+013 
18500 4.90383E+013 
18550 4.87892E+013 
18600 4.8541E+013 
18650 4.82938E+013 
18700 4.80475E+013 
18750 4.78022E+013 
18800 4.75579E+013 
18850 4.73146E+013 
18900 4.70722E+013 
18950 4.68308E+013 
19000 4.65903E+013 
19050 4.63509E+013 
19100 4.61124E+013 
19150 4.58748E+013 
19200 4.56382E+013 
19250 4.54026E+013 
19300 4.51679E+013 
19350 4.49342E+013 
19400 4.47015E+013 
19450 4.44697E+013 
19500 4.42389E+013 
19550 4.4009E+013 
19600 4.378E+013 
19650 4.35521E+013 
19700 4.33251E+013 
19750 4.3099E+013 
19800 4.28739E+013 
19850 4.26497E+013 
19900 4.24265E+013 
19950 4.22042E+013 
20000 4.19829E+013 
20050 4.17625E+013 
20100 4.1543E+013 
20150 4.13245E+013 
20200 4.11069E+013 
20250 4.08903E+013 
20300 4.06745E+013 
20350 4.04598E+013 
20400 4.02459E+013 
20450 4.0033E+013 
20500 3.9821E+013 
20550 3.96099E+013 
20600 3.93998E+013 
20650 3.91905E+013 
20700 3.89822E+013 
20750 3.87749E+013 
20800 3.85684E+013 
20850 3.83628E+013 
20900 3.81582E+013 
20950 3.79544E+013 
21000 3.77516E+013 
21050 3.75496E+013 
21100 3.73486E+013 
21150 3.71485E+013 
21200 3.69493E+013 
21250 3.67509E+013 
21300 3.65535E+013 
21350 3.6357E+013 
21400 3.61613E+013 
21450 3.59665E+013 
21500 3.57727E+013 
21550 3.55797E+013 
21600 3.53875E+013 
21650 3.51963E+013 
21700 3.5006E+013 
21750 3.48165E+013 
21800 3.46279E+013 
21850 3.44401E+013 
21900 3.42532E+013 
21950 3.40672E+013 
22000 3.38821E+013 
22050 3.36978E+013 
22100 3.35143E+013 
22150 3.33318E+013 
22200 3.315E+013 
22250 3.29692E+013 
22300 3.27891E+013 
22350 3.26099E+013 
22400 3.24316E+013 
22450 3.22541E+013 
22500 3.20774E+013 
22550 3.19016E+013 
22600 3.17266E+013 
22650 3.15525E+013 
22700 3.13791E+013 
22750 3.12066E+013 
22800 3.10349E+013 
22850 3.08641E+013 
22900 3.0694E+013 
22950 3.05248E+013 
23000 3.03563E+013 
23050 3.01887E+013 
23100 3.00219E+013 
23150 2.98559E+013 
23200 2.96907E+013 
23250 2.95263E+013 
23300 2.93627E+013 
23350 2.91999E+013 
23400 2.90378E+013 
23450 2.88766E+013 
23500 2.87161E+013 
23550 2.85565E+013 
23600 2.83976E+013 
23650 2.82395E+013 
23700 2.80822E+013 
23750 2.79256E+013 
23800 2.77698E+013 
23850 2.76148E+013 
23900 2.74605E+013 
23950 2.7307E+013 
24000 2.71542E+013 
24050 2.70023E+013 
24100 2.6851E+013 
24150 2.67005E+013 
24200 2.65508E+013 
24250 2.64018E+013 
24300 2.62536E+013 
24350 2.61061E+013 
24400 2.59593E+013 
24450 2.58133E+013 
24500 2.56679E+013 
24550 2.55234E+013 
24600 2.53795E+013 
24650 2.52364E+013 
24700 2.5094E+013 
24750 2.49523E+013 
24800 2.48113E+013 
24850 2.4671E+013 
24900 2.45315E+013 
24950 2.43926E+013 
25000 2.42545E+013 
25050 2.41171E+013 
25100 2.39803E+013 
25150 2.38443E+013 
25200 2.37089E+013 
25250 2.35742E+013 
25300 2.34403E+013 
25350 2.3307E+013 
25400 2.31744E+013 
25450 2.30424E+013 
25500 2.29112E+013 
25550 2.27806E+013 
25600 2.26507E+013 
25650 2.25214E+013 
25700 2.23929E+013 
25750 2.2265E+013 
25800 2.21377E+013 
25850 2.20111E+013 
25900 2.18852E+013 
25950 2.17599E+013 
26000 2.16353E+013 
26050 2.15113E+013 
26100 2.13879E+013 
26150 2.12652E+013 
26200 2.11432E+013 
26250 2.10218E+013 
26300 2.0901E+013 
26350 2.07808E+013 
26400 2.06613E+013 
26450 2.05424E+013 
26500 2.04241E+013 
26550 2.03064E+013 
26600 2.01894E+013 
26650 2.00729E+013 
26700 1.99571E+013 
26750 1.98419E+013 
26800 1.97273E+013 
26850 1.96133E+013 
26900 1.94999E+013 
26950 1.93871E+013 
27000 1.92749E+013 
27050 1.91633E+013 
27100 1.90523E+013 
27150 1.89419E+013 
27200 1.88321E+013 
27250 1.87228E+013 
27300 1.86141E+013 
27350 1.8506E+013 
27400 1.83985E+013 
27450 1.82916E+013 
27500 1.81852E+013 
27550 1.80794E+013 
27600 1.79742E+013 
27650 1.78695E+013 
27700 1.77654E+013 
27750 1.76618E+013 
27800 1.75588E+013 
27850 1.74564E+013 
27900 1.73545E+013 
27950 1.72532E+013 
28000 1.71524E+013 
28050 1.70521E+013 
28100 1.69524E+013 
28150 1.68532E+013 
28200 1.67546E+013 
28250 1.66565E+013 
28300 1.65589E+013 
28350 1.64618E+013 
28400 1.63653E+013 
28450 1.62693E+013 
28500 1.61738E+013 
28550 1.60789E+013 
28600 1.59844E+013 
28650 1.58905E+013 
28700 1.57971E+013 
28750 1.57042E+013 
28800 1.56118E+013 
28850 1.55199E+013 
28900 1.54285E+013 
28950 1.53376E+013 
29000 1.52472E+013 
29050 1.51573E+013 
29100 1.50679E+013 
29150 1.4979E+013 
29200 1.48906E+013 
29250 1.48026E+013 
29300 1.47152E+013 
29350 1.46282E+013 
29400 1.45417E+013 
29450 1.44557E+013 
29500 1.43701E+013 
29550 1.4285E+013 
29600 1.42004E+013 
29650 1.41163E+013 
29700 1.40326E+013 
29750 1.39494E+013 
29800 1.38667E+013 
29850 1.37844E+013 
29900 1.37025E+013 
29950 1.36212E+013 
30000 1.35402E+013 
30050 1.34597E+013 
30100 1.33797E+013 
30150 1.33001E+013 
30200 1.3221E+013 
30250 1.31423E+013 
30300 1.3064E+013 
30350 1.29862E+013 
30400 1.29088E+013 
30450 1.28318E+013 
30500 1.27553E+013 
30550 1.26792E+013 
30600 1.26035E+013 
30650 1.25283E+013 
30700 1.24534E+013 
30750 1.2379E+013 
30800 1.2305E+013 
30850 1.22315E+013 
30900 1.21583E+013 
30950 1.20855E+013 
31000 1.20132E+013 
31050 1.19412E+013 
31100 1.18697E+013 
31150 1.17986E+013 
31200 1.17279E+013 
31250 1.16575E+013 
31300 1.15876E+013 
31350 1.15181E+013 
31400 1.14489E+013 
31450 1.13802E+013 
31500 1.13118E+013 
31550 1.12438E+013 
31600 1.11762E+013 
31650 1.1109E+013 
31700 1.10422E+013 
31750 1.09758E+013 
31800 1.09097E+013 
31850 1.0844E+013 
31900 1.07787E+013 
31950 1.07137E+013 
32000 1.06491E+013 
32050 1.05849E+013 
32100 1.05211E+013 
32150 1.04576E+013 
32200 1.03945E+013 
32250 1.03317E+013 
32300 1.02693E+013 
32350 1.02073E+013 
32400 1.01456E+013 
32450 1.00842E+013 
32500 1.00233E+013 
32550 9.96262E+012 
32600 9.90233E+012 
32650 9.84239E+012 
32700 9.78279E+012 
32750 9.72353E+012 
32800 9.66461E+012 
32850 9.60604E+012 
32900 9.54779E+012 
32950 9.48989E+012 
33000 9.43231E+012 
33050 9.37507E+012 
33100 9.31816E+012 
33150 9.26157E+012 
33200 9.20531E+012 
33250 9.14938E+012 
33300 9.09377E+012 
33350 9.03848E+012 
33400 8.98351E+012 
33450 8.92886E+012 
33500 8.87452E+012 
33550 8.8205E+012 
33600 8.76679E+012 
33650 8.71339E+012 
33700 8.6603E+012 
33750 8.60752E+012 
33800 8.55504E+012 
33850 8.50287E+012 
33900 8.45101E+012 
33950 8.39944E+012 
34000 8.34817E+012 
34050 8.29721E+012 
34100 8.24653E+012 
34150 8.19616E+012 
34200 8.14607E+012 
34250 8.09628E+012 
34300 8.04678E+012 
34350 7.99757E+012 
34400 7.94864E+012 
34450 7.9E+012 
34500 7.85165E+012 
34550 7.80357E+012 
34600 7.75578E+012 
34650 7.70827E+012 
34700 7.66103E+012 
34750 7.61407E+012 
34800 7.56739E+012 
34850 7.52098E+012 
34900 7.47484E+012 
34950 7.42897E+012 
35000 7.38337E+012 
35050 7.33804E+012 
35100 7.29297E+012 
35150 7.24817E+012 
35200 7.20363E+012 
35250 7.15936E+012 
35300 7.11534E+012 
35350 7.07159E+012 
35400 7.02809E+012 
35450 6.98484E+012 
35500 6.94186E+012 
35550 6.89912E+012 
35600 6.85664E+012 
35650 6.8144E+012 
35700 6.77242E+012 
35750 6.73069E+012 
35800 6.6892E+012 
35850 6.64795E+012 
35900 6.60695E+012 
35950 6.56619E+012 
36000 6.52568E+012 
36050 6.4854E+012 
36100 6.44536E+012 
36150 6.40556E+012 
36200 6.366E+012 
36250 6.32666E+012 
36300 6.28757E+012 
36350 6.2487E+012 
36400 6.21006E+012 
36450 6.17166E+012 
36500 6.13348E+012 
36550 6.09553E+012 
36600 6.0578E+012 
36650 6.0203E+012 
36700 5.98302E+012 
36750 5.94597E+012 
36800 5.90913E+012 
36850 5.87251E+012 
36900 5.83611E+012 
36950 5.79993E+012 
37000 5.76397E+012 
37050 5.72821E+012 
37100 5.69268E+012 
37150 5.65735E+012 
37200 5.62223E+012 
37250 5.58733E+012 
37300 5.55263E+012 
37350 5.51814E+012 
37400 5.48386E+012 
37450 5.44978E+012 
37500 5.41591E+012 
37550 5.38223E+012 
37600 5.34876E+012 
37650 5.31549E+012 
37700 5.28242E+012 
37750 5.24955E+012 
37800 5.21688E+012 
37850 5.1844E+012 
37900 5.15211E+012 
37950 5.12002E+012 
38000 5.08812E+012 
38050 5.05642E+012 
38100 5.0249E+012 
38150 4.99358E+012 
38200 4.96244E+012 
38250 4.93149E+012 
38300 4.90072E+012 
38350 4.87014E+012 
38400 4.83975E+012 
38450 4.80954E+012 
38500 4.77951E+012 
38550 4.74966E+012 
38600 4.71999E+012 
38650 4.6905E+012 
38700 4.66119E+012 
38750 4.63205E+012 
38800 4.60309E+012 
38850 4.5743E+012 
38900 4.54569E+012 
38950 4.51726E+012 
39000 4.48899E+012 
39050 4.4609E+012 
39100 4.43297E+012 
39150 4.40521E+012 
39200 4.37763E+012 
39250 4.3502E+012 
39300 4.32295E+012 
39350 4.29586E+012 
39400 4.26893E+012 
39450 4.24217E+012 
39500 4.21557E+012 
39550 4.18913E+012 
39600 4.16285E+012 
39650 4.13673E+012 
39700 4.11077E+012 
39750 4.08497E+012 
39800 4.05933E+012 
39850 4.03383E+012 
39900 4.0085E+012 
39950 3.98332E+012 
40000 3.95829E+012 
40050 3.93341E+012 
40100 3.90869E+012 
40150 3.88412E+012 
40200 3.85969E+012 
40250 3.83542E+012 
40300 3.81129E+012 
40350 3.78731E+012 
40400 3.76348E+012 
40450 3.73979E+012 
40500 3.71624E+012 
40550 3.69284E+012 
40600 3.66959E+012 
40650 3.64647E+012 
40700 3.62349E+012 
40750 3.60066E+012 
40800 3.57797E+012 
40850 3.55541E+012 
40900 3.53299E+012 
40950 3.51071E+012 
41000 3.48857E+012 
41050 3.46656E+012 
41100 3.44468E+012 
41150 3.42294E+012 
41200 3.40134E+012 
41250 3.37986E+012 
41300 3.35852E+012 
41350 3.33731E+012 
41400 3.31622E+012 
41450 3.29527E+012 
41500 3.27445E+012 
41550 3.25375E+012 
41600 3.23318E+012 
41650 3.21274E+012 
41700 3.19242E+012 
41750 3.17223E+012 
41800 3.15216E+012 
41850 3.13221E+012 
41900 3.11239E+012 
41950 3.09269E+012 
42000 3.07311E+012 
42050 3.05365E+012 
42100 3.03431E+012 
42150 3.01509E+012 
42200 2.99599E+012 
42250 2.97701E+012 
42300 2.95814E+012 
42350 2.93939E+012 
42400 2.92075E+012 
42450 2.90223E+012 
42500 2.88382E+012 
42550 2.86553E+012 
42600 2.84735E+012 
42650 2.82929E+012 
42700 2.81133E+012 
42750 2.79348E+012 
42800 2.77575E+012 
42850 2.75812E+012 
42900 2.74061E+012 
42950 2.7232E+012 
43000 2.7059E+012 
43050 2.68871E+012 
43100 2.67162E+012 
43150 2.65464E+012 
43200 2.63776E+012 
43250 2.62099E+012 
43300 2.60432E+012 
43350 2.58776E+012 
43400 2.57129E+012 
43450 2.55493E+012 
43500 2.53868E+012 
43550 2.52252E+012 
43600 2.50646E+012 
43650 2.4905E+012 
43700 2.47464E+012 
43750 2.45888E+012 
43800 2.44322E+012 
43850 2.42766E+012 
43900 2.41219E+012 
43950 2.39681E+012 
44000 2.38154E+012 
44050 2.36635E+012 
44100 2.35127E+012 
44150 2.33627E+012 
44200 2.32137E+012 
44250 2.30656E+012 
44300 2.29185E+012 
44350 2.27722E+012 
44400 2.26269E+012 
44450 2.24825E+012 
44500 2.23389E+012 
44550 2.21963E+012 
44600 2.20545E+012 
44650 2.19137E+012 
44700 2.17737E+012 
44750 2.16346E+012 
44800 2.14964E+012 
44850 2.1359E+012 
44900 2.12224E+012 
44950 2.10868E+012 
45000 2.09519E+012 
45050 2.0818E+012 
45100 2.06848E+012 
45150 2.05525E+012 
45200 2.0421E+012 
45250 2.02903E+012 
45300 2.01605E+012 
45350 2.00314E+012 
45400 1.99032E+012 
45450 1.97758E+012 
45500 1.96491E+012 
45550 1.95233E+012 
45600 1.93982E+012 
45650 1.9274E+012 
45700 1.91505E+012 
45750 1.90278E+012 
45800 1.89058E+012 
45850 1.87846E+012 
45900 1.86642E+012 
45950 1.85445E+012 
46000 1.84256E+012 
46050 1.83074E+012 
46100 1.819E+012 
46150 1.80733E+012 
46200 1.79573E+012 
46250 1.78421E+012 
46300 1.77275E+012 
46350 1.76138E+012 
46400 1.75007E+012 
46450 1.73883E+012 
46500 1.72766E+012 
46550 1.71657E+012 
46600 1.70554E+012 
46650 1.69458E+012 
46700 1.68369E+012 
46750 1.67287E+012 
46800 1.66212E+012 
46850 1.65144E+012 
46900 1.64082E+012 
46950 1.63027E+012 
47000 1.61978E+012 
47050 1.60937E+012 
47100 1.59901E+012 
47150 1.58873E+012 
47200 1.5785E+012 
47250 1.56834E+012 
47300 1.55825E+012 
47350 1.54822E+012 
47400 1.53825E+012 
47450 1.52835E+012 
47500 1.51851E+012 
47550 1.50872E+012 
47600 1.49901E+012 
47650 1.48935E+012 
47700 1.47975E+012 
47750 1.47022E+012 
47800 1.46074E+012 
47850 1.45133E+012 
47900 1.44197E+012 
47950 1.43268E+012 
48000 1.42344E+012 
48050 1.41426E+012 
48100 1.40513E+012 
48150 1.39607E+012 
48200 1.38706E+012 
48250 1.37811E+012 
48300 1.36922E+012 
48350 1.36038E+012 
48400 1.3516E+012 
48450 1.34288E+012 
48500 1.33421E+012 
48550 1.32559E+012 
48600 1.31703E+012 
48650 1.30852E+012 
48700 1.30007E+012 
48750 1.29167E+012 
48800 1.28333E+012 
48850 1.27503E+012 
48900 1.26679E+012 
48950 1.2586E+012 
49000 1.25047E+012 
49050 1.24238E+012 
49100 1.23435E+012 
49150 1.22636E+012 
49200 1.21843E+012 
49250 1.21055E+012 
49300 1.20272E+012 
49350 1.19494E+012 
49400 1.1872E+012 
49450 1.17952E+012 
49500 1.17189E+012 
49550 1.1643E+012 
49600 1.15676E+012 
49650 1.14927E+012 
49700 1.14183E+012 
49750 1.13444E+012 
49800 1.12709E+012 
49850 1.11979E+012 
49900 1.11253E+012 
49950 1.10532E+012 
50000 1.09816E+012 
50050 1.09104E+012 
50100 1.08397E+012 
50150 1.07694E+012 
50200 1.06996E+012 
50250 1.06302E+012 
50300 1.05613E+012 
50350 1.04928E+012 
50400 1.04247E+012 
50450 1.03571E+012 
50500 1.02899E+012 
50550 1.02231E+012 
50600 1.01568E+012 
50650 1.00909E+012 
50700 1.00254E+012 
50750 9.96029E+011 
50800 9.89562E+011 
50850 9.83137E+011 
50900 9.76752E+011 
50950 9.70409E+011 
51000 9.64105E+011 
51050 9.57843E+011 
51100 9.51619E+011 
51150 9.45436E+011 
51200 9.39292E+011 
51250 9.33188E+011 
51300 9.27122E+011 
51350 9.21096E+011 
51400 9.15107E+011 
51450 9.09157E+011 
51500 9.03245E+011 
51550 8.97371E+011 
51600 8.91534E+011 
51650 8.85735E+011 
51700 8.79973E+011 
51750 8.74247E+011 
51800 8.68559E+011 
51850 8.62906E+011 
51900 8.5729E+011 
51950 8.5171E+011 
52000 8.46166E+011 
52050 8.40657E+011 
52100 8.35183E+011 
52150 8.29744E+011 
52200 8.2434E+011 
52250 8.18971E+011 
52300 8.13637E+011 
52350 8.08336E+011 
52400 8.03069E+011 
52450 7.97836E+011 
52500 7.92637E+011 
52550 7.87471E+011 
52600 7.82338E+011 
52650 7.77238E+011 
52700 7.72171E+011 
52750 7.67136E+011 
52800 7.62134E+011 
52850 7.57164E+011 
52900 7.52225E+011 
52950 7.47319E+011 
53000 7.42443E+011 
53050 7.37599E+011 
53100 7.32787E+011 
53150 7.28005E+011 
53200 7.23254E+011 
53250 7.18533E+011 
53300 7.13843E+011 
53350 7.09183E+011 
53400 7.04552E+011 
53450 6.99952E+011 
53500 6.95381E+011 
53550 6.9084E+011 
53600 6.86327E+011 
53650 6.81844E+011 
53700 6.7739E+011 
53750 6.72964E+011 
53800 6.68567E+011 
53850 6.64198E+011 
53900 6.59857E+011 
53950 6.55544E+011 
54000 6.51259E+011 
54050 6.47001E+011 
54100 6.42771E+011 
54150 6.38568E+011 
54200 6.34393E+011 
54250 6.30244E+011 
54300 6.26122E+011 
54350 6.22026E+011 
54400 6.17957E+011 
54450 6.13914E+011 
54500 6.09897E+011 
54550 6.05906E+011 
54600 6.0194E+011 
54650 5.98001E+011 
54700 5.94087E+011 
54750 5.90197E+011 
54800 5.86333E+011 
54850 5.82495E+011 
54900 5.7868E+011 
54950 5.74891E+011 
55000 5.71125E+011 
55050 5.67385E+011 
55100 5.63668E+011 
55150 5.59975E+011 
55200 5.56306E+011 
55250 5.52661E+011 
55300 5.4904E+011 
55350 5.45441E+011 
55400 5.41866E+011 
55450 5.38314E+011 
55500 5.34785E+011 
55550 5.31279E+011 
55600 5.27796E+011 
55650 5.24335E+011 
55700 5.20897E+011 
55750 5.1748E+011 
55800 5.14086E+011 
55850 5.10714E+011 
55900 5.07363E+011 
55950 5.04035E+011 
56000 5.00727E+011 
56050 4.97442E+011 
56100 4.94177E+011 
56150 4.90934E+011 
56200 4.87711E+011 
56250 4.8451E+011 
56300 4.81329E+011 
56350 4.78169E+011 
56400 4.75029E+011 
56450 4.71909E+011 
56500 4.6881E+011 
56550 4.65731E+011 
56600 4.62672E+011 
56650 4.59633E+011 
56700 4.56613E+011 
56750 4.53613E+011 
56800 4.50632E+011 
56850 4.47671E+011 
56900 4.44729E+011 
56950 4.41806E+011 
57000 4.38902E+011 
57050 4.36017E+011 
57100 4.3315E+011 
57150 4.30302E+011 
57200 4.27473E+011 
57250 4.24662E+011 
57300 4.21869E+011 
57350 4.19095E+011 
57400 4.16338E+011 
57450 4.13599E+011 
57500 4.10878E+011 
57550 4.08175E+011 
57600 4.05489E+011 
57650 4.02821E+011 
57700 4.0017E+011 
57750 3.97536E+011 
57800 3.9492E+011 
57850 3.9232E+011 
57900 3.89738E+011 
57950 3.87172E+011 
58000 3.84622E+011 
58050 3.8209E+011 
58100 3.79574E+011 
58150 3.77074E+011 
58200 3.7459E+011 
58250 3.72123E+011 
58300 3.69671E+011 
58350 3.67236E+011 
58400 3.64816E+011 
58450 3.62413E+011 
58500 3.60025E+011 
58550 3.57652E+011 
58600 3.55295E+011 
58650 3.52953E+011 
58700 3.50626E+011 
58750 3.48315E+011 
58800 3.46019E+011 
58850 3.43737E+011 
58900 3.41471E+011 
58950 3.39219E+011 
59000 3.36982E+011 
59050 3.34759E+011 
59100 3.32551E+011 
59150 3.30357E+011 
59200 3.28178E+011 
59250 3.26013E+011 
59300 3.23862E+011 
59350 3.21725E+011 
59400 3.19602E+011 
59450 3.17492E+011 
59500 3.15397E+011 
59550 3.13315E+011 
59600 3.11247E+011 
59650 3.09192E+011 
59700 3.07151E+011 
59750 3.05123E+011 
59800 3.03108E+011 
59850 3.01106E+011 
59900 2.99118E+011 
59950 2.97142E+011 
60000 2.95179E+011 
60050 2.9323E+011 
60100 2.91293E+011 
60150 2.89368E+011 
60200 2.87456E+011 
60250 2.85557E+011 
60300 2.8367E+011 
60350 2.81795E+011 
60400 2.79933E+011 
60450 2.78082E+011 
60500 2.76244E+011 
60550 2.74418E+011 
60600 2.72604E+011 
60650 2.70801E+011 
60700 2.69011E+011 
60750 2.67232E+011 
60800 2.65465E+011 
60850 2.63709E+011 
60900 2.61965E+011 
60950 2.60232E+011 
61000 2.5851E+011 
61050 2.568E+011 
61100 2.55101E+011 
61150 2.53413E+011 
61200 2.51737E+011 
61250 2.50071E+011 
61300 2.48416E+011 
61350 2.46772E+011 
61400 2.45138E+011 
61450 2.43516E+011 
61500 2.41904E+011 
61550 2.40302E+011 
61600 2.38711E+011 
61650 2.3713E+011 
61700 2.3556E+011 
61750 2.34E+011 
61800 2.32451E+011 
61850 2.30911E+011 
61900 2.29382E+011 
61950 2.27862E+011 
62000 2.26353E+011 
62050 2.24853E+011 
62100 2.23363E+011 
62150 2.21883E+011 
62200 2.20413E+011 
62250 2.18952E+011 
62300 2.17501E+011 
62350 2.1606E+011 
62400 2.14628E+011 
62450 2.13205E+011 
62500 2.11791E+011 
62550 2.10387E+011 
62600 2.08992E+011 
62650 2.07607E+011 
62700 2.0623E+011 
62750 2.04862E+011 
62800 2.03504E+011 
62850 2.02154E+011 
62900 2.00813E+011 
62950 1.99481E+011 
63000 1.98158E+011 
63050 1.96843E+011 
63100 1.95537E+011 
63150 1.9424E+011 
63200 1.92951E+011 
63250 1.91671E+011 
63300 1.90399E+011 
63350 1.89135E+011 
63400 1.8788E+011 
63450 1.86633E+011 
63500 1.85394E+011 
63550 1.84163E+011 
63600 1.8294E+011 
63650 1.81725E+011 
63700 1.80519E+011 
63750 1.7932E+011 
63800 1.78129E+011 
63850 1.76946E+011 
63900 1.75771E+011 
63950 1.74604E+011 
64000 1.73444E+011 
64050 1.72292E+011 
64100 1.71147E+011 
64150 1.7001E+011 
64200 1.6888E+011 
64250 1.67758E+011 
64300 1.66643E+011 
64350 1.65536E+011 
64400 1.64436E+011 
64450 1.63343E+011 
64500 1.62257E+011 
64550 1.61179E+011 
64600 1.60107E+011 
64650 1.59043E+011 
64700 1.57986E+011 
64750 1.56935E+011 
64800 1.55891E+011 
64850 1.54855E+011 
64900 1.53825E+011 
64950 1.52802E+011 
65000 1.51786E+011 
65050 1.50776E+011 
65100 1.49773E+011 
65150 1.48777E+011 
65200 1.47787E+011 
65250 1.46804E+011 
65300 1.45827E+011 
65350 1.44857E+011 
65400 1.43893E+011 
65450 1.42935E+011 
65500 1.41984E+011 
65550 1.41039E+011 
65600 1.401E+011 
65650 1.39168E+011 
65700 1.38241E+011 
65750 1.37321E+011 
65800 1.36407E+011 
65850 1.35499E+011 
65900 1.34597E+011 
65950 1.337E+011 
66000 1.3281E+011 
66050 1.31925E+011 
66100 1.31047E+011 
66150 1.30174E+011 
66200 1.29307E+011 
66250 1.28446E+011 
66300 1.2759E+011 
66350 1.2674E+011 
66400 1.25896E+011 
66450 1.25057E+011 
66500 1.24223E+011 
66550 1.23396E+011 
66600 1.22573E+011 
66650 1.21757E+011 
66700 1.20945E+011 
66750 1.20139E+011 
66800 1.19338E+011 
66850 1.18543E+011 
66900 1.17752E+011 
66950 1.16967E+011 
67000 1.16188E+011 
67050 1.15413E+011 
67100 1.14644E+011 
67150 1.13879E+011 
67200 1.1312E+011 
67250 1.12365E+011 
67300 1.11616E+011 
67350 1.10871E+011 
67400 1.10132E+011 
67450 1.09397E+011 
67500 1.08667E+011 
67550 1.07943E+011 
67600 1.07222E+011 
67650 1.06507E+011 
67700 1.05796E+011 
67750 1.0509E+011 
67800 1.04389E+011 
67850 1.03692E+011 
67900 1.03E+011 
67950 1.02313E+011 
68000 1.0163E+011 
68050 1.00952E+011 
68100 1.00278E+011 
68150 9.96084E+010 
68200 9.89434E+010 
68250 9.82828E+010 
68300 9.76266E+010 
68350 9.69747E+010 
68400 9.63271E+010 
68450 9.56839E+010 
68500 9.50449E+010 
68550 9.44101E+010 
68600 9.37795E+010 
68650 9.31531E+010 
68700 9.25309E+010 
68750 9.19128E+010 
68800 9.12988E+010 
68850 9.06888E+010 
68900 9.00829E+010 
68950 8.9481E+010 
69000 8.88831E+010 
69050 8.82892E+010 
69100 8.76992E+010 
69150 8.71131E+010 
69200 8.65309E+010 
69250 8.59525E+010 
69300 8.5378E+010 
69350 8.48073E+010 
69400 8.42404E+010 
69450 8.36772E+010 
69500 8.31178E+010 
69550 8.25621E+010 
69600 8.20101E+010 
69650 8.14617E+010 
69700 8.0917E+010 
69750 8.03759E+010 
69800 7.98384E+010 
69850 7.93044E+010 
69900 7.8774E+010 
69950 7.82471E+010 
70000 7.77237E+010 
70050 7.72038E+010 
70100 7.66873E+010 
70150 7.61743E+010 
70200 7.56647E+010 
70250 7.51584E+010 
70300 7.46555E+010 
70350 7.4156E+010 
70400 7.36598E+010 
70450 7.31668E+010 
70500 7.26771E+010 
70550 7.21907E+010 
70600 7.17076E+010 
70650 7.12276E+010 
70700 7.07508E+010 
70750 7.02772E+010 
70800 6.98067E+010 
70850 6.93394E+010 
70900 6.88752E+010 
70950 6.8414E+010 
71000 6.79559E+010 
71050 6.75009E+010 
71100 6.70489E+010 
71150 6.65999E+010 
71200 6.61538E+010 
71250 6.57108E+010 
71300 6.52707E+010 
71350 6.48335E+010 
71400 6.43992E+010 
71450 6.39678E+010 
71500 6.35393E+010 
71550 6.31136E+010 
71600 6.26908E+010 
71650 6.22707E+010 
71700 6.18535E+010 
71750 6.1439E+010 
71800 6.10273E+010 
71850 6.06183E+010 
71900 6.02121E+010 
71950 5.98086E+010 
72000 5.94077E+010 
72050 5.90095E+010 
72100 5.8614E+010 
72150 5.82211E+010 
72200 5.78308E+010 
72250 5.74431E+010 
72300 5.7058E+010 
72350 5.66754E+010 
72400 5.62954E+010 
72450 5.59179E+010 
72500 5.5543E+010 
72550 5.51705E+010 
72600 5.48005E+010 
72650 5.4433E+010 
72700 5.40679E+010 
72750 5.37053E+010 
72800 5.33451E+010 
72850 5.29872E+010 
72900 5.26318E+010 
72950 5.22787E+010 
73000 5.1928E+010 
73050 5.15796E+010 
73100 5.12336E+010 
73150 5.08898E+010 
73200 5.05483E+010 
73250 5.02091E+010 
73300 4.98722E+010 
73350 4.95375E+010 
73400 4.92051E+010 
73450 4.88748E+010 
73500 4.85468E+010 
73550 4.8221E+010 
73600 4.78973E+010 
73650 4.75757E+010 
73700 4.72564E+010 
73750 4.69391E+010 
73800 4.6624E+010 
73850 4.6311E+010 
73900 4.6E+010 
73950 4.56912E+010 
74000 4.53844E+010 
74050 4.50796E+010 
74100 4.47769E+010 
74150 4.44761E+010 
74200 4.41774E+010 
74250 4.38807E+010 
74300 4.3586E+010 
74350 4.32932E+010 
74400 4.30024E+010 
74450 4.27136E+010 
74500 4.24266E+010 
74550 4.21416E+010 
74600 4.18585E+010 
74650 4.15772E+010 
74700 4.12979E+010 
74750 4.10204E+010 
74800 4.07448E+010 
74850 4.0471E+010 
74900 4.0199E+010 
74950 3.99288E+010 
75000 3.96605E+010 
75050 3.93939E+010 
75100 3.91291E+010 
75150 3.88661E+010 
75200 3.86049E+010 
75250 3.83454E+010 
75300 3.80876E+010 
75350 3.78315E+010 
75400 3.75772E+010 
75450 3.73246E+010 
75500 3.70736E+010 
75550 3.68243E+010 
75600 3.65767E+010 
75650 3.63307E+010 
75700 3.60864E+010 
75750 3.58437E+010 
75800 3.56027E+010 
75850 3.53632E+010 
75900 3.51254E+010 
75950 3.48891E+010 
76000 3.46544E+010 
76050 3.44213E+010 
76100 3.41898E+010 
76150 3.39598E+010 
76200 3.37313E+010 
76250 3.35044E+010 
76300 3.32789E+010 
76350 3.3055E+010 
76400 3.28326E+010 
76450 3.26117E+010 
76500 3.23922E+010 
76550 3.21742E+010 
76600 3.19577E+010 
76650 3.17426E+010 
76700 3.1529E+010 
76750 3.13168E+010 
76800 3.1106E+010 
76850 3.08966E+010 
76900 3.06886E+010 
76950 3.0482E+010 
77000 3.02768E+010 
77050 3.0073E+010 
77100 2.98705E+010 
77150 2.96694E+010 
77200 2.94697E+010 
77250 2.92712E+010 
77300 2.90741E+010 
77350 2.88784E+010 
77400 2.86839E+010 
77450 2.84907E+010 
77500 2.82988E+010 
77550 2.81082E+010 
77600 2.79189E+010 
77650 2.77309E+010 
77700 2.75441E+010 
77750 2.73586E+010 
77800 2.71743E+010 
77850 2.69912E+010 
77900 2.68094E+010 
77950 2.66287E+010 
78000 2.64493E+010 
78050 2.62711E+010 
78100 2.60941E+010 
78150 2.59183E+010 
78200 2.57437E+010 
78250 2.55702E+010 
78300 2.53979E+010 
78350 2.52267E+010 
78400 2.50567E+010 
78450 2.48878E+010 
78500 2.47201E+010 
78550 2.45534E+010 
78600 2.43879E+010 
78650 2.42235E+010 
78700 2.40603E+010 
78750 2.38981E+010 
78800 2.3737E+010 
78850 2.35769E+010 
78900 2.3418E+010 
78950 2.32601E+010 
79000 2.31033E+010 
79050 2.29475E+010 
79100 2.27927E+010 
79150 2.2639E+010 
79200 2.24864E+010 
79250 2.23347E+010 
79300 2.21841E+010 
79350 2.20345E+010 
79400 2.18859E+010 
79450 2.17383E+010 
79500 2.15916E+010 
79550 2.1446E+010 
79600 2.13013E+010 
79650 2.11576E+010 
79700 2.10149E+010 
79750 2.08731E+010 
79800 2.07323E+010 
79850 2.05924E+010 
79900 2.04535E+010 
79950 2.03155E+010 
80000 2.01784E+010 
80050 2.00422E+010 
80100 1.9907E+010 
80150 1.97727E+010 
80200 1.96392E+010 
80250 1.95067E+010 
80300 1.9375E+010 
80350 1.92443E+010 
80400 1.91144E+010 
80450 1.89854E+010 
80500 1.88572E+010 
80550 1.87299E+010 
80600 1.86035E+010 
80650 1.84779E+010 
80700 1.83531E+010 
80750 1.82292E+010 
80800 1.81062E+010 
80850 1.79839E+010 
80900 1.78625E+010 
80950 1.77419E+010 
81000 1.76221E+010 
81050 1.75031E+010 
81100 1.73849E+010 
81150 1.72675E+010 
81200 1.71509E+010 
81250 1.7035E+010 
81300 1.692E+010 
81350 1.68057E+010 
81400 1.66922E+010 
81450 1.65795E+010 
81500 1.64675E+010 
81550 1.63562E+010 
81600 1.62457E+010 
81650 1.6136E+010 
81700 1.6027E+010 
81750 1.59187E+010 
81800 1.58112E+010 
81850 1.57043E+010 
81900 1.55982E+010 
81950 1.54928E+010 
82000 1.53881E+010 
82050 1.52842E+010 
82100 1.51809E+010 
82150 1.50783E+010 
82200 1.49764E+010 
82250 1.48752E+010 
82300 1.47746E+010 
82350 1.46748E+010 
82400 1.45756E+010 
82450 1.44771E+010 
82500 1.43792E+010 
82550 1.4282E+010 
82600 1.41855E+010 
82650 1.40896E+010 
82700 1.39943E+010 
82750 1.38997E+010 
82800 1.38058E+010 
82850 1.37124E+010 
82900 1.36197E+010 
82950 1.35276E+010 
83000 1.34361E+010 
83050 1.33453E+010 
83100 1.32551E+010 
83150 1.31654E+010 
83200 1.30764E+010 
83250 1.2988E+010 
83300 1.29001E+010 
83350 1.28129E+010 
83400 1.27262E+010 
83450 1.26401E+010 
83500 1.25546E+010 
83550 1.24697E+010 
83600 1.23854E+010 
83650 1.23016E+010 
83700 1.22184E+010 
83750 1.21357E+010 
83800 1.20536E+010 
83850 1.19721E+010 
83900 1.18911E+010 
83950 1.18106E+010 
84000 1.17307E+010 
84050 1.16513E+010 
84100 1.15725E+010 
84150 1.14942E+010 
84200 1.14164E+010 
84250 1.13392E+010 
84300 1.12624E+010 
84350 1.11862E+010 
84400 1.11105E+010 
84450 1.10353E+010 
84500 1.09606E+010 
84550 1.08864E+010 
84600 1.08127E+010 
84650 1.07395E+010 
84700 1.06669E+010 
84750 1.05946E+010 
84800 1.05229E+010 
84850 1.04517E+010 
84900 1.03809E+010 
84950 1.03106E+010 
85000 1.02408E+010 
85050 1.01715E+010 
85100 1.01026E+010 
85150 1.00342E+010 
85200 9.96629E+009 
85250 9.8988E+009 
85300 9.83177E+009 
85350 9.76519E+009 
85400 9.69906E+009 
85450 9.63338E+009 
85500 9.56814E+009 
85550 9.50334E+009 
85600 9.43897E+009 
85650 9.37504E+009 
85700 9.31155E+009 
85750 9.24847E+009 
85800 9.18583E+009 
85850 9.12361E+009 
85900 9.0618E+009 
85950 9.00042E+009 
86000 8.93944E+009 
86050 8.87888E+009 
86100 8.81873E+009 
86150 8.75898E+009 
86200 8.69964E+009 
86250 8.64069E+009 
86300 8.58215E+009 
86350 8.52399E+009 
86400 8.46623E+009 
86450 8.40886E+009 
86500 8.35188E+009 
86550 8.29529E+009 
86600 8.23907E+009 
86650 8.18323E+009 
86700 8.12777E+009 
86750 8.07269E+009 
86800 8.01797E+009 
86850 7.96363E+009 
86900 7.90965E+009 
86950 7.85604E+009 
87000 7.80278E+009 
87050 7.74989E+009 
87100 7.69736E+009 
87150 7.64518E+009 
87200 7.59335E+009 
87250 7.54187E+009 
87300 7.49074E+009 
87350 7.43995E+009 
87400 7.38951E+009 
87450 7.33941E+009 
87500 7.28964E+009 
87550 7.24021E+009 
87600 7.19112E+009 
87650 7.14236E+009 
87700 7.09392E+009 
87750 7.04582E+009 
87800 6.99803E+009 
87850 6.95058E+009 
87900 6.90344E+009 
87950 6.85662E+009 
88000 6.81011E+009 
88050 6.76392E+009 
88100 6.71805E+009 
88150 6.67248E+009 
88200 6.62722E+009 
88250 6.58226E+009 
88300 6.53761E+009 
88350 6.49326E+009 
88400 6.44921E+009 
88450 6.40546E+009 
88500 6.36201E+009 
88550 6.31884E+009 
88600 6.27597E+009 
88650 6.23339E+009 
88700 6.1911E+009 
88750 6.14909E+009 
88800 6.10737E+009 
88850 6.06592E+009 
88900 6.02476E+009 
88950 5.98388E+009 
89000 5.94327E+009 
89050 5.90294E+009 
89100 5.86288E+009 
89150 5.82309E+009 
89200 5.78357E+009 
89250 5.74431E+009 
89300 5.70533E+009 
89350 5.6666E+009 
89400 5.62814E+009 
89450 5.58994E+009 
89500 5.55199E+009 
89550 5.51431E+009 
89600 5.47687E+009 
89650 5.43969E+009 
89700 5.40276E+009 
89750 5.36609E+009 
89800 5.32966E+009 
89850 5.29347E+009 
89900 5.25753E+009 
89950 5.22183E+009 
90000 5.18638E+009 
90050 5.15116E+009 
90100 5.11619E+009 
90150 5.08145E+009 
90200 5.04694E+009 
90250 5.01267E+009 
90300 4.97863E+009 
90350 4.94482E+009 
90400 4.91124E+009 
90450 4.87788E+009 
90500 4.84476E+009 
90550 4.81185E+009 
90600 4.77917E+009 
90650 4.74671E+009 
90700 4.71447E+009 
90750 4.68245E+009 
90800 4.65064E+009 
90850 4.61905E+009 
90900 4.58767E+009 
90950 4.55651E+009 
91000 4.52555E+009 
91050 4.49481E+009 
91100 4.46427E+009 
91150 4.43394E+009 
91200 4.40382E+009 
91250 4.3739E+009 
91300 4.34418E+009 
91350 4.31466E+009 
91400 4.28535E+009 
91450 4.25623E+009 
91500 4.22731E+009 
91550 4.19858E+009 
91600 4.17005E+009 
91650 4.14171E+009 
91700 4.11357E+009 
91750 4.08561E+009 
91800 4.05784E+009 
91850 4.03027E+009 
91900 4.00288E+009 
91950 3.97567E+009 
92000 3.94865E+009 
92050 3.92181E+009 
92100 3.89515E+009 
92150 3.86868E+009 
92200 3.84238E+009 
92250 3.81626E+009 
92300 3.79032E+009 
92350 3.76455E+009 
92400 3.73896E+009 
92450 3.71354E+009 
92500 3.68829E+009 
92550 3.66322E+009 
92600 3.63832E+009 
92650 3.61358E+009 
92700 3.58901E+009 
92750 3.56461E+009 
92800 3.54037E+009 
92850 3.5163E+009 
92900 3.49239E+009 
92950 3.46864E+009 
93000 3.44505E+009 
93050 3.42162E+009 
93100 3.39835E+009 
93150 3.37524E+009 
93200 3.35229E+009 
93250 3.32949E+009 
93300 3.30685E+009 
93350 3.28436E+009 
93400 3.26202E+009 
93450 3.23983E+009 
93500 3.2178E+009 
93550 3.19591E+009 
93600 3.17417E+009 
93650 3.15258E+009 
93700 3.13113E+009 
93750 3.10983E+009 
93800 3.08868E+009 
93850 3.06767E+009 
93900 3.0468E+009 
93950 3.02607E+009 
94000 3.00548E+009 
94050 2.98503E+009 
94100 2.96472E+009 
94150 2.94455E+009 
94200 2.92452E+009 
94250 2.90462E+009 
94300 2.88486E+009 
94350 2.86522E+009 
94400 2.84573E+009 
94450 2.82636E+009 
94500 2.80713E+009 
94550 2.78803E+009 
94600 2.76905E+009 
94650 2.75021E+009 
94700 2.73149E+009 
94750 2.7129E+009 
94800 2.69444E+009 
94850 2.6761E+009 
94900 2.65789E+009 
94950 2.6398E+009 
95000 2.62183E+009 
95050 2.60398E+009 
95100 2.58626E+009 
95150 2.56865E+009 
95200 2.55117E+009 
95250 2.5338E+009 
95300 2.51655E+009 
95350 2.49942E+009 
95400 2.48241E+009 
95450 2.46551E+009 
95500 2.44872E+009 
95550 2.43205E+009 
95600 2.41549E+009 
95650 2.39905E+009 
95700 2.38271E+009 
95750 2.36649E+009 
95800 2.35037E+009 
95850 2.33437E+009 
95900 2.31848E+009 
95950 2.30269E+009 
96000 2.28701E+009 
96050 2.27143E+009 
96100 2.25597E+009 
96150 2.2406E+009 
96200 2.22534E+009 
96250 2.21019E+009 
96300 2.19514E+009 
96350 2.18019E+009 
96400 2.16534E+009 
96450 2.15059E+009 
96500 2.13594E+009 
96550 2.12139E+009 
96600 2.10694E+009 
96650 2.09259E+009 
96700 2.07834E+009 
96750 2.06418E+009 
96800 2.05012E+009 
96850 2.03616E+009 
96900 2.02228E+009 
96950 2.00851E+009 
97000 1.99482E+009 
97050 1.98123E+009 
97100 1.96774E+009 
97150 1.95433E+009 
97200 1.94102E+009 
97250 1.92779E+009 
97300 1.91466E+009 
97350 1.90161E+009 
97400 1.88865E+009 
97450 1.87578E+009 
97500 1.863E+009 
97550 1.85031E+009 
97600 1.8377E+009 
97650 1.82518E+009 
97700 1.81274E+009 
97750 1.80039E+009 
97800 1.78812E+009 
97850 1.77593E+009 
97900 1.76383E+009 
97950 1.75181E+009 
98000 1.73987E+009 
98050 1.72801E+009 
98100 1.71623E+009 
98150 1.70453E+009 
98200 1.69292E+009 
98250 1.68138E+009 
98300 1.66992E+009 
98350 1.65853E+009 
98400 1.64723E+009 
98450 1.636E+009 
98500 1.62485E+009 
98550 1.61377E+009 
98600 1.60277E+009 
98650 1.59184E+009 
98700 1.58099E+009 
98750 1.57021E+009 
98800 1.55951E+009 
98850 1.54887E+009 
98900 1.53831E+009 
98950 1.52783E+009 
99000 1.51741E+009 
99050 1.50706E+009 
99100 1.49679E+009 
99150 1.48658E+009 
99200 1.47644E+009 
99250 1.46638E+009 
99300 1.45638E+009 
99350 1.44645E+009 
99400 1.43658E+009 
99450 1.42679E+009 
99500 1.41705E+009 
99550 1.40739E+009 
99600 1.39779E+009 
99650 1.38826E+009 
99700 1.37879E+009 
99750 1.36939E+009 
99800 1.36005E+009 
99850 1.35077E+009 
99900 1.34156E+009 
99950 1.33241E+009 
100000 1.32332E+009 
