#F U:\Beamline I20\I20-2_EDE\Wigglers\xop\83mm-small-wiggler\EDE wiggler\1p3T-300mA-0p12x1p5mrad.dat
#C I20EDE 1.3T 300mA 0.12x1.5mrad
#S 1 File written by xplot on Tue Dec 07 17:57:33 2010
#N 2
#L    Energy [eV]  Flux [ph/s/0.1%bw]
50 9.95284E+012 
100 1.57883E+013 
150 2.06624E+013 
200 2.49899E+013 
250 2.89426E+013 
300 3.26131E+013 
350 3.60583E+013 
400 3.93167E+013 
450 4.24155E+013 
500 4.53753E+013 
550 4.82117E+013 
600 5.09372E+013 
650 5.35621E+013 
700 5.60946E+013 
750 5.85419E+013 
800 6.091E+013 
850 6.3204E+013 
900 6.54283E+013 
950 6.75871E+013 
1000 6.96837E+013 
1050 7.17212E+013 
1100 7.37025E+013 
1150 7.56301E+013 
1200 7.75063E+013 
1250 7.93331E+013 
1300 8.11125E+013 
1350 8.28462E+013 
1400 8.45359E+013 
1450 8.61831E+013 
1500 8.77891E+013 
1550 8.93554E+013 
1600 9.08831E+013 
1650 9.23733E+013 
1700 9.38272E+013 
1750 9.52458E+013 
1800 9.663E+013 
1850 9.79808E+013 
1900 9.92989E+013 
1950 1.00585E+014 
2000 1.01841E+014 
2050 1.03066E+014 
2100 1.04262E+014 
2150 1.05429E+014 
2200 1.06567E+014 
2250 1.07679E+014 
2300 1.08763E+014 
2350 1.09821E+014 
2400 1.10853E+014 
2450 1.1186E+014 
2500 1.12842E+014 
2550 1.138E+014 
2600 1.14734E+014 
2650 1.15645E+014 
2700 1.16533E+014 
2750 1.17399E+014 
2800 1.18242E+014 
2850 1.19064E+014 
2900 1.19865E+014 
2950 1.20646E+014 
3000 1.21406E+014 
3050 1.22145E+014 
3100 1.22866E+014 
3150 1.23567E+014 
3200 1.24249E+014 
3250 1.24912E+014 
3300 1.25557E+014 
3350 1.26185E+014 
3400 1.26794E+014 
3450 1.27386E+014 
3500 1.27961E+014 
3550 1.2852E+014 
3600 1.29062E+014 
3650 1.29587E+014 
3700 1.30097E+014 
3750 1.30591E+014 
3800 1.3107E+014 
3850 1.31533E+014 
3900 1.31982E+014 
3950 1.32415E+014 
4000 1.32835E+014 
4050 1.3324E+014 
4100 1.33631E+014 
4150 1.34009E+014 
4200 1.34373E+014 
4250 1.34723E+014 
4300 1.35061E+014 
4350 1.35386E+014 
4400 1.35698E+014 
4450 1.35997E+014 
4500 1.36284E+014 
4550 1.3656E+014 
4600 1.36823E+014 
4650 1.37074E+014 
4700 1.37314E+014 
4750 1.37543E+014 
4800 1.37761E+014 
4850 1.37967E+014 
4900 1.38163E+014 
4950 1.38348E+014 
5000 1.38523E+014 
5050 1.38687E+014 
5100 1.38841E+014 
5150 1.38986E+014 
5200 1.3912E+014 
5250 1.39245E+014 
5300 1.3936E+014 
5350 1.39465E+014 
5400 1.39562E+014 
5450 1.3965E+014 
5500 1.39728E+014 
5550 1.39798E+014 
5600 1.39859E+014 
5650 1.39912E+014 
5700 1.39956E+014 
5750 1.39992E+014 
5800 1.4002E+014 
5850 1.40039E+014 
5900 1.40052E+014 
5950 1.40056E+014 
6000 1.40052E+014 
6050 1.40042E+014 
6100 1.40023E+014 
6150 1.39998E+014 
6200 1.39965E+014 
6250 1.39925E+014 
6300 1.39879E+014 
6350 1.39826E+014 
6400 1.39765E+014 
6450 1.39699E+014 
6500 1.39626E+014 
6550 1.39546E+014 
6600 1.3946E+014 
6650 1.39369E+014 
6700 1.3927E+014 
6750 1.39167E+014 
6800 1.39057E+014 
6850 1.38941E+014 
6900 1.3882E+014 
6950 1.38693E+014 
7000 1.38561E+014 
7050 1.38423E+014 
7100 1.3828E+014 
7150 1.38132E+014 
7200 1.37979E+014 
7250 1.37821E+014 
7300 1.37657E+014 
7350 1.37489E+014 
7400 1.37316E+014 
7450 1.37139E+014 
7500 1.36956E+014 
7550 1.3677E+014 
7600 1.36579E+014 
7650 1.36383E+014 
7700 1.36183E+014 
7750 1.35979E+014 
7800 1.35771E+014 
7850 1.35559E+014 
7900 1.35342E+014 
7950 1.35122E+014 
8000 1.34898E+014 
8050 1.3467E+014 
8100 1.34439E+014 
8150 1.34204E+014 
8200 1.33965E+014 
8250 1.33722E+014 
8300 1.33477E+014 
8350 1.33228E+014 
8400 1.32975E+014 
8450 1.3272E+014 
8500 1.32461E+014 
8550 1.32199E+014 
8600 1.31934E+014 
8650 1.31666E+014 
8700 1.31395E+014 
8750 1.31121E+014 
8800 1.30844E+014 
8850 1.30565E+014 
8900 1.30283E+014 
8950 1.29998E+014 
9000 1.29711E+014 
9050 1.29421E+014 
9100 1.29128E+014 
9150 1.28833E+014 
9200 1.28536E+014 
9250 1.28236E+014 
9300 1.27934E+014 
9350 1.2763E+014 
9400 1.27324E+014 
9450 1.27015E+014 
9500 1.26705E+014 
9550 1.26392E+014 
9600 1.26077E+014 
9650 1.25761E+014 
9700 1.25442E+014 
9750 1.25122E+014 
9800 1.248E+014 
9850 1.24476E+014 
9900 1.2415E+014 
9950 1.23823E+014 
10000 1.23494E+014 
10050 1.23163E+014 
10100 1.22831E+014 
10150 1.22498E+014 
10200 1.22163E+014 
10250 1.21826E+014 
10300 1.21488E+014 
10350 1.21149E+014 
10400 1.20808E+014 
10450 1.20466E+014 
10500 1.20123E+014 
10550 1.19779E+014 
10600 1.19433E+014 
10650 1.19086E+014 
10700 1.18738E+014 
10750 1.18389E+014 
10800 1.1804E+014 
10850 1.17689E+014 
10900 1.17337E+014 
10950 1.16984E+014 
11000 1.1663E+014 
11050 1.16275E+014 
11100 1.1592E+014 
11150 1.15564E+014 
11200 1.15206E+014 
11250 1.14849E+014 
11300 1.1449E+014 
11350 1.14131E+014 
11400 1.13771E+014 
11450 1.1341E+014 
11500 1.13049E+014 
11550 1.12688E+014 
11600 1.12325E+014 
11650 1.11962E+014 
11700 1.11599E+014 
11750 1.11235E+014 
11800 1.10871E+014 
11850 1.10506E+014 
11900 1.10141E+014 
11950 1.09776E+014 
12000 1.0941E+014 
12050 1.09044E+014 
12100 1.08678E+014 
12150 1.08311E+014 
12200 1.07944E+014 
12250 1.07577E+014 
12300 1.07209E+014 
12350 1.06842E+014 
12400 1.06474E+014 
12450 1.06106E+014 
12500 1.05738E+014 
12550 1.0537E+014 
12600 1.05002E+014 
12650 1.04634E+014 
12700 1.04266E+014 
12750 1.03897E+014 
12800 1.03529E+014 
12850 1.03161E+014 
12900 1.02793E+014 
12950 1.02424E+014 
13000 1.02056E+014 
13050 1.01688E+014 
13100 1.0132E+014 
13150 1.00953E+014 
13200 1.00585E+014 
13250 1.00217E+014 
13300 9.98501E+013 
13350 9.9483E+013 
13400 9.91161E+013 
13450 9.87494E+013 
13500 9.83829E+013 
13550 9.80167E+013 
13600 9.76508E+013 
13650 9.72852E+013 
13700 9.69199E+013 
13750 9.65549E+013 
13800 9.61902E+013 
13850 9.58258E+013 
13900 9.54618E+013 
13950 9.50982E+013 
14000 9.4735E+013 
14050 9.43722E+013 
14100 9.40097E+013 
14150 9.36477E+013 
14200 9.32862E+013 
14250 9.2925E+013 
14300 9.25644E+013 
14350 9.22042E+013 
14400 9.18445E+013 
14450 9.14853E+013 
14500 9.11265E+013 
14550 9.07684E+013 
14600 9.04107E+013 
14650 9.00536E+013 
14700 8.9697E+013 
14750 8.93409E+013 
14800 8.89855E+013 
14850 8.86306E+013 
14900 8.82763E+013 
14950 8.79226E+013 
15000 8.75696E+013 
15050 8.72171E+013 
15100 8.68653E+013 
15150 8.65141E+013 
15200 8.61635E+013 
15250 8.58136E+013 
15300 8.54643E+013 
15350 8.51158E+013 
15400 8.47679E+013 
15450 8.44207E+013 
15500 8.40741E+013 
15550 8.37283E+013 
15600 8.33832E+013 
15650 8.30388E+013 
15700 8.26951E+013 
15750 8.23522E+013 
15800 8.201E+013 
15850 8.16686E+013 
15900 8.13278E+013 
15950 8.09879E+013 
16000 8.06487E+013 
16050 8.03103E+013 
16100 7.99726E+013 
16150 7.96358E+013 
16200 7.92997E+013 
16250 7.89644E+013 
16300 7.863E+013 
16350 7.82963E+013 
16400 7.79634E+013 
16450 7.76314E+013 
16500 7.73002E+013 
16550 7.69698E+013 
16600 7.66402E+013 
16650 7.63115E+013 
16700 7.59836E+013 
16750 7.56565E+013 
16800 7.53304E+013 
16850 7.5005E+013 
16900 7.46805E+013 
16950 7.43569E+013 
17000 7.40341E+013 
17050 7.37123E+013 
17100 7.33913E+013 
17150 7.30711E+013 
17200 7.27519E+013 
17250 7.24335E+013 
17300 7.2116E+013 
17350 7.17995E+013 
17400 7.14838E+013 
17450 7.1169E+013 
17500 7.08551E+013 
17550 7.05421E+013 
17600 7.02301E+013 
17650 6.99189E+013 
17700 6.96087E+013 
17750 6.92993E+013 
17800 6.89909E+013 
17850 6.86834E+013 
17900 6.83768E+013 
17950 6.80712E+013 
18000 6.77665E+013 
18050 6.74627E+013 
18100 6.71598E+013 
18150 6.68579E+013 
18200 6.65569E+013 
18250 6.62569E+013 
18300 6.59578E+013 
18350 6.56596E+013 
18400 6.53624E+013 
18450 6.50661E+013 
18500 6.47708E+013 
18550 6.44764E+013 
18600 6.4183E+013 
18650 6.38905E+013 
18700 6.3599E+013 
18750 6.33084E+013 
18800 6.30188E+013 
18850 6.27301E+013 
18900 6.24424E+013 
18950 6.21556E+013 
19000 6.18698E+013 
19050 6.1585E+013 
19100 6.13011E+013 
19150 6.10182E+013 
19200 6.07362E+013 
19250 6.04552E+013 
19300 6.01751E+013 
19350 5.9896E+013 
19400 5.96179E+013 
19450 5.93408E+013 
19500 5.90646E+013 
19550 5.87893E+013 
19600 5.8515E+013 
19650 5.82417E+013 
19700 5.79694E+013 
19750 5.7698E+013 
19800 5.74276E+013 
19850 5.71581E+013 
19900 5.68896E+013 
19950 5.66221E+013 
20000 5.63555E+013 
20050 5.60899E+013 
20100 5.58253E+013 
20150 5.55616E+013 
20200 5.52988E+013 
20250 5.50371E+013 
20300 5.47763E+013 
20350 5.45164E+013 
20400 5.42575E+013 
20450 5.39996E+013 
20500 5.37426E+013 
20550 5.34866E+013 
20600 5.32315E+013 
20650 5.29774E+013 
20700 5.27243E+013 
20750 5.24721E+013 
20800 5.22208E+013 
20850 5.19705E+013 
20900 5.17212E+013 
20950 5.14728E+013 
21000 5.12253E+013 
21050 5.09788E+013 
21100 5.07333E+013 
21150 5.04887E+013 
21200 5.0245E+013 
21250 5.00023E+013 
21300 4.97605E+013 
21350 4.95197E+013 
21400 4.92798E+013 
21450 4.90408E+013 
21500 4.88028E+013 
21550 4.85657E+013 
21600 4.83295E+013 
21650 4.80943E+013 
21700 4.786E+013 
21750 4.76266E+013 
21800 4.73942E+013 
21850 4.71627E+013 
21900 4.69321E+013 
21950 4.67025E+013 
22000 4.64737E+013 
22050 4.62459E+013 
22100 4.6019E+013 
22150 4.5793E+013 
22200 4.55679E+013 
22250 4.53438E+013 
22300 4.51205E+013 
22350 4.48982E+013 
22400 4.46768E+013 
22450 4.44563E+013 
22500 4.42366E+013 
22550 4.40179E+013 
22600 4.38001E+013 
22650 4.35832E+013 
22700 4.33672E+013 
22750 4.31521E+013 
22800 4.29379E+013 
22850 4.27245E+013 
22900 4.25121E+013 
22950 4.23005E+013 
23000 4.20898E+013 
23050 4.18801E+013 
23100 4.16711E+013 
23150 4.14631E+013 
23200 4.1256E+013 
23250 4.10497E+013 
23300 4.08443E+013 
23350 4.06397E+013 
23400 4.04361E+013 
23450 4.02333E+013 
23500 4.00314E+013 
23550 3.98303E+013 
23600 3.96301E+013 
23650 3.94307E+013 
23700 3.92322E+013 
23750 3.90346E+013 
23800 3.88378E+013 
23850 3.86419E+013 
23900 3.84468E+013 
23950 3.82525E+013 
24000 3.80591E+013 
24050 3.78665E+013 
24100 3.76748E+013 
24150 3.74839E+013 
24200 3.72938E+013 
24250 3.71046E+013 
24300 3.69162E+013 
24350 3.67286E+013 
24400 3.65419E+013 
24450 3.63559E+013 
24500 3.61708E+013 
24550 3.59865E+013 
24600 3.58031E+013 
24650 3.56204E+013 
24700 3.54385E+013 
24750 3.52575E+013 
24800 3.50772E+013 
24850 3.48978E+013 
24900 3.47192E+013 
24950 3.45413E+013 
25000 3.43642E+013 
25050 3.4188E+013 
25100 3.40125E+013 
25150 3.38378E+013 
25200 3.3664E+013 
25250 3.34909E+013 
25300 3.33185E+013 
25350 3.3147E+013 
25400 3.29762E+013 
25450 3.28062E+013 
25500 3.2637E+013 
25550 3.24685E+013 
25600 3.23008E+013 
25650 3.21339E+013 
25700 3.19677E+013 
25750 3.18023E+013 
25800 3.16376E+013 
25850 3.14737E+013 
25900 3.13106E+013 
25950 3.11482E+013 
26000 3.09865E+013 
26050 3.08256E+013 
26100 3.06654E+013 
26150 3.0506E+013 
26200 3.03473E+013 
26250 3.01893E+013 
26300 3.00321E+013 
26350 2.98756E+013 
26400 2.97198E+013 
26450 2.95647E+013 
26500 2.94104E+013 
26550 2.92568E+013 
26600 2.91039E+013 
26650 2.89517E+013 
26700 2.88002E+013 
26750 2.86494E+013 
26800 2.84994E+013 
26850 2.835E+013 
26900 2.82014E+013 
26950 2.80534E+013 
27000 2.79061E+013 
27050 2.77596E+013 
27100 2.76137E+013 
27150 2.74685E+013 
27200 2.7324E+013 
27250 2.71801E+013 
27300 2.7037E+013 
27350 2.68946E+013 
27400 2.67528E+013 
27450 2.66116E+013 
27500 2.64712E+013 
27550 2.63314E+013 
27600 2.61923E+013 
27650 2.60539E+013 
27700 2.59161E+013 
27750 2.5779E+013 
27800 2.56425E+013 
27850 2.55067E+013 
27900 2.53715E+013 
27950 2.5237E+013 
28000 2.51031E+013 
28050 2.49699E+013 
28100 2.48373E+013 
28150 2.47054E+013 
28200 2.4574E+013 
28250 2.44434E+013 
28300 2.43133E+013 
28350 2.41839E+013 
28400 2.40551E+013 
28450 2.39269E+013 
28500 2.37994E+013 
28550 2.36725E+013 
28600 2.35461E+013 
28650 2.34205E+013 
28700 2.32954E+013 
28750 2.31709E+013 
28800 2.3047E+013 
28850 2.29238E+013 
28900 2.28011E+013 
28950 2.2679E+013 
29000 2.25576E+013 
29050 2.24367E+013 
29100 2.23164E+013 
29150 2.21967E+013 
29200 2.20776E+013 
29250 2.19591E+013 
29300 2.18412E+013 
29350 2.17238E+013 
29400 2.1607E+013 
29450 2.14909E+013 
29500 2.13752E+013 
29550 2.12602E+013 
29600 2.11457E+013 
29650 2.10318E+013 
29700 2.09184E+013 
29750 2.08056E+013 
29800 2.06934E+013 
29850 2.05817E+013 
29900 2.04706E+013 
29950 2.036E+013 
30000 2.025E+013 
30050 2.01406E+013 
30100 2.00316E+013 
30150 1.99232E+013 
30200 1.98154E+013 
30250 1.97081E+013 
30300 1.96013E+013 
30350 1.94951E+013 
30400 1.93894E+013 
30450 1.92842E+013 
30500 1.91796E+013 
30550 1.90755E+013 
30600 1.89719E+013 
30650 1.88688E+013 
30700 1.87662E+013 
30750 1.86642E+013 
30800 1.85627E+013 
30850 1.84617E+013 
30900 1.83612E+013 
30950 1.82612E+013 
31000 1.81617E+013 
31050 1.80627E+013 
31100 1.79642E+013 
31150 1.78662E+013 
31200 1.77687E+013 
31250 1.76717E+013 
31300 1.75752E+013 
31350 1.74792E+013 
31400 1.73837E+013 
31450 1.72886E+013 
31500 1.71941E+013 
31550 1.71E+013 
31600 1.70064E+013 
31650 1.69133E+013 
31700 1.68206E+013 
31750 1.67284E+013 
31800 1.66367E+013 
31850 1.65455E+013 
31900 1.64547E+013 
31950 1.63644E+013 
32000 1.62746E+013 
32050 1.61852E+013 
32100 1.60963E+013 
32150 1.60078E+013 
32200 1.59198E+013 
32250 1.58323E+013 
32300 1.57451E+013 
32350 1.56585E+013 
32400 1.55723E+013 
32450 1.54865E+013 
32500 1.54012E+013 
32550 1.53163E+013 
32600 1.52318E+013 
32650 1.51478E+013 
32700 1.50642E+013 
32750 1.49811E+013 
32800 1.48984E+013 
32850 1.48161E+013 
32900 1.47342E+013 
32950 1.46528E+013 
33000 1.45718E+013 
33050 1.44912E+013 
33100 1.4411E+013 
33150 1.43312E+013 
33200 1.42519E+013 
33250 1.41729E+013 
33300 1.40944E+013 
33350 1.40163E+013 
33400 1.39386E+013 
33450 1.38613E+013 
33500 1.37844E+013 
33550 1.37079E+013 
33600 1.36318E+013 
33650 1.35561E+013 
33700 1.34808E+013 
33750 1.34059E+013 
33800 1.33314E+013 
33850 1.32572E+013 
33900 1.31835E+013 
33950 1.31101E+013 
34000 1.30372E+013 
34050 1.29646E+013 
34100 1.28924E+013 
34150 1.28206E+013 
34200 1.27491E+013 
34250 1.2678E+013 
34300 1.26073E+013 
34350 1.2537E+013 
34400 1.24671E+013 
34450 1.23975E+013 
34500 1.23282E+013 
34550 1.22594E+013 
34600 1.21909E+013 
34650 1.21228E+013 
34700 1.2055E+013 
34750 1.19876E+013 
34800 1.19205E+013 
34850 1.18538E+013 
34900 1.17875E+013 
34950 1.17215E+013 
35000 1.16559E+013 
35050 1.15906E+013 
35100 1.15256E+013 
35150 1.1461E+013 
35200 1.13967E+013 
35250 1.13328E+013 
35300 1.12692E+013 
35350 1.1206E+013 
35400 1.11431E+013 
35450 1.10805E+013 
35500 1.10183E+013 
35550 1.09564E+013 
35600 1.08948E+013 
35650 1.08335E+013 
35700 1.07726E+013 
35750 1.0712E+013 
35800 1.06518E+013 
35850 1.05918E+013 
35900 1.05322E+013 
35950 1.04729E+013 
36000 1.04139E+013 
36050 1.03552E+013 
36100 1.02968E+013 
36150 1.02388E+013 
36200 1.0181E+013 
36250 1.01236E+013 
36300 1.00665E+013 
36350 1.00097E+013 
36400 9.95317E+012 
36450 9.89696E+012 
36500 9.84106E+012 
36550 9.78546E+012 
36600 9.73016E+012 
36650 9.67515E+012 
36700 9.62044E+012 
36750 9.56603E+012 
36800 9.5119E+012 
36850 9.45808E+012 
36900 9.40454E+012 
36950 9.35129E+012 
37000 9.29833E+012 
37050 9.24565E+012 
37100 9.19326E+012 
37150 9.14115E+012 
37200 9.08932E+012 
37250 9.03778E+012 
37300 8.98651E+012 
37350 8.93552E+012 
37400 8.88481E+012 
37450 8.83437E+012 
37500 8.7842E+012 
37550 8.73431E+012 
37600 8.68469E+012 
37650 8.63534E+012 
37700 8.58625E+012 
37750 8.53744E+012 
37800 8.48888E+012 
37850 8.4406E+012 
37900 8.39257E+012 
37950 8.34481E+012 
38000 8.2973E+012 
38050 8.25006E+012 
38100 8.20307E+012 
38150 8.15634E+012 
38200 8.10986E+012 
38250 8.06364E+012 
38300 8.01767E+012 
38350 7.97195E+012 
38400 7.92648E+012 
38450 7.88126E+012 
38500 7.83628E+012 
38550 7.79155E+012 
38600 7.74707E+012 
38650 7.70283E+012 
38700 7.65883E+012 
38750 7.61507E+012 
38800 7.57155E+012 
38850 7.52827E+012 
38900 7.48523E+012 
38950 7.44243E+012 
39000 7.39986E+012 
39050 7.35752E+012 
39100 7.31541E+012 
39150 7.27354E+012 
39200 7.2319E+012 
39250 7.19048E+012 
39300 7.1493E+012 
39350 7.10833E+012 
39400 7.0676E+012 
39450 7.02709E+012 
39500 6.9868E+012 
39550 6.94674E+012 
39600 6.90689E+012 
39650 6.86727E+012 
39700 6.82786E+012 
39750 6.78867E+012 
39800 6.7497E+012 
39850 6.71094E+012 
39900 6.67239E+012 
39950 6.63406E+012 
40000 6.59594E+012 
40050 6.55804E+012 
40100 6.52034E+012 
40150 6.48285E+012 
40200 6.44556E+012 
40250 6.40849E+012 
40300 6.37161E+012 
40350 6.33495E+012 
40400 6.29848E+012 
40450 6.26222E+012 
40500 6.22616E+012 
40550 6.1903E+012 
40600 6.15464E+012 
40650 6.11918E+012 
40700 6.08391E+012 
40750 6.04884E+012 
40800 6.01396E+012 
40850 5.97928E+012 
40900 5.94479E+012 
40950 5.91049E+012 
41000 5.87638E+012 
41050 5.84247E+012 
41100 5.80874E+012 
41150 5.7752E+012 
41200 5.74184E+012 
41250 5.70868E+012 
41300 5.67569E+012 
41350 5.64289E+012 
41400 5.61028E+012 
41450 5.57784E+012 
41500 5.54559E+012 
41550 5.51352E+012 
41600 5.48162E+012 
41650 5.44991E+012 
41700 5.41837E+012 
41750 5.38701E+012 
41800 5.35582E+012 
41850 5.3248E+012 
41900 5.29397E+012 
41950 5.2633E+012 
42000 5.2328E+012 
42050 5.20248E+012 
42100 5.17232E+012 
42150 5.14234E+012 
42200 5.11252E+012 
42250 5.08287E+012 
42300 5.05339E+012 
42350 5.02407E+012 
42400 4.99491E+012 
42450 4.96592E+012 
42500 4.93709E+012 
42550 4.90843E+012 
42600 4.87992E+012 
42650 4.85158E+012 
42700 4.82339E+012 
42750 4.79537E+012 
42800 4.7675E+012 
42850 4.73978E+012 
42900 4.71223E+012 
42950 4.68483E+012 
43000 4.65758E+012 
43050 4.63048E+012 
43100 4.60354E+012 
43150 4.57675E+012 
43200 4.55011E+012 
43250 4.52363E+012 
43300 4.49729E+012 
43350 4.4711E+012 
43400 4.44505E+012 
43450 4.41916E+012 
43500 4.39341E+012 
43550 4.36781E+012 
43600 4.34235E+012 
43650 4.31703E+012 
43700 4.29186E+012 
43750 4.26683E+012 
43800 4.24194E+012 
43850 4.21719E+012 
43900 4.19258E+012 
43950 4.16812E+012 
44000 4.14378E+012 
44050 4.11959E+012 
44100 4.09554E+012 
44150 4.07162E+012 
44200 4.04783E+012 
44250 4.02419E+012 
44300 4.00067E+012 
44350 3.97729E+012 
44400 3.95404E+012 
44450 3.93093E+012 
44500 3.90794E+012 
44550 3.88508E+012 
44600 3.86236E+012 
44650 3.83976E+012 
44700 3.8173E+012 
44750 3.79496E+012 
44800 3.77274E+012 
44850 3.75066E+012 
44900 3.7287E+012 
44950 3.70686E+012 
45000 3.68515E+012 
45050 3.66356E+012 
45100 3.64209E+012 
45150 3.62075E+012 
45200 3.59953E+012 
45250 3.57843E+012 
45300 3.55745E+012 
45350 3.53659E+012 
45400 3.51584E+012 
45450 3.49522E+012 
45500 3.47471E+012 
45550 3.45432E+012 
45600 3.43405E+012 
45650 3.4139E+012 
45700 3.39385E+012 
45750 3.37393E+012 
45800 3.35411E+012 
45850 3.33441E+012 
45900 3.31482E+012 
45950 3.29535E+012 
46000 3.27598E+012 
46050 3.25673E+012 
46100 3.23759E+012 
46150 3.21855E+012 
46200 3.19963E+012 
46250 3.18081E+012 
46300 3.1621E+012 
46350 3.1435E+012 
46400 3.125E+012 
46450 3.10661E+012 
46500 3.08833E+012 
46550 3.07015E+012 
46600 3.05207E+012 
46650 3.0341E+012 
46700 3.01623E+012 
46750 2.99847E+012 
46800 2.98081E+012 
46850 2.96324E+012 
46900 2.94578E+012 
46950 2.92842E+012 
47000 2.91116E+012 
47050 2.894E+012 
47100 2.87693E+012 
47150 2.85997E+012 
47200 2.8431E+012 
47250 2.82633E+012 
47300 2.80965E+012 
47350 2.79307E+012 
47400 2.77659E+012 
47450 2.7602E+012 
47500 2.74391E+012 
47550 2.72771E+012 
47600 2.7116E+012 
47650 2.69558E+012 
47700 2.67966E+012 
47750 2.66383E+012 
47800 2.64809E+012 
47850 2.63244E+012 
47900 2.61688E+012 
47950 2.60142E+012 
48000 2.58604E+012 
48050 2.57075E+012 
48100 2.55554E+012 
48150 2.54043E+012 
48200 2.5254E+012 
48250 2.51046E+012 
48300 2.49561E+012 
48350 2.48084E+012 
48400 2.46616E+012 
48450 2.45156E+012 
48500 2.43704E+012 
48550 2.42261E+012 
48600 2.40827E+012 
48650 2.394E+012 
48700 2.37982E+012 
48750 2.36572E+012 
48800 2.35171E+012 
48850 2.33777E+012 
48900 2.32391E+012 
48950 2.31014E+012 
49000 2.29644E+012 
49050 2.28282E+012 
49100 2.26929E+012 
49150 2.25583E+012 
49200 2.24245E+012 
49250 2.22914E+012 
49300 2.21592E+012 
49350 2.20277E+012 
49400 2.1897E+012 
49450 2.1767E+012 
49500 2.16378E+012 
49550 2.15093E+012 
49600 2.13816E+012 
49650 2.12546E+012 
49700 2.11283E+012 
49750 2.10028E+012 
49800 2.0878E+012 
49850 2.0754E+012 
49900 2.06307E+012 
49950 2.0508E+012 
50000 2.03861E+012 
50050 2.02649E+012 
50100 2.01444E+012 
50150 2.00246E+012 
50200 1.99055E+012 
50250 1.97871E+012 
50300 1.96694E+012 
50350 1.95524E+012 
50400 1.94361E+012 
50450 1.93204E+012 
50500 1.92054E+012 
50550 1.90911E+012 
50600 1.89774E+012 
50650 1.88644E+012 
50700 1.87521E+012 
50750 1.86404E+012 
50800 1.85294E+012 
50850 1.8419E+012 
50900 1.83092E+012 
50950 1.82001E+012 
51000 1.80917E+012 
51050 1.79838E+012 
51100 1.78766E+012 
51150 1.77701E+012 
51200 1.76641E+012 
51250 1.75588E+012 
51300 1.74541E+012 
51350 1.73499E+012 
51400 1.72464E+012 
51450 1.71436E+012 
51500 1.70413E+012 
51550 1.69396E+012 
51600 1.68385E+012 
51650 1.6738E+012 
51700 1.6638E+012 
51750 1.65387E+012 
51800 1.64399E+012 
51850 1.63418E+012 
51900 1.62442E+012 
51950 1.61471E+012 
52000 1.60507E+012 
52050 1.59548E+012 
52100 1.58594E+012 
52150 1.57647E+012 
52200 1.56704E+012 
52250 1.55768E+012 
52300 1.54836E+012 
52350 1.53911E+012 
52400 1.5299E+012 
52450 1.52076E+012 
52500 1.51166E+012 
52550 1.50262E+012 
52600 1.49363E+012 
52650 1.48469E+012 
52700 1.47581E+012 
52750 1.46697E+012 
52800 1.4582E+012 
52850 1.44947E+012 
52900 1.44079E+012 
52950 1.43216E+012 
53000 1.42359E+012 
53050 1.41506E+012 
53100 1.40659E+012 
53150 1.39816E+012 
53200 1.38979E+012 
53250 1.38146E+012 
53300 1.37318E+012 
53350 1.36495E+012 
53400 1.35677E+012 
53450 1.34864E+012 
53500 1.34056E+012 
53550 1.33252E+012 
53600 1.32453E+012 
53650 1.31659E+012 
53700 1.30869E+012 
53750 1.30084E+012 
53800 1.29304E+012 
53850 1.28528E+012 
53900 1.27757E+012 
53950 1.2699E+012 
54000 1.26228E+012 
54050 1.25471E+012 
54100 1.24717E+012 
54150 1.23969E+012 
54200 1.23224E+012 
54250 1.22485E+012 
54300 1.21749E+012 
54350 1.21018E+012 
54400 1.20291E+012 
54450 1.19569E+012 
54500 1.1885E+012 
54550 1.18136E+012 
54600 1.17426E+012 
54650 1.1672E+012 
54700 1.16019E+012 
54750 1.15322E+012 
54800 1.14628E+012 
54850 1.13939E+012 
54900 1.13254E+012 
54950 1.12573E+012 
55000 1.11896E+012 
55050 1.11223E+012 
55100 1.10554E+012 
55150 1.09889E+012 
55200 1.09228E+012 
55250 1.08571E+012 
55300 1.07917E+012 
55350 1.07268E+012 
55400 1.06622E+012 
55450 1.0598E+012 
55500 1.05342E+012 
55550 1.04708E+012 
55600 1.04078E+012 
55650 1.03451E+012 
55700 1.02828E+012 
55750 1.02209E+012 
55800 1.01593E+012 
55850 1.00981E+012 
55900 1.00372E+012 
55950 9.97677E+011 
56000 9.91665E+011 
56050 9.85688E+011 
56100 9.79747E+011 
56150 9.73841E+011 
56200 9.67971E+011 
56250 9.62134E+011 
56300 9.56333E+011 
56350 9.50566E+011 
56400 9.44833E+011 
56450 9.39135E+011 
56500 9.3347E+011 
56550 9.27839E+011 
56600 9.22241E+011 
56650 9.16676E+011 
56700 9.11144E+011 
56750 9.05646E+011 
56800 9.0018E+011 
56850 8.94746E+011 
56900 8.89345E+011 
56950 8.83976E+011 
57000 8.78638E+011 
57050 8.73333E+011 
57100 8.68059E+011 
57150 8.62816E+011 
57200 8.57604E+011 
57250 8.52424E+011 
57300 8.47274E+011 
57350 8.42155E+011 
57400 8.37066E+011 
57450 8.32008E+011 
57500 8.2698E+011 
57550 8.21981E+011 
57600 8.17013E+011 
57650 8.12074E+011 
57700 8.07164E+011 
57750 8.02284E+011 
57800 7.97432E+011 
57850 7.9261E+011 
57900 7.87816E+011 
57950 7.83051E+011 
58000 7.78314E+011 
58050 7.73606E+011 
58100 7.68925E+011 
58150 7.64273E+011 
58200 7.59648E+011 
58250 7.5505E+011 
58300 7.50481E+011 
58350 7.45938E+011 
58400 7.41422E+011 
58450 7.36934E+011 
58500 7.32472E+011 
58550 7.28037E+011 
58600 7.23628E+011 
58650 7.19246E+011 
58700 7.14889E+011 
58750 7.10559E+011 
58800 7.06255E+011 
58850 7.01976E+011 
58900 6.97723E+011 
58950 6.93495E+011 
59000 6.89292E+011 
59050 6.85115E+011 
59100 6.80962E+011 
59150 6.76835E+011 
59200 6.72732E+011 
59250 6.68653E+011 
59300 6.64599E+011 
59350 6.60569E+011 
59400 6.56564E+011 
59450 6.52582E+011 
59500 6.48624E+011 
59550 6.44689E+011 
59600 6.40779E+011 
59650 6.36891E+011 
59700 6.33027E+011 
59750 6.29186E+011 
59800 6.25368E+011 
59850 6.21573E+011 
59900 6.178E+011 
59950 6.1405E+011 
60000 6.10323E+011 
60050 6.06617E+011 
60100 6.02934E+011 
60150 5.99274E+011 
60200 5.95634E+011 
60250 5.92017E+011 
60300 5.88422E+011 
60350 5.84848E+011 
60400 5.81295E+011 
60450 5.77764E+011 
60500 5.74254E+011 
60550 5.70765E+011 
60600 5.67297E+011 
60650 5.63849E+011 
60700 5.60422E+011 
60750 5.57016E+011 
60800 5.5363E+011 
60850 5.50265E+011 
60900 5.4692E+011 
60950 5.43595E+011 
61000 5.40289E+011 
61050 5.37004E+011 
61100 5.33738E+011 
61150 5.30492E+011 
61200 5.27266E+011 
61250 5.24058E+011 
61300 5.2087E+011 
61350 5.17702E+011 
61400 5.14552E+011 
61450 5.11421E+011 
61500 5.08309E+011 
61550 5.05215E+011 
61600 5.02141E+011 
61650 4.99084E+011 
61700 4.96046E+011 
61750 4.93027E+011 
61800 4.90025E+011 
61850 4.87041E+011 
61900 4.84076E+011 
61950 4.81128E+011 
62000 4.78198E+011 
62050 4.75286E+011 
62100 4.72391E+011 
62150 4.69513E+011 
62200 4.66653E+011 
62250 4.6381E+011 
62300 4.60984E+011 
62350 4.58175E+011 
62400 4.55383E+011 
62450 4.52608E+011 
62500 4.4985E+011 
62550 4.47108E+011 
62600 4.44383E+011 
62650 4.41674E+011 
62700 4.38981E+011 
62750 4.36304E+011 
62800 4.33644E+011 
62850 4.31E+011 
62900 4.28372E+011 
62950 4.25759E+011 
63000 4.23162E+011 
63050 4.20581E+011 
63100 4.18015E+011 
63150 4.15465E+011 
63200 4.12931E+011 
63250 4.10411E+011 
63300 4.07907E+011 
63350 4.05418E+011 
63400 4.02943E+011 
63450 4.00484E+011 
63500 3.9804E+011 
63550 3.9561E+011 
63600 3.93195E+011 
63650 3.90795E+011 
63700 3.88409E+011 
63750 3.86037E+011 
63800 3.8368E+011 
63850 3.81337E+011 
63900 3.79008E+011 
63950 3.76693E+011 
64000 3.74392E+011 
64050 3.72105E+011 
64100 3.69832E+011 
64150 3.67572E+011 
64200 3.65327E+011 
64250 3.63094E+011 
64300 3.60876E+011 
64350 3.5867E+011 
64400 3.56478E+011 
64450 3.54299E+011 
64500 3.52134E+011 
64550 3.49981E+011 
64600 3.47842E+011 
64650 3.45715E+011 
64700 3.43601E+011 
64750 3.415E+011 
64800 3.39412E+011 
64850 3.37336E+011 
64900 3.35273E+011 
64950 3.33223E+011 
65000 3.31185E+011 
65050 3.29159E+011 
65100 3.27145E+011 
65150 3.25143E+011 
65200 3.23154E+011 
65250 3.21177E+011 
65300 3.19212E+011 
65350 3.17258E+011 
65400 3.15316E+011 
65450 3.13387E+011 
65500 3.11468E+011 
65550 3.09562E+011 
65600 3.07667E+011 
65650 3.05783E+011 
65700 3.03911E+011 
65750 3.0205E+011 
65800 3.00201E+011 
65850 2.98362E+011 
65900 2.96535E+011 
65950 2.94719E+011 
66000 2.92914E+011 
66050 2.9112E+011 
66100 2.89336E+011 
66150 2.87564E+011 
66200 2.85802E+011 
66250 2.84051E+011 
66300 2.8231E+011 
66350 2.8058E+011 
66400 2.78861E+011 
66450 2.77152E+011 
66500 2.75453E+011 
66550 2.73765E+011 
66600 2.72087E+011 
66650 2.70419E+011 
66700 2.68761E+011 
66750 2.67113E+011 
66800 2.65476E+011 
66850 2.63848E+011 
66900 2.6223E+011 
66950 2.60622E+011 
67000 2.59023E+011 
67050 2.57435E+011 
67100 2.55856E+011 
67150 2.54286E+011 
67200 2.52726E+011 
67250 2.51176E+011 
67300 2.49635E+011 
67350 2.48103E+011 
67400 2.46581E+011 
67450 2.45068E+011 
67500 2.43564E+011 
67550 2.42069E+011 
67600 2.40583E+011 
67650 2.39106E+011 
67700 2.37639E+011 
67750 2.3618E+011 
67800 2.3473E+011 
67850 2.33289E+011 
67900 2.31857E+011 
67950 2.30433E+011 
68000 2.29018E+011 
68050 2.27611E+011 
68100 2.26214E+011 
68150 2.24824E+011 
68200 2.23443E+011 
68250 2.22071E+011 
68300 2.20707E+011 
68350 2.19351E+011 
68400 2.18003E+011 
68450 2.16664E+011 
68500 2.15333E+011 
68550 2.14009E+011 
68600 2.12694E+011 
68650 2.11387E+011 
68700 2.10088E+011 
68750 2.08797E+011 
68800 2.07514E+011 
68850 2.06238E+011 
68900 2.0497E+011 
68950 2.0371E+011 
69000 2.02458E+011 
69050 2.01213E+011 
69100 1.99976E+011 
69150 1.98746E+011 
69200 1.97524E+011 
69250 1.96309E+011 
69300 1.95102E+011 
69350 1.93902E+011 
69400 1.92709E+011 
69450 1.91524E+011 
69500 1.90345E+011 
69550 1.89174E+011 
69600 1.8801E+011 
69650 1.86854E+011 
69700 1.85704E+011 
69750 1.84561E+011 
69800 1.83426E+011 
69850 1.82297E+011 
69900 1.81175E+011 
69950 1.8006E+011 
70000 1.78951E+011 
70050 1.7785E+011 
70100 1.76755E+011 
70150 1.75667E+011 
70200 1.74585E+011 
70250 1.7351E+011 
70300 1.72442E+011 
70350 1.7138E+011 
70400 1.70325E+011 
70450 1.69276E+011 
70500 1.68234E+011 
70550 1.67197E+011 
70600 1.66167E+011 
70650 1.65144E+011 
70700 1.64127E+011 
70750 1.63116E+011 
70800 1.62111E+011 
70850 1.61112E+011 
70900 1.60119E+011 
70950 1.59133E+011 
71000 1.58152E+011 
71050 1.57177E+011 
71100 1.56209E+011 
71150 1.55246E+011 
71200 1.54289E+011 
71250 1.53338E+011 
71300 1.52393E+011 
71350 1.51454E+011 
71400 1.5052E+011 
71450 1.49592E+011 
71500 1.4867E+011 
71550 1.47753E+011 
71600 1.46842E+011 
71650 1.45936E+011 
71700 1.45036E+011 
71750 1.44142E+011 
71800 1.43253E+011 
71850 1.4237E+011 
71900 1.41491E+011 
71950 1.40618E+011 
72000 1.39751E+011 
72050 1.38889E+011 
72100 1.38032E+011 
72150 1.37181E+011 
72200 1.36334E+011 
72250 1.35493E+011 
72300 1.34657E+011 
72350 1.33826E+011 
72400 1.33E+011 
72450 1.32179E+011 
72500 1.31363E+011 
72550 1.30552E+011 
72600 1.29747E+011 
72650 1.28946E+011 
72700 1.2815E+011 
72750 1.27359E+011 
72800 1.26572E+011 
72850 1.25791E+011 
72900 1.25014E+011 
72950 1.24242E+011 
73000 1.23475E+011 
73050 1.22712E+011 
73100 1.21954E+011 
73150 1.21201E+011 
73200 1.20453E+011 
73250 1.19709E+011 
73300 1.18969E+011 
73350 1.18234E+011 
73400 1.17504E+011 
73450 1.16778E+011 
73500 1.16056E+011 
73550 1.15339E+011 
73600 1.14627E+011 
73650 1.13918E+011 
73700 1.13214E+011 
73750 1.12515E+011 
73800 1.11819E+011 
73850 1.11128E+011 
73900 1.10441E+011 
73950 1.09759E+011 
74000 1.0908E+011 
74050 1.08406E+011 
74100 1.07736E+011 
74150 1.0707E+011 
74200 1.06408E+011 
74250 1.0575E+011 
74300 1.05096E+011 
74350 1.04446E+011 
74400 1.038E+011 
74450 1.03158E+011 
74500 1.0252E+011 
74550 1.01886E+011 
74600 1.01256E+011 
74650 1.0063E+011 
74700 1.00007E+011 
74750 9.93887E+010 
74800 9.87738E+010 
74850 9.81628E+010 
74900 9.75554E+010 
74950 9.69519E+010 
75000 9.6352E+010 
75050 9.57558E+010 
75100 9.51632E+010 
75150 9.45743E+010 
75200 9.3989E+010 
75250 9.34073E+010 
75300 9.28292E+010 
75350 9.22547E+010 
75400 9.16836E+010 
75450 9.11161E+010 
75500 9.05521E+010 
75550 8.99915E+010 
75600 8.94343E+010 
75650 8.88806E+010 
75700 8.83303E+010 
75750 8.77834E+010 
75800 8.72398E+010 
75850 8.66996E+010 
75900 8.61627E+010 
75950 8.56291E+010 
76000 8.50988E+010 
76050 8.45717E+010 
76100 8.40479E+010 
76150 8.35273E+010 
76200 8.30099E+010 
76250 8.24957E+010 
76300 8.19846E+010 
76350 8.14767E+010 
76400 8.09719E+010 
76450 8.04702E+010 
76500 7.99716E+010 
76550 7.94761E+010 
76600 7.89836E+010 
76650 7.84941E+010 
76700 7.80077E+010 
76750 7.75242E+010 
76800 7.70438E+010 
76850 7.65662E+010 
76900 7.60916E+010 
76950 7.562E+010 
77000 7.51512E+010 
77050 7.46853E+010 
77100 7.42223E+010 
77150 7.37622E+010 
77200 7.33049E+010 
77250 7.28504E+010 
77300 7.23986E+010 
77350 7.19497E+010 
77400 7.15035E+010 
77450 7.10601E+010 
77500 7.06194E+010 
77550 7.01815E+010 
77600 6.97462E+010 
77650 6.93136E+010 
77700 6.88837E+010 
77750 6.84564E+010 
77800 6.80317E+010 
77850 6.76097E+010 
77900 6.71902E+010 
77950 6.67734E+010 
78000 6.63591E+010 
78050 6.59474E+010 
78100 6.55382E+010 
78150 6.51315E+010 
78200 6.47273E+010 
78250 6.43257E+010 
78300 6.39265E+010 
78350 6.35297E+010 
78400 6.31354E+010 
78450 6.27436E+010 
78500 6.23541E+010 
78550 6.19671E+010 
78600 6.15824E+010 
78650 6.12001E+010 
78700 6.08202E+010 
78750 6.04426E+010 
78800 6.00673E+010 
78850 5.96944E+010 
78900 5.93237E+010 
78950 5.89554E+010 
79000 5.85893E+010 
79050 5.82255E+010 
79100 5.78639E+010 
79150 5.75045E+010 
79200 5.71474E+010 
79250 5.67924E+010 
79300 5.64397E+010 
79350 5.60891E+010 
79400 5.57407E+010 
79450 5.53945E+010 
79500 5.50503E+010 
79550 5.47083E+010 
79600 5.43684E+010 
79650 5.40307E+010 
79700 5.3695E+010 
79750 5.33613E+010 
79800 5.30298E+010 
79850 5.27002E+010 
79900 5.23728E+010 
79950 5.20473E+010 
80000 5.17238E+010 
80050 5.14024E+010 
80100 5.10829E+010 
80150 5.07654E+010 
80200 5.04498E+010 
80250 5.01362E+010 
80300 4.98246E+010 
80350 4.95149E+010 
80400 4.9207E+010 
80450 4.89011E+010 
80500 4.85971E+010 
80550 4.82949E+010 
80600 4.79947E+010 
80650 4.76962E+010 
80700 4.73996E+010 
80750 4.71049E+010 
80800 4.6812E+010 
80850 4.65208E+010 
80900 4.62315E+010 
80950 4.5944E+010 
81000 4.56582E+010 
81050 4.53743E+010 
81100 4.5092E+010 
81150 4.48115E+010 
81200 4.45328E+010 
81250 4.42557E+010 
81300 4.39804E+010 
81350 4.37068E+010 
81400 4.34349E+010 
81450 4.31646E+010 
81500 4.28961E+010 
81550 4.26292E+010 
81600 4.23639E+010 
81650 4.21003E+010 
81700 4.18383E+010 
81750 4.15779E+010 
81800 4.13192E+010 
81850 4.1062E+010 
81900 4.08064E+010 
81950 4.05524E+010 
82000 4.03E+010 
82050 4.00492E+010 
82100 3.97999E+010 
82150 3.95521E+010 
82200 3.93059E+010 
82250 3.90612E+010 
82300 3.8818E+010 
82350 3.85763E+010 
82400 3.83361E+010 
82450 3.80974E+010 
82500 3.78602E+010 
82550 3.76245E+010 
82600 3.73902E+010 
82650 3.71573E+010 
82700 3.69259E+010 
82750 3.66959E+010 
82800 3.64674E+010 
82850 3.62403E+010 
82900 3.60145E+010 
82950 3.57902E+010 
83000 3.55673E+010 
83050 3.53457E+010 
83100 3.51255E+010 
83150 3.49067E+010 
83200 3.46892E+010 
83250 3.44731E+010 
83300 3.42583E+010 
83350 3.40449E+010 
83400 3.38327E+010 
83450 3.36219E+010 
83500 3.34124E+010 
83550 3.32042E+010 
83600 3.29973E+010 
83650 3.27917E+010 
83700 3.25873E+010 
83750 3.23842E+010 
83800 3.21824E+010 
83850 3.19818E+010 
83900 3.17824E+010 
83950 3.15843E+010 
84000 3.13874E+010 
84050 3.11918E+010 
84100 3.09973E+010 
84150 3.08041E+010 
84200 3.0612E+010 
84250 3.04212E+010 
84300 3.02315E+010 
84350 3.0043E+010 
84400 2.98557E+010 
84450 2.96695E+010 
84500 2.94845E+010 
84550 2.93006E+010 
84600 2.91179E+010 
84650 2.89363E+010 
84700 2.87559E+010 
84750 2.85765E+010 
84800 2.83983E+010 
84850 2.82212E+010 
84900 2.80451E+010 
84950 2.78702E+010 
85000 2.76963E+010 
85050 2.75236E+010 
85100 2.73519E+010 
85150 2.71812E+010 
85200 2.70117E+010 
85250 2.68431E+010 
85300 2.66757E+010 
85350 2.65092E+010 
85400 2.63438E+010 
85450 2.61794E+010 
85500 2.60161E+010 
85550 2.58537E+010 
85600 2.56924E+010 
85650 2.55321E+010 
85700 2.53727E+010 
85750 2.52144E+010 
85800 2.5057E+010 
85850 2.49006E+010 
85900 2.47452E+010 
85950 2.45907E+010 
86000 2.44372E+010 
86050 2.42847E+010 
86100 2.41331E+010 
86150 2.39824E+010 
86200 2.38327E+010 
86250 2.36839E+010 
86300 2.35361E+010 
86350 2.33891E+010 
86400 2.32431E+010 
86450 2.30979E+010 
86500 2.29537E+010 
86550 2.28104E+010 
86600 2.26679E+010 
86650 2.25264E+010 
86700 2.23857E+010 
86750 2.22459E+010 
86800 2.2107E+010 
86850 2.19689E+010 
86900 2.18317E+010 
86950 2.16953E+010 
87000 2.15598E+010 
87050 2.14251E+010 
87100 2.12913E+010 
87150 2.11583E+010 
87200 2.10261E+010 
87250 2.08948E+010 
87300 2.07642E+010 
87350 2.06345E+010 
87400 2.05056E+010 
87450 2.03775E+010 
87500 2.02502E+010 
87550 2.01236E+010 
87600 1.99979E+010 
87650 1.98729E+010 
87700 1.97487E+010 
87750 1.96253E+010 
87800 1.95027E+010 
87850 1.93808E+010 
87900 1.92597E+010 
87950 1.91393E+010 
88000 1.90197E+010 
88050 1.89008E+010 
88100 1.87827E+010 
88150 1.86653E+010 
88200 1.85486E+010 
88250 1.84326E+010 
88300 1.83174E+010 
88350 1.82029E+010 
88400 1.80891E+010 
88450 1.7976E+010 
88500 1.78636E+010 
88550 1.77519E+010 
88600 1.76409E+010 
88650 1.75306E+010 
88700 1.7421E+010 
88750 1.73121E+010 
88800 1.72038E+010 
88850 1.70962E+010 
88900 1.69893E+010 
88950 1.68831E+010 
89000 1.67775E+010 
89050 1.66726E+010 
89100 1.65683E+010 
89150 1.64647E+010 
89200 1.63617E+010 
89250 1.62593E+010 
89300 1.61576E+010 
89350 1.60566E+010 
89400 1.59561E+010 
89450 1.58563E+010 
89500 1.57571E+010 
89550 1.56585E+010 
89600 1.55606E+010 
89650 1.54632E+010 
89700 1.53665E+010 
89750 1.52703E+010 
89800 1.51748E+010 
89850 1.50798E+010 
89900 1.49855E+010 
89950 1.48917E+010 
90000 1.47985E+010 
90050 1.47059E+010 
90100 1.46139E+010 
90150 1.45224E+010 
90200 1.44315E+010 
90250 1.43412E+010 
90300 1.42514E+010 
90350 1.41622E+010 
90400 1.40736E+010 
90450 1.39855E+010 
90500 1.3898E+010 
90550 1.3811E+010 
90600 1.37245E+010 
90650 1.36386E+010 
90700 1.35532E+010 
90750 1.34684E+010 
90800 1.3384E+010 
90850 1.33002E+010 
90900 1.3217E+010 
90950 1.31342E+010 
91000 1.3052E+010 
91050 1.29703E+010 
91100 1.28891E+010 
91150 1.28083E+010 
91200 1.27281E+010 
91250 1.26484E+010 
91300 1.25692E+010 
91350 1.24905E+010 
91400 1.24123E+010 
91450 1.23345E+010 
91500 1.22573E+010 
91550 1.21805E+010 
91600 1.21042E+010 
91650 1.20284E+010 
91700 1.19531E+010 
91750 1.18782E+010 
91800 1.18038E+010 
91850 1.17298E+010 
91900 1.16564E+010 
91950 1.15833E+010 
92000 1.15108E+010 
92050 1.14387E+010 
92100 1.1367E+010 
92150 1.12958E+010 
92200 1.1225E+010 
92250 1.11547E+010 
92300 1.10848E+010 
92350 1.10153E+010 
92400 1.09463E+010 
92450 1.08777E+010 
92500 1.08095E+010 
92550 1.07418E+010 
92600 1.06745E+010 
92650 1.06076E+010 
92700 1.05411E+010 
92750 1.0475E+010 
92800 1.04094E+010 
92850 1.03441E+010 
92900 1.02793E+010 
92950 1.02149E+010 
93000 1.01508E+010 
93050 1.00872E+010 
93100 1.0024E+010 
93150 9.96114E+009 
93200 9.89869E+009 
93250 9.83664E+009 
93300 9.77497E+009 
93350 9.71369E+009 
93400 9.65279E+009 
93450 9.59226E+009 
93500 9.53212E+009 
93550 9.47236E+009 
93600 9.41296E+009 
93650 9.35394E+009 
93700 9.29528E+009 
93750 9.237E+009 
93800 9.17907E+009 
93850 9.12151E+009 
93900 9.06431E+009 
93950 9.00746E+009 
94000 8.95097E+009 
94050 8.89483E+009 
94100 8.83904E+009 
94150 8.78361E+009 
94200 8.72851E+009 
94250 8.67377E+009 
94300 8.61936E+009 
94350 8.56529E+009 
94400 8.51156E+009 
94450 8.45817E+009 
94500 8.40511E+009 
94550 8.35238E+009 
94600 8.29998E+009 
94650 8.24791E+009 
94700 8.19617E+009 
94750 8.14474E+009 
94800 8.09364E+009 
94850 8.04286E+009 
94900 7.9924E+009 
94950 7.94225E+009 
95000 7.89241E+009 
95050 7.84289E+009 
95100 7.79367E+009 
95150 7.74477E+009 
95200 7.69616E+009 
95250 7.64787E+009 
95300 7.59987E+009 
95350 7.55218E+009 
95400 7.50478E+009 
95450 7.45768E+009 
95500 7.41087E+009 
95550 7.36436E+009 
95600 7.31813E+009 
95650 7.2722E+009 
95700 7.22655E+009 
95750 7.18119E+009 
95800 7.13611E+009 
95850 7.09132E+009 
95900 7.0468E+009 
95950 7.00256E+009 
96000 6.9586E+009 
96050 6.91491E+009 
96100 6.8715E+009 
96150 6.82836E+009 
96200 6.78549E+009 
96250 6.74288E+009 
96300 6.70055E+009 
96350 6.65847E+009 
96400 6.61667E+009 
96450 6.57512E+009 
96500 6.53383E+009 
96550 6.4928E+009 
96600 6.45203E+009 
96650 6.41151E+009 
96700 6.37125E+009 
96750 6.33123E+009 
96800 6.29147E+009 
96850 6.25196E+009 
96900 6.21269E+009 
96950 6.17367E+009 
97000 6.13489E+009 
97050 6.09636E+009 
97100 6.05807E+009 
97150 6.02002E+009 
97200 5.9822E+009 
97250 5.94462E+009 
97300 5.90728E+009 
97350 5.87017E+009 
97400 5.83329E+009 
97450 5.79665E+009 
97500 5.76023E+009 
97550 5.72404E+009 
97600 5.68808E+009 
97650 5.65234E+009 
97700 5.61683E+009 
97750 5.58154E+009 
97800 5.54647E+009 
97850 5.51162E+009 
97900 5.47698E+009 
97950 5.44257E+009 
98000 5.40837E+009 
98050 5.37438E+009 
98100 5.34061E+009 
98150 5.30705E+009 
98200 5.2737E+009 
98250 5.24055E+009 
98300 5.20762E+009 
98350 5.17489E+009 
98400 5.14236E+009 
98450 5.11004E+009 
98500 5.07792E+009 
98550 5.04601E+009 
98600 5.01429E+009 
98650 4.98277E+009 
98700 4.95145E+009 
98750 4.92033E+009 
98800 4.8894E+009 
98850 4.85866E+009 
98900 4.82812E+009 
98950 4.79777E+009 
99000 4.7676E+009 
99050 4.73763E+009 
99100 4.70784E+009 
99150 4.67824E+009 
99200 4.64883E+009 
99250 4.6196E+009 
99300 4.59056E+009 
99350 4.56169E+009 
99400 4.53301E+009 
99450 4.50451E+009 
99500 4.47618E+009 
99550 4.44803E+009 
99600 4.42006E+009 
99650 4.39227E+009 
99700 4.36465E+009 
99750 4.3372E+009 
99800 4.30992E+009 
99850 4.28281E+009 
99900 4.25588E+009 
99950 4.22911E+009 
100000 4.20251E+009 
