#F U:\Beamline I20\I20-2_EDE\Wigglers\xop\83mm-small-wiggler\EDE wiggler\1p3T-300mA-0p12x1p3mrad.dat
#C I20EDE 1.3T 300mA 0.12x1.3mrad
#S 1 File written by xplot on Tue Dec 07 17:58:27 2010
#N 2
#L    Energy [eV]  Flux [ph/s/0.1%bw]
50 8.57429E+012 
100 1.36017E+013 
150 1.78012E+013 
200 2.153E+013 
250 2.49362E+013 
300 2.80994E+013 
350 3.10688E+013 
400 3.38775E+013 
450 3.6549E+013 
500 3.91008E+013 
550 4.15466E+013 
600 4.3897E+013 
650 4.6161E+013 
700 4.83456E+013 
750 5.04569E+013 
800 5.25002E+013 
850 5.44798E+013 
900 5.63996E+013 
950 5.82631E+013 
1000 6.00731E+013 
1050 6.18325E+013 
1100 6.35436E+013 
1150 6.52085E+013 
1200 6.68293E+013 
1250 6.84077E+013 
1300 6.99454E+013 
1350 7.14439E+013 
1400 7.29046E+013 
1450 7.43288E+013 
1500 7.57177E+013 
1550 7.70724E+013 
1600 7.8394E+013 
1650 7.96834E+013 
1700 8.09417E+013 
1750 8.21697E+013 
1800 8.33681E+013 
1850 8.45378E+013 
1900 8.56795E+013 
1950 8.6794E+013 
2000 8.78819E+013 
2050 8.89439E+013 
2100 8.99805E+013 
2150 9.09923E+013 
2200 9.198E+013 
2250 9.2944E+013 
2300 9.38849E+013 
2350 9.48032E+013 
2400 9.56993E+013 
2450 9.65737E+013 
2500 9.74269E+013 
2550 9.82592E+013 
2600 9.90711E+013 
2650 9.98631E+013 
2700 1.00635E+014 
2750 1.01388E+014 
2800 1.02123E+014 
2850 1.02839E+014 
2900 1.03536E+014 
2950 1.04216E+014 
3000 1.04878E+014 
3050 1.05523E+014 
3100 1.06151E+014 
3150 1.06763E+014 
3200 1.07358E+014 
3250 1.07937E+014 
3300 1.08501E+014 
3350 1.09049E+014 
3400 1.09582E+014 
3450 1.101E+014 
3500 1.10603E+014 
3550 1.11092E+014 
3600 1.11566E+014 
3650 1.12027E+014 
3700 1.12474E+014 
3750 1.12908E+014 
3800 1.13328E+014 
3850 1.13735E+014 
3900 1.14129E+014 
3950 1.14511E+014 
4000 1.1488E+014 
4050 1.15237E+014 
4100 1.15582E+014 
4150 1.15915E+014 
4200 1.16237E+014 
4250 1.16547E+014 
4300 1.16845E+014 
4350 1.17133E+014 
4400 1.1741E+014 
4450 1.17676E+014 
4500 1.17931E+014 
4550 1.18176E+014 
4600 1.18411E+014 
4650 1.18635E+014 
4700 1.1885E+014 
4750 1.19054E+014 
4800 1.1925E+014 
4850 1.19435E+014 
4900 1.19612E+014 
4950 1.19779E+014 
5000 1.19937E+014 
5050 1.20086E+014 
5100 1.20227E+014 
5150 1.20359E+014 
5200 1.20482E+014 
5250 1.20597E+014 
5300 1.20704E+014 
5350 1.20802E+014 
5400 1.20893E+014 
5450 1.20976E+014 
5500 1.21051E+014 
5550 1.21119E+014 
5600 1.21179E+014 
5650 1.21231E+014 
5700 1.21277E+014 
5750 1.21315E+014 
5800 1.21346E+014 
5850 1.2137E+014 
5900 1.21388E+014 
5950 1.21399E+014 
6000 1.21403E+014 
6050 1.214E+014 
6100 1.21392E+014 
6150 1.21377E+014 
6200 1.21356E+014 
6250 1.21328E+014 
6300 1.21295E+014 
6350 1.21256E+014 
6400 1.21211E+014 
6450 1.2116E+014 
6500 1.21104E+014 
6550 1.21042E+014 
6600 1.20975E+014 
6650 1.20902E+014 
6700 1.20824E+014 
6750 1.20741E+014 
6800 1.20653E+014 
6850 1.2056E+014 
6900 1.20462E+014 
6950 1.20359E+014 
7000 1.20251E+014 
7050 1.20138E+014 
7100 1.20022E+014 
7150 1.199E+014 
7200 1.19774E+014 
7250 1.19644E+014 
7300 1.19509E+014 
7350 1.1937E+014 
7400 1.19227E+014 
7450 1.1908E+014 
7500 1.18928E+014 
7550 1.18773E+014 
7600 1.18614E+014 
7650 1.18451E+014 
7700 1.18285E+014 
7750 1.18114E+014 
7800 1.1794E+014 
7850 1.17763E+014 
7900 1.17582E+014 
7950 1.17398E+014 
8000 1.1721E+014 
8050 1.17019E+014 
8100 1.16825E+014 
8150 1.16627E+014 
8200 1.16426E+014 
8250 1.16223E+014 
8300 1.16016E+014 
8350 1.15806E+014 
8400 1.15594E+014 
8450 1.15378E+014 
8500 1.1516E+014 
8550 1.14939E+014 
8600 1.14715E+014 
8650 1.14489E+014 
8700 1.1426E+014 
8750 1.14029E+014 
8800 1.13795E+014 
8850 1.13559E+014 
8900 1.1332E+014 
8950 1.13079E+014 
9000 1.12835E+014 
9050 1.1259E+014 
9100 1.12342E+014 
9150 1.12092E+014 
9200 1.1184E+014 
9250 1.11586E+014 
9300 1.1133E+014 
9350 1.11071E+014 
9400 1.10811E+014 
9450 1.10549E+014 
9500 1.10285E+014 
9550 1.1002E+014 
9600 1.09753E+014 
9650 1.09483E+014 
9700 1.09213E+014 
9750 1.0894E+014 
9800 1.08666E+014 
9850 1.0839E+014 
9900 1.08113E+014 
9950 1.07834E+014 
10000 1.07554E+014 
10050 1.07273E+014 
10100 1.0699E+014 
10150 1.06705E+014 
10200 1.0642E+014 
10250 1.06133E+014 
10300 1.05844E+014 
10350 1.05555E+014 
10400 1.05264E+014 
10450 1.04973E+014 
10500 1.0468E+014 
10550 1.04386E+014 
10600 1.04091E+014 
10650 1.03795E+014 
10700 1.03497E+014 
10750 1.03199E+014 
10800 1.029E+014 
10850 1.026E+014 
10900 1.023E+014 
10950 1.01998E+014 
11000 1.01695E+014 
11050 1.01392E+014 
11100 1.01088E+014 
11150 1.00783E+014 
11200 1.00478E+014 
11250 1.00172E+014 
11300 9.98647E+013 
11350 9.95572E+013 
11400 9.9249E+013 
11450 9.89403E+013 
11500 9.8631E+013 
11550 9.83211E+013 
11600 9.80108E+013 
11650 9.76999E+013 
11700 9.73886E+013 
11750 9.70768E+013 
11800 9.67645E+013 
11850 9.64519E+013 
11900 9.61389E+013 
11950 9.58255E+013 
12000 9.55118E+013 
12050 9.51978E+013 
12100 9.48835E+013 
12150 9.45688E+013 
12200 9.4254E+013 
12250 9.39388E+013 
12300 9.36235E+013 
12350 9.3308E+013 
12400 9.29923E+013 
12450 9.26764E+013 
12500 9.23604E+013 
12550 9.20442E+013 
12600 9.17279E+013 
12650 9.14116E+013 
12700 9.10952E+013 
12750 9.07787E+013 
12800 9.04622E+013 
12850 9.01456E+013 
12900 8.9829E+013 
12950 8.95125E+013 
13000 8.9196E+013 
13050 8.88795E+013 
13100 8.85631E+013 
13150 8.82467E+013 
13200 8.79305E+013 
13250 8.76143E+013 
13300 8.72983E+013 
13350 8.69823E+013 
13400 8.66666E+013 
13450 8.6351E+013 
13500 8.60355E+013 
13550 8.57203E+013 
13600 8.54052E+013 
13650 8.50904E+013 
13700 8.47757E+013 
13750 8.44614E+013 
13800 8.41472E+013 
13850 8.38333E+013 
13900 8.35197E+013 
13950 8.32064E+013 
14000 8.28934E+013 
14050 8.25807E+013 
14100 8.22683E+013 
14150 8.19563E+013 
14200 8.16446E+013 
14250 8.13332E+013 
14300 8.10222E+013 
14350 8.07116E+013 
14400 8.04014E+013 
14450 8.00915E+013 
14500 7.97821E+013 
14550 7.94731E+013 
14600 7.91645E+013 
14650 7.88563E+013 
14700 7.85486E+013 
14750 7.82414E+013 
14800 7.79345E+013 
14850 7.76282E+013 
14900 7.73224E+013 
14950 7.7017E+013 
15000 7.67121E+013 
15050 7.64078E+013 
15100 7.61039E+013 
15150 7.58006E+013 
15200 7.54978E+013 
15250 7.51955E+013 
15300 7.48938E+013 
15350 7.45926E+013 
15400 7.4292E+013 
15450 7.39919E+013 
15500 7.36924E+013 
15550 7.33935E+013 
15600 7.30952E+013 
15650 7.27975E+013 
15700 7.25004E+013 
15750 7.22038E+013 
15800 7.19079E+013 
15850 7.16126E+013 
15900 7.13179E+013 
15950 7.10239E+013 
16000 7.07305E+013 
16050 7.04377E+013 
16100 7.01456E+013 
16150 6.98541E+013 
16200 6.95633E+013 
16250 6.92732E+013 
16300 6.89837E+013 
16350 6.86949E+013 
16400 6.84067E+013 
16450 6.81193E+013 
16500 6.78325E+013 
16550 6.75464E+013 
16600 6.72611E+013 
16650 6.69764E+013 
16700 6.66924E+013 
16750 6.64091E+013 
16800 6.61266E+013 
16850 6.58447E+013 
16900 6.55636E+013 
16950 6.52832E+013 
17000 6.50035E+013 
17050 6.47246E+013 
17100 6.44464E+013 
17150 6.41689E+013 
17200 6.38922E+013 
17250 6.36162E+013 
17300 6.3341E+013 
17350 6.30665E+013 
17400 6.27928E+013 
17450 6.25198E+013 
17500 6.22476E+013 
17550 6.19762E+013 
17600 6.17055E+013 
17650 6.14356E+013 
17700 6.11664E+013 
17750 6.08981E+013 
17800 6.06305E+013 
17850 6.03637E+013 
17900 6.00976E+013 
17950 5.98324E+013 
18000 5.95679E+013 
18050 5.93042E+013 
18100 5.90413E+013 
18150 5.87792E+013 
18200 5.85179E+013 
18250 5.82574E+013 
18300 5.79977E+013 
18350 5.77388E+013 
18400 5.74806E+013 
18450 5.72233E+013 
18500 5.69668E+013 
18550 5.67111E+013 
18600 5.64561E+013 
18650 5.6202E+013 
18700 5.59487E+013 
18750 5.56962E+013 
18800 5.54446E+013 
18850 5.51937E+013 
18900 5.49436E+013 
18950 5.46944E+013 
19000 5.44459E+013 
19050 5.41983E+013 
19100 5.39515E+013 
19150 5.37055E+013 
19200 5.34603E+013 
19250 5.3216E+013 
19300 5.29724E+013 
19350 5.27297E+013 
19400 5.24878E+013 
19450 5.22467E+013 
19500 5.20064E+013 
19550 5.1767E+013 
19600 5.15283E+013 
19650 5.12905E+013 
19700 5.10535E+013 
19750 5.08174E+013 
19800 5.0582E+013 
19850 5.03475E+013 
19900 5.01138E+013 
19950 4.98809E+013 
20000 4.96488E+013 
20050 4.94176E+013 
20100 4.91872E+013 
20150 4.89576E+013 
20200 4.87288E+013 
20250 4.85008E+013 
20300 4.82736E+013 
20350 4.80473E+013 
20400 4.78218E+013 
20450 4.75971E+013 
20500 4.73732E+013 
20550 4.71502E+013 
20600 4.69279E+013 
20650 4.67065E+013 
20700 4.64859E+013 
20750 4.62661E+013 
20800 4.60471E+013 
20850 4.5829E+013 
20900 4.56116E+013 
20950 4.53951E+013 
21000 4.51793E+013 
21050 4.49644E+013 
21100 4.47503E+013 
21150 4.4537E+013 
21200 4.43245E+013 
21250 4.41129E+013 
21300 4.3902E+013 
21350 4.36919E+013 
21400 4.34827E+013 
21450 4.32742E+013 
21500 4.30665E+013 
21550 4.28597E+013 
21600 4.26536E+013 
21650 4.24484E+013 
21700 4.22439E+013 
21750 4.20402E+013 
21800 4.18374E+013 
21850 4.16353E+013 
21900 4.1434E+013 
21950 4.12335E+013 
22000 4.10338E+013 
22050 4.08349E+013 
22100 4.06368E+013 
22150 4.04395E+013 
22200 4.02429E+013 
22250 4.00472E+013 
22300 3.98522E+013 
22350 3.9658E+013 
22400 3.94646E+013 
22450 3.92719E+013 
22500 3.90801E+013 
22550 3.8889E+013 
22600 3.86987E+013 
22650 3.85091E+013 
22700 3.83204E+013 
22750 3.81324E+013 
22800 3.79451E+013 
22850 3.77587E+013 
22900 3.7573E+013 
22950 3.7388E+013 
23000 3.72039E+013 
23050 3.70204E+013 
23100 3.68378E+013 
23150 3.66559E+013 
23200 3.64747E+013 
23250 3.62943E+013 
23300 3.61147E+013 
23350 3.59358E+013 
23400 3.57577E+013 
23450 3.55803E+013 
23500 3.54036E+013 
23550 3.52277E+013 
23600 3.50525E+013 
23650 3.48781E+013 
23700 3.47044E+013 
23750 3.45315E+013 
23800 3.43592E+013 
23850 3.41878E+013 
23900 3.4017E+013 
23950 3.38469E+013 
24000 3.36776E+013 
24050 3.35091E+013 
24100 3.33412E+013 
24150 3.31741E+013 
24200 3.30076E+013 
24250 3.28419E+013 
24300 3.26769E+013 
24350 3.25127E+013 
24400 3.23491E+013 
24450 3.21862E+013 
24500 3.20241E+013 
24550 3.18626E+013 
24600 3.17019E+013 
24650 3.15418E+013 
24700 3.13825E+013 
24750 3.12239E+013 
24800 3.10659E+013 
24850 3.09087E+013 
24900 3.07521E+013 
24950 3.05962E+013 
25000 3.0441E+013 
25050 3.02865E+013 
25100 3.01327E+013 
25150 2.99795E+013 
25200 2.98271E+013 
25250 2.96753E+013 
25300 2.95242E+013 
25350 2.93737E+013 
25400 2.9224E+013 
25450 2.90749E+013 
25500 2.89265E+013 
25550 2.87787E+013 
25600 2.86316E+013 
25650 2.84851E+013 
25700 2.83393E+013 
25750 2.81942E+013 
25800 2.80497E+013 
25850 2.79059E+013 
25900 2.77627E+013 
25950 2.76202E+013 
26000 2.74783E+013 
26050 2.73371E+013 
26100 2.71965E+013 
26150 2.70565E+013 
26200 2.69172E+013 
26250 2.67785E+013 
26300 2.66405E+013 
26350 2.65031E+013 
26400 2.63663E+013 
26450 2.62301E+013 
26500 2.60946E+013 
26550 2.59597E+013 
26600 2.58254E+013 
26650 2.56917E+013 
26700 2.55586E+013 
26750 2.54262E+013 
26800 2.52943E+013 
26850 2.51631E+013 
26900 2.50325E+013 
26950 2.49025E+013 
27000 2.47731E+013 
27050 2.46442E+013 
27100 2.4516E+013 
27150 2.43884E+013 
27200 2.42614E+013 
27250 2.4135E+013 
27300 2.40091E+013 
27350 2.38839E+013 
27400 2.37592E+013 
27450 2.36352E+013 
27500 2.35117E+013 
27550 2.33887E+013 
27600 2.32664E+013 
27650 2.31447E+013 
27700 2.30235E+013 
27750 2.29029E+013 
27800 2.27828E+013 
27850 2.26633E+013 
27900 2.25444E+013 
27950 2.24261E+013 
28000 2.23083E+013 
28050 2.21911E+013 
28100 2.20744E+013 
28150 2.19583E+013 
28200 2.18427E+013 
28250 2.17277E+013 
28300 2.16132E+013 
28350 2.14993E+013 
28400 2.13859E+013 
28450 2.12731E+013 
28500 2.11608E+013 
28550 2.10491E+013 
28600 2.09379E+013 
28650 2.08272E+013 
28700 2.0717E+013 
28750 2.06074E+013 
28800 2.04983E+013 
28850 2.03897E+013 
28900 2.02817E+013 
28950 2.01742E+013 
29000 2.00672E+013 
29050 1.99607E+013 
29100 1.98547E+013 
29150 1.97492E+013 
29200 1.96443E+013 
29250 1.95399E+013 
29300 1.94359E+013 
29350 1.93325E+013 
29400 1.92296E+013 
29450 1.91272E+013 
29500 1.90253E+013 
29550 1.89239E+013 
29600 1.88229E+013 
29650 1.87225E+013 
29700 1.86226E+013 
29750 1.85231E+013 
29800 1.84241E+013 
29850 1.83257E+013 
29900 1.82277E+013 
29950 1.81301E+013 
30000 1.80331E+013 
30050 1.79366E+013 
30100 1.78405E+013 
30150 1.77449E+013 
30200 1.76497E+013 
30250 1.75551E+013 
30300 1.74609E+013 
30350 1.73671E+013 
30400 1.72739E+013 
30450 1.71811E+013 
30500 1.70887E+013 
30550 1.69968E+013 
30600 1.69054E+013 
30650 1.68144E+013 
30700 1.67239E+013 
30750 1.66338E+013 
30800 1.65442E+013 
30850 1.6455E+013 
30900 1.63662E+013 
30950 1.6278E+013 
31000 1.61901E+013 
31050 1.61027E+013 
31100 1.60157E+013 
31150 1.59292E+013 
31200 1.58431E+013 
31250 1.57574E+013 
31300 1.56721E+013 
31350 1.55873E+013 
31400 1.55029E+013 
31450 1.54189E+013 
31500 1.53354E+013 
31550 1.52523E+013 
31600 1.51696E+013 
31650 1.50873E+013 
31700 1.50054E+013 
31750 1.49239E+013 
31800 1.48429E+013 
31850 1.47622E+013 
31900 1.4682E+013 
31950 1.46022E+013 
32000 1.45227E+013 
32050 1.44437E+013 
32100 1.43651E+013 
32150 1.42869E+013 
32200 1.4209E+013 
32250 1.41316E+013 
32300 1.40546E+013 
32350 1.39779E+013 
32400 1.39017E+013 
32450 1.38258E+013 
32500 1.37503E+013 
32550 1.36752E+013 
32600 1.36005E+013 
32650 1.35262E+013 
32700 1.34522E+013 
32750 1.33787E+013 
32800 1.33055E+013 
32850 1.32327E+013 
32900 1.31602E+013 
32950 1.30881E+013 
33000 1.30164E+013 
33050 1.29451E+013 
33100 1.28741E+013 
33150 1.28035E+013 
33200 1.27333E+013 
33250 1.26634E+013 
33300 1.25938E+013 
33350 1.25247E+013 
33400 1.24559E+013 
33450 1.23874E+013 
33500 1.23193E+013 
33550 1.22516E+013 
33600 1.21842E+013 
33650 1.21171E+013 
33700 1.20504E+013 
33750 1.19841E+013 
33800 1.1918E+013 
33850 1.18524E+013 
33900 1.1787E+013 
33950 1.1722E+013 
34000 1.16574E+013 
34050 1.1593E+013 
34100 1.15291E+013 
34150 1.14654E+013 
34200 1.14021E+013 
34250 1.13391E+013 
34300 1.12764E+013 
34350 1.12141E+013 
34400 1.11521E+013 
34450 1.10904E+013 
34500 1.1029E+013 
34550 1.09679E+013 
34600 1.09072E+013 
34650 1.08468E+013 
34700 1.07867E+013 
34750 1.07269E+013 
34800 1.06674E+013 
34850 1.06083E+013 
34900 1.05494E+013 
34950 1.04909E+013 
35000 1.04327E+013 
35050 1.03747E+013 
35100 1.03171E+013 
35150 1.02598E+013 
35200 1.02028E+013 
35250 1.01461E+013 
35300 1.00896E+013 
35350 1.00335E+013 
35400 9.97768E+012 
35450 9.92215E+012 
35500 9.8669E+012 
35550 9.81195E+012 
35600 9.75729E+012 
35650 9.70292E+012 
35700 9.64883E+012 
35750 9.59503E+012 
35800 9.54152E+012 
35850 9.48829E+012 
35900 9.43534E+012 
35950 9.38267E+012 
36000 9.33027E+012 
36050 9.27816E+012 
36100 9.22632E+012 
36150 9.17476E+012 
36200 9.12347E+012 
36250 9.07246E+012 
36300 9.02171E+012 
36350 8.97123E+012 
36400 8.92103E+012 
36450 8.87109E+012 
36500 8.82141E+012 
36550 8.772E+012 
36600 8.72286E+012 
36650 8.67397E+012 
36700 8.62535E+012 
36750 8.57698E+012 
36800 8.52888E+012 
36850 8.48103E+012 
36900 8.43343E+012 
36950 8.38609E+012 
37000 8.339E+012 
37050 8.29217E+012 
37100 8.24558E+012 
37150 8.19925E+012 
37200 8.15316E+012 
37250 8.10732E+012 
37300 8.06173E+012 
37350 8.01638E+012 
37400 7.97127E+012 
37450 7.9264E+012 
37500 7.88178E+012 
37550 7.8374E+012 
37600 7.79325E+012 
37650 7.74934E+012 
37700 7.70567E+012 
37750 7.66223E+012 
37800 7.61903E+012 
37850 7.57606E+012 
37900 7.53332E+012 
37950 7.49081E+012 
38000 7.44853E+012 
38050 7.40647E+012 
38100 7.36465E+012 
38150 7.32305E+012 
38200 7.28167E+012 
38250 7.24052E+012 
38300 7.19959E+012 
38350 7.15889E+012 
38400 7.1184E+012 
38450 7.07813E+012 
38500 7.03808E+012 
38550 6.99824E+012 
38600 6.95863E+012 
38650 6.91922E+012 
38700 6.88003E+012 
38750 6.84106E+012 
38800 6.80229E+012 
38850 6.76374E+012 
38900 6.72539E+012 
38950 6.68725E+012 
39000 6.64932E+012 
39050 6.6116E+012 
39100 6.57408E+012 
39150 6.53676E+012 
39200 6.49965E+012 
39250 6.46274E+012 
39300 6.42603E+012 
39350 6.38952E+012 
39400 6.35321E+012 
39450 6.3171E+012 
39500 6.28118E+012 
39550 6.24546E+012 
39600 6.20994E+012 
39650 6.17461E+012 
39700 6.13947E+012 
39750 6.10452E+012 
39800 6.06977E+012 
39850 6.0352E+012 
39900 6.00083E+012 
39950 5.96664E+012 
40000 5.93264E+012 
40050 5.89883E+012 
40100 5.8652E+012 
40150 5.83175E+012 
40200 5.79849E+012 
40250 5.76541E+012 
40300 5.73251E+012 
40350 5.6998E+012 
40400 5.66726E+012 
40450 5.6349E+012 
40500 5.60272E+012 
40550 5.57071E+012 
40600 5.53889E+012 
40650 5.50723E+012 
40700 5.47575E+012 
40750 5.44445E+012 
40800 5.41331E+012 
40850 5.38235E+012 
40900 5.35156E+012 
40950 5.32093E+012 
41000 5.29048E+012 
41050 5.26019E+012 
41100 5.23007E+012 
41150 5.20012E+012 
41200 5.17033E+012 
41250 5.14071E+012 
41300 5.11125E+012 
41350 5.08195E+012 
41400 5.05282E+012 
41450 5.02385E+012 
41500 4.99503E+012 
41550 4.96638E+012 
41600 4.93788E+012 
41650 4.90954E+012 
41700 4.88136E+012 
41750 4.85334E+012 
41800 4.82546E+012 
41850 4.79775E+012 
41900 4.77019E+012 
41950 4.74278E+012 
42000 4.71552E+012 
42050 4.68841E+012 
42100 4.66146E+012 
42150 4.63465E+012 
42200 4.608E+012 
42250 4.58148E+012 
42300 4.55512E+012 
42350 4.52891E+012 
42400 4.50284E+012 
42450 4.47691E+012 
42500 4.45113E+012 
42550 4.4255E+012 
42600 4.4E+012 
42650 4.37465E+012 
42700 4.34944E+012 
42750 4.32437E+012 
42800 4.29944E+012 
42850 4.27464E+012 
42900 4.24999E+012 
42950 4.22547E+012 
43000 4.20109E+012 
43050 4.17685E+012 
43100 4.15274E+012 
43150 4.12877E+012 
43200 4.10493E+012 
43250 4.08122E+012 
43300 4.05765E+012 
43350 4.03421E+012 
43400 4.01089E+012 
43450 3.98771E+012 
43500 3.96466E+012 
43550 3.94174E+012 
43600 3.91895E+012 
43650 3.89628E+012 
43700 3.87374E+012 
43750 3.85133E+012 
43800 3.82904E+012 
43850 3.80688E+012 
43900 3.78484E+012 
43950 3.76293E+012 
44000 3.74113E+012 
44050 3.71946E+012 
44100 3.69792E+012 
44150 3.67649E+012 
44200 3.65518E+012 
44250 3.634E+012 
44300 3.61293E+012 
44350 3.59198E+012 
44400 3.57115E+012 
44450 3.55043E+012 
44500 3.52984E+012 
44550 3.50935E+012 
44600 3.48899E+012 
44650 3.46874E+012 
44700 3.4486E+012 
44750 3.42857E+012 
44800 3.40866E+012 
44850 3.38886E+012 
44900 3.36917E+012 
44950 3.3496E+012 
45000 3.33013E+012 
45050 3.31077E+012 
45100 3.29153E+012 
45150 3.27239E+012 
45200 3.25336E+012 
45250 3.23443E+012 
45300 3.21562E+012 
45350 3.19691E+012 
45400 3.1783E+012 
45450 3.1598E+012 
45500 3.14141E+012 
45550 3.12312E+012 
45600 3.10493E+012 
45650 3.08685E+012 
45700 3.06887E+012 
45750 3.05099E+012 
45800 3.03321E+012 
45850 3.01553E+012 
45900 2.99795E+012 
45950 2.98047E+012 
46000 2.96309E+012 
46050 2.94581E+012 
46100 2.92863E+012 
46150 2.91155E+012 
46200 2.89456E+012 
46250 2.87766E+012 
46300 2.86087E+012 
46350 2.84417E+012 
46400 2.82756E+012 
46450 2.81105E+012 
46500 2.79463E+012 
46550 2.77831E+012 
46600 2.76208E+012 
46650 2.74594E+012 
46700 2.72989E+012 
46750 2.71393E+012 
46800 2.69807E+012 
46850 2.68229E+012 
46900 2.66661E+012 
46950 2.65101E+012 
47000 2.6355E+012 
47050 2.62008E+012 
47100 2.60475E+012 
47150 2.58951E+012 
47200 2.57435E+012 
47250 2.55928E+012 
47300 2.5443E+012 
47350 2.5294E+012 
47400 2.51458E+012 
47450 2.49985E+012 
47500 2.48521E+012 
47550 2.47065E+012 
47600 2.45617E+012 
47650 2.44177E+012 
47700 2.42746E+012 
47750 2.41322E+012 
47800 2.39907E+012 
47850 2.385E+012 
47900 2.37101E+012 
47950 2.3571E+012 
48000 2.34327E+012 
48050 2.32952E+012 
48100 2.31585E+012 
48150 2.30226E+012 
48200 2.28874E+012 
48250 2.2753E+012 
48300 2.26194E+012 
48350 2.24865E+012 
48400 2.23545E+012 
48450 2.22231E+012 
48500 2.20925E+012 
48550 2.19627E+012 
48600 2.18336E+012 
48650 2.17053E+012 
48700 2.15776E+012 
48750 2.14508E+012 
48800 2.13246E+012 
48850 2.11992E+012 
48900 2.10745E+012 
48950 2.09505E+012 
49000 2.08272E+012 
49050 2.07046E+012 
49100 2.05828E+012 
49150 2.04616E+012 
49200 2.03411E+012 
49250 2.02214E+012 
49300 2.01023E+012 
49350 1.99839E+012 
49400 1.98661E+012 
49450 1.97491E+012 
49500 1.96327E+012 
49550 1.9517E+012 
49600 1.9402E+012 
49650 1.92876E+012 
49700 1.91739E+012 
49750 1.90608E+012 
49800 1.89484E+012 
49850 1.88367E+012 
49900 1.87256E+012 
49950 1.86151E+012 
50000 1.85052E+012 
50050 1.8396E+012 
50100 1.82874E+012 
50150 1.81795E+012 
50200 1.80722E+012 
50250 1.79655E+012 
50300 1.78594E+012 
50350 1.77539E+012 
50400 1.7649E+012 
50450 1.75448E+012 
50500 1.74411E+012 
50550 1.7338E+012 
50600 1.72356E+012 
50650 1.71337E+012 
50700 1.70324E+012 
50750 1.69317E+012 
50800 1.68316E+012 
50850 1.67321E+012 
50900 1.66331E+012 
50950 1.65347E+012 
51000 1.64369E+012 
51050 1.63396E+012 
51100 1.62429E+012 
51150 1.61468E+012 
51200 1.60512E+012 
51250 1.59562E+012 
51300 1.58618E+012 
51350 1.57678E+012 
51400 1.56744E+012 
51450 1.55816E+012 
51500 1.54893E+012 
51550 1.53975E+012 
51600 1.53063E+012 
51650 1.52156E+012 
51700 1.51254E+012 
51750 1.50358E+012 
51800 1.49467E+012 
51850 1.4858E+012 
51900 1.47699E+012 
51950 1.46823E+012 
52000 1.45953E+012 
52050 1.45087E+012 
52100 1.44226E+012 
52150 1.43371E+012 
52200 1.4252E+012 
52250 1.41674E+012 
52300 1.40833E+012 
52350 1.39997E+012 
52400 1.39166E+012 
52450 1.3834E+012 
52500 1.37518E+012 
52550 1.36702E+012 
52600 1.3589E+012 
52650 1.35083E+012 
52700 1.3428E+012 
52750 1.33482E+012 
52800 1.32689E+012 
52850 1.319E+012 
52900 1.31116E+012 
52950 1.30337E+012 
53000 1.29562E+012 
53050 1.28792E+012 
53100 1.28026E+012 
53150 1.27265E+012 
53200 1.26507E+012 
53250 1.25755E+012 
53300 1.25007E+012 
53350 1.24263E+012 
53400 1.23524E+012 
53450 1.22788E+012 
53500 1.22058E+012 
53550 1.21331E+012 
53600 1.20609E+012 
53650 1.19891E+012 
53700 1.19177E+012 
53750 1.18467E+012 
53800 1.17761E+012 
53850 1.1706E+012 
53900 1.16362E+012 
53950 1.15669E+012 
54000 1.1498E+012 
54050 1.14295E+012 
54100 1.13613E+012 
54150 1.12936E+012 
54200 1.12263E+012 
54250 1.11594E+012 
54300 1.10928E+012 
54350 1.10267E+012 
54400 1.09609E+012 
54450 1.08955E+012 
54500 1.08305E+012 
54550 1.07659E+012 
54600 1.07017E+012 
54650 1.06378E+012 
54700 1.05743E+012 
54750 1.05112E+012 
54800 1.04485E+012 
54850 1.03861E+012 
54900 1.03241E+012 
54950 1.02624E+012 
55000 1.02012E+012 
55050 1.01402E+012 
55100 1.00796E+012 
55150 1.00194E+012 
55200 9.95958E+011 
55250 9.90007E+011 
55300 9.84091E+011 
55350 9.7821E+011 
55400 9.72363E+011 
55450 9.6655E+011 
55500 9.60772E+011 
55550 9.55028E+011 
55600 9.49317E+011 
55650 9.4364E+011 
55700 9.37997E+011 
55750 9.32386E+011 
55800 9.26808E+011 
55850 9.21264E+011 
55900 9.15752E+011 
55950 9.10272E+011 
56000 9.04824E+011 
56050 8.99409E+011 
56100 8.94025E+011 
56150 8.88673E+011 
56200 8.83353E+011 
56250 8.78064E+011 
56300 8.72806E+011 
56350 8.67579E+011 
56400 8.62383E+011 
56450 8.57217E+011 
56500 8.52082E+011 
56550 8.46977E+011 
56600 8.41902E+011 
56650 8.36857E+011 
56700 8.31842E+011 
56750 8.26856E+011 
56800 8.219E+011 
56850 8.16973E+011 
56900 8.12074E+011 
56950 8.07205E+011 
57000 8.02365E+011 
57050 7.97553E+011 
57100 7.9277E+011 
57150 7.88014E+011 
57200 7.83287E+011 
57250 7.78588E+011 
57300 7.73916E+011 
57350 7.69272E+011 
57400 7.64656E+011 
57450 7.60066E+011 
57500 7.55504E+011 
57550 7.50969E+011 
57600 7.4646E+011 
57650 7.41978E+011 
57700 7.37523E+011 
57750 7.33094E+011 
57800 7.28691E+011 
57850 7.24314E+011 
57900 7.19963E+011 
57950 7.15638E+011 
58000 7.11338E+011 
58050 7.07064E+011 
58100 7.02815E+011 
58150 6.98591E+011 
58200 6.94393E+011 
58250 6.90219E+011 
58300 6.86069E+011 
58350 6.81945E+011 
58400 6.77844E+011 
58450 6.73768E+011 
58500 6.69716E+011 
58550 6.65688E+011 
58600 6.61684E+011 
58650 6.57704E+011 
58700 6.53747E+011 
58750 6.49814E+011 
58800 6.45904E+011 
58850 6.42017E+011 
58900 6.38153E+011 
58950 6.34312E+011 
59000 6.30494E+011 
59050 6.26699E+011 
59100 6.22926E+011 
59150 6.19175E+011 
59200 6.15447E+011 
59250 6.11741E+011 
59300 6.08056E+011 
59350 6.04394E+011 
59400 6.00753E+011 
59450 5.97134E+011 
59500 5.93537E+011 
59550 5.89961E+011 
59600 5.86406E+011 
59650 5.82872E+011 
59700 5.79359E+011 
59750 5.75867E+011 
59800 5.72395E+011 
59850 5.68945E+011 
59900 5.65515E+011 
59950 5.62105E+011 
60000 5.58715E+011 
60050 5.55346E+011 
60100 5.51997E+011 
60150 5.48667E+011 
60200 5.45357E+011 
60250 5.42067E+011 
60300 5.38797E+011 
60350 5.35546E+011 
60400 5.32315E+011 
60450 5.29102E+011 
60500 5.25909E+011 
60550 5.22735E+011 
60600 5.19579E+011 
60650 5.16443E+011 
60700 5.13325E+011 
60750 5.10225E+011 
60800 5.07145E+011 
60850 5.04082E+011 
60900 5.01037E+011 
60950 4.98011E+011 
61000 4.95003E+011 
61050 4.92013E+011 
61100 4.89041E+011 
61150 4.86086E+011 
61200 4.83149E+011 
61250 4.80229E+011 
61300 4.77327E+011 
61350 4.74442E+011 
61400 4.71574E+011 
61450 4.68723E+011 
61500 4.6589E+011 
61550 4.63073E+011 
61600 4.60273E+011 
61650 4.5749E+011 
61700 4.54723E+011 
61750 4.51973E+011 
61800 4.4924E+011 
61850 4.46522E+011 
61900 4.43821E+011 
61950 4.41136E+011 
62000 4.38467E+011 
62050 4.35814E+011 
62100 4.33177E+011 
62150 4.30555E+011 
62200 4.27949E+011 
62250 4.25359E+011 
62300 4.22784E+011 
62350 4.20225E+011 
62400 4.17681E+011 
62450 4.15152E+011 
62500 4.12638E+011 
62550 4.10139E+011 
62600 4.07655E+011 
62650 4.05186E+011 
62700 4.02732E+011 
62750 4.00292E+011 
62800 3.97867E+011 
62850 3.95457E+011 
62900 3.93061E+011 
62950 3.90679E+011 
63000 3.88312E+011 
63050 3.85958E+011 
63100 3.83619E+011 
63150 3.81294E+011 
63200 3.78983E+011 
63250 3.76685E+011 
63300 3.74401E+011 
63350 3.72131E+011 
63400 3.69875E+011 
63450 3.67632E+011 
63500 3.65402E+011 
63550 3.63186E+011 
63600 3.60983E+011 
63650 3.58794E+011 
63700 3.56617E+011 
63750 3.54453E+011 
63800 3.52303E+011 
63850 3.50165E+011 
63900 3.4804E+011 
63950 3.45928E+011 
64000 3.43828E+011 
64050 3.41742E+011 
64100 3.39667E+011 
64150 3.37605E+011 
64200 3.35556E+011 
64250 3.33518E+011 
64300 3.31493E+011 
64350 3.2948E+011 
64400 3.27479E+011 
64450 3.25491E+011 
64500 3.23514E+011 
64550 3.21549E+011 
64600 3.19595E+011 
64650 3.17654E+011 
64700 3.15724E+011 
64750 3.13806E+011 
64800 3.11899E+011 
64850 3.10003E+011 
64900 3.0812E+011 
64950 3.06247E+011 
65000 3.04386E+011 
65050 3.02535E+011 
65100 3.00696E+011 
65150 2.98868E+011 
65200 2.97051E+011 
65250 2.95245E+011 
65300 2.9345E+011 
65350 2.91665E+011 
65400 2.89891E+011 
65450 2.88128E+011 
65500 2.86376E+011 
65550 2.84634E+011 
65600 2.82902E+011 
65650 2.81181E+011 
65700 2.79471E+011 
65750 2.7777E+011 
65800 2.7608E+011 
65850 2.744E+011 
65900 2.7273E+011 
65950 2.7107E+011 
66000 2.6942E+011 
66050 2.6778E+011 
66100 2.6615E+011 
66150 2.6453E+011 
66200 2.62919E+011 
66250 2.61318E+011 
66300 2.59727E+011 
66350 2.58145E+011 
66400 2.56573E+011 
66450 2.55011E+011 
66500 2.53457E+011 
66550 2.51914E+011 
66600 2.50379E+011 
66650 2.48854E+011 
66700 2.47337E+011 
66750 2.4583E+011 
66800 2.44332E+011 
66850 2.42844E+011 
66900 2.41364E+011 
66950 2.39893E+011 
67000 2.38431E+011 
67050 2.36977E+011 
67100 2.35533E+011 
67150 2.34097E+011 
67200 2.3267E+011 
67250 2.31251E+011 
67300 2.29841E+011 
67350 2.2844E+011 
67400 2.27046E+011 
67450 2.25662E+011 
67500 2.24285E+011 
67550 2.22917E+011 
67600 2.21558E+011 
67650 2.20206E+011 
67700 2.18863E+011 
67750 2.17527E+011 
67800 2.162E+011 
67850 2.14881E+011 
67900 2.1357E+011 
67950 2.12266E+011 
68000 2.10971E+011 
68050 2.09683E+011 
68100 2.08403E+011 
68150 2.07131E+011 
68200 2.05867E+011 
68250 2.0461E+011 
68300 2.03361E+011 
68350 2.02119E+011 
68400 2.00885E+011 
68450 1.99658E+011 
68500 1.98439E+011 
68550 1.97227E+011 
68600 1.96023E+011 
68650 1.94825E+011 
68700 1.93635E+011 
68750 1.92452E+011 
68800 1.91277E+011 
68850 1.90108E+011 
68900 1.88946E+011 
68950 1.87792E+011 
69000 1.86644E+011 
69050 1.85504E+011 
69100 1.8437E+011 
69150 1.83243E+011 
69200 1.82123E+011 
69250 1.8101E+011 
69300 1.79903E+011 
69350 1.78804E+011 
69400 1.7771E+011 
69450 1.76624E+011 
69500 1.75544E+011 
69550 1.7447E+011 
69600 1.73404E+011 
69650 1.72343E+011 
69700 1.71289E+011 
69750 1.70241E+011 
69800 1.692E+011 
69850 1.68165E+011 
69900 1.67136E+011 
69950 1.66114E+011 
70000 1.65098E+011 
70050 1.64087E+011 
70100 1.63083E+011 
70150 1.62085E+011 
70200 1.61094E+011 
70250 1.60108E+011 
70300 1.59128E+011 
70350 1.58154E+011 
70400 1.57186E+011 
70450 1.56223E+011 
70500 1.55267E+011 
70550 1.54317E+011 
70600 1.53372E+011 
70650 1.52433E+011 
70700 1.51499E+011 
70750 1.50571E+011 
70800 1.49649E+011 
70850 1.48733E+011 
70900 1.47822E+011 
70950 1.46917E+011 
71000 1.46017E+011 
71050 1.45122E+011 
71100 1.44233E+011 
71150 1.43349E+011 
71200 1.42471E+011 
71250 1.41598E+011 
71300 1.40731E+011 
71350 1.39868E+011 
71400 1.39011E+011 
71450 1.38159E+011 
71500 1.37312E+011 
71550 1.36471E+011 
71600 1.35634E+011 
71650 1.34803E+011 
71700 1.33976E+011 
71750 1.33155E+011 
71800 1.32339E+011 
71850 1.31527E+011 
71900 1.30721E+011 
71950 1.29919E+011 
72000 1.29123E+011 
72050 1.28331E+011 
72100 1.27544E+011 
72150 1.26761E+011 
72200 1.25984E+011 
72250 1.25211E+011 
72300 1.24443E+011 
72350 1.23679E+011 
72400 1.22921E+011 
72450 1.22167E+011 
72500 1.21417E+011 
72550 1.20672E+011 
72600 1.19931E+011 
72650 1.19195E+011 
72700 1.18464E+011 
72750 1.17737E+011 
72800 1.17014E+011 
72850 1.16296E+011 
72900 1.15582E+011 
72950 1.14873E+011 
73000 1.14167E+011 
73050 1.13466E+011 
73100 1.1277E+011 
73150 1.12077E+011 
73200 1.11389E+011 
73250 1.10705E+011 
73300 1.10025E+011 
73350 1.09349E+011 
73400 1.08678E+011 
73450 1.0801E+011 
73500 1.07347E+011 
73550 1.06687E+011 
73600 1.06032E+011 
73650 1.05381E+011 
73700 1.04733E+011 
73750 1.0409E+011 
73800 1.0345E+011 
73850 1.02814E+011 
73900 1.02183E+011 
73950 1.01555E+011 
74000 1.00931E+011 
74050 1.0031E+011 
74100 9.96938E+010 
74150 9.9081E+010 
74200 9.8472E+010 
74250 9.78666E+010 
74300 9.7265E+010 
74350 9.6667E+010 
74400 9.60727E+010 
74450 9.5482E+010 
74500 9.48949E+010 
74550 9.43114E+010 
74600 9.37314E+010 
74650 9.3155E+010 
74700 9.2582E+010 
74750 9.20126E+010 
74800 9.14467E+010 
74850 9.08842E+010 
74900 9.03251E+010 
74950 8.97695E+010 
75000 8.92172E+010 
75050 8.86683E+010 
75100 8.81228E+010 
75150 8.75806E+010 
75200 8.70416E+010 
75250 8.6506E+010 
75300 8.59737E+010 
75350 8.54446E+010 
75400 8.49187E+010 
75450 8.43961E+010 
75500 8.38766E+010 
75550 8.33603E+010 
75600 8.28472E+010 
75650 8.23372E+010 
75700 8.18303E+010 
75750 8.13265E+010 
75800 8.08258E+010 
75850 8.03281E+010 
75900 7.98335E+010 
75950 7.93419E+010 
76000 7.88533E+010 
76050 7.83677E+010 
76100 7.7885E+010 
76150 7.74053E+010 
76200 7.69286E+010 
76250 7.64547E+010 
76300 7.59838E+010 
76350 7.55157E+010 
76400 7.50505E+010 
76450 7.45881E+010 
76500 7.41286E+010 
76550 7.36718E+010 
76600 7.32179E+010 
76650 7.27667E+010 
76700 7.23183E+010 
76750 7.18726E+010 
76800 7.14297E+010 
76850 7.09895E+010 
76900 7.05519E+010 
76950 7.0117E+010 
77000 6.96848E+010 
77050 6.92553E+010 
77100 6.88283E+010 
77150 6.8404E+010 
77200 6.79823E+010 
77250 6.75632E+010 
77300 6.71466E+010 
77350 6.67325E+010 
77400 6.63211E+010 
77450 6.59121E+010 
77500 6.55056E+010 
77550 6.51016E+010 
77600 6.47001E+010 
77650 6.4301E+010 
77700 6.39044E+010 
77750 6.35102E+010 
77800 6.31185E+010 
77850 6.27291E+010 
77900 6.23421E+010 
77950 6.19575E+010 
78000 6.15752E+010 
78050 6.11953E+010 
78100 6.08177E+010 
78150 6.04424E+010 
78200 6.00694E+010 
78250 5.96987E+010 
78300 5.93303E+010 
78350 5.89641E+010 
78400 5.86002E+010 
78450 5.82385E+010 
78500 5.7879E+010 
78550 5.75217E+010 
78600 5.71667E+010 
78650 5.68137E+010 
78700 5.6463E+010 
78750 5.61144E+010 
78800 5.57679E+010 
78850 5.54236E+010 
78900 5.50813E+010 
78950 5.47412E+010 
79000 5.44032E+010 
79050 5.40672E+010 
79100 5.37333E+010 
79150 5.34014E+010 
79200 5.30716E+010 
79250 5.27438E+010 
79300 5.2418E+010 
79350 5.20942E+010 
79400 5.17724E+010 
79450 5.14525E+010 
79500 5.11347E+010 
79550 5.08187E+010 
79600 5.05047E+010 
79650 5.01927E+010 
79700 4.98825E+010 
79750 4.95743E+010 
79800 4.92679E+010 
79850 4.89635E+010 
79900 4.86609E+010 
79950 4.83601E+010 
80000 4.80612E+010 
80050 4.77641E+010 
80100 4.74689E+010 
80150 4.71755E+010 
80200 4.68838E+010 
80250 4.6594E+010 
80300 4.63059E+010 
80350 4.60196E+010 
80400 4.57351E+010 
80450 4.54523E+010 
80500 4.51713E+010 
80550 4.4892E+010 
80600 4.46143E+010 
80650 4.43385E+010 
80700 4.40642E+010 
80750 4.37917E+010 
80800 4.35209E+010 
80850 4.32517E+010 
80900 4.29842E+010 
80950 4.27183E+010 
81000 4.2454E+010 
81050 4.21914E+010 
81100 4.19304E+010 
81150 4.1671E+010 
81200 4.14131E+010 
81250 4.11569E+010 
81300 4.09023E+010 
81350 4.06492E+010 
81400 4.03976E+010 
81450 4.01476E+010 
81500 3.98992E+010 
81550 3.96522E+010 
81600 3.94068E+010 
81650 3.91629E+010 
81700 3.89205E+010 
81750 3.86796E+010 
81800 3.84402E+010 
81850 3.82022E+010 
81900 3.79658E+010 
81950 3.77307E+010 
82000 3.74971E+010 
82050 3.7265E+010 
82100 3.70342E+010 
82150 3.68049E+010 
82200 3.6577E+010 
82250 3.63505E+010 
82300 3.61254E+010 
82350 3.59017E+010 
82400 3.56794E+010 
82450 3.54584E+010 
82500 3.52388E+010 
82550 3.50205E+010 
82600 3.48036E+010 
82650 3.4588E+010 
82700 3.43738E+010 
82750 3.41608E+010 
82800 3.39492E+010 
82850 3.37389E+010 
82900 3.35299E+010 
82950 3.33221E+010 
83000 3.31157E+010 
83050 3.29105E+010 
83100 3.27065E+010 
83150 3.25039E+010 
83200 3.23024E+010 
83250 3.21023E+010 
83300 3.19033E+010 
83350 3.17056E+010 
83400 3.15091E+010 
83450 3.13138E+010 
83500 3.11197E+010 
83550 3.09268E+010 
83600 3.07351E+010 
83650 3.05445E+010 
83700 3.03552E+010 
83750 3.0167E+010 
83800 2.998E+010 
83850 2.97941E+010 
83900 2.96094E+010 
83950 2.94258E+010 
84000 2.92433E+010 
84050 2.9062E+010 
84100 2.88818E+010 
84150 2.87027E+010 
84200 2.85247E+010 
84250 2.83477E+010 
84300 2.81719E+010 
84350 2.79972E+010 
84400 2.78235E+010 
84450 2.76509E+010 
84500 2.74794E+010 
84550 2.7309E+010 
84600 2.71396E+010 
84650 2.69712E+010 
84700 2.68039E+010 
84750 2.66376E+010 
84800 2.64723E+010 
84850 2.6308E+010 
84900 2.61448E+010 
84950 2.59826E+010 
85000 2.58213E+010 
85050 2.56611E+010 
85100 2.55019E+010 
85150 2.53436E+010 
85200 2.51863E+010 
85250 2.503E+010 
85300 2.48746E+010 
85350 2.47202E+010 
85400 2.45668E+010 
85450 2.44143E+010 
85500 2.42627E+010 
85550 2.41121E+010 
85600 2.39624E+010 
85650 2.38137E+010 
85700 2.36658E+010 
85750 2.35189E+010 
85800 2.33729E+010 
85850 2.32277E+010 
85900 2.30835E+010 
85950 2.29402E+010 
86000 2.27977E+010 
86050 2.26561E+010 
86100 2.25154E+010 
86150 2.23756E+010 
86200 2.22366E+010 
86250 2.20985E+010 
86300 2.19613E+010 
86350 2.18248E+010 
86400 2.16893E+010 
86450 2.15546E+010 
86500 2.14207E+010 
86550 2.12876E+010 
86600 2.11553E+010 
86650 2.10239E+010 
86700 2.08933E+010 
86750 2.07635E+010 
86800 2.06345E+010 
86850 2.05062E+010 
86900 2.03788E+010 
86950 2.02522E+010 
87000 2.01263E+010 
87050 2.00013E+010 
87100 1.9877E+010 
87150 1.97534E+010 
87200 1.96307E+010 
87250 1.95086E+010 
87300 1.93874E+010 
87350 1.92669E+010 
87400 1.91471E+010 
87450 1.90281E+010 
87500 1.89098E+010 
87550 1.87923E+010 
87600 1.86754E+010 
87650 1.85593E+010 
87700 1.8444E+010 
87750 1.83293E+010 
87800 1.82153E+010 
87850 1.81021E+010 
87900 1.79895E+010 
87950 1.78776E+010 
88000 1.77665E+010 
88050 1.7656E+010 
88100 1.75462E+010 
88150 1.74371E+010 
88200 1.73286E+010 
88250 1.72208E+010 
88300 1.71137E+010 
88350 1.70073E+010 
88400 1.69015E+010 
88450 1.67964E+010 
88500 1.66919E+010 
88550 1.6588E+010 
88600 1.64848E+010 
88650 1.63823E+010 
88700 1.62804E+010 
88750 1.61791E+010 
88800 1.60784E+010 
88850 1.59784E+010 
88900 1.5879E+010 
88950 1.57802E+010 
89000 1.5682E+010 
89050 1.55844E+010 
89100 1.54874E+010 
89150 1.5391E+010 
89200 1.52952E+010 
89250 1.52001E+010 
89300 1.51054E+010 
89350 1.50114E+010 
89400 1.4918E+010 
89450 1.48251E+010 
89500 1.47329E+010 
89550 1.46411E+010 
89600 1.455E+010 
89650 1.44594E+010 
89700 1.43694E+010 
89750 1.428E+010 
89800 1.41911E+010 
89850 1.41027E+010 
89900 1.40149E+010 
89950 1.39276E+010 
90000 1.38409E+010 
90050 1.37547E+010 
90100 1.36691E+010 
90150 1.3584E+010 
90200 1.34994E+010 
90250 1.34153E+010 
90300 1.33317E+010 
90350 1.32487E+010 
90400 1.31662E+010 
90450 1.30842E+010 
90500 1.30027E+010 
90550 1.29217E+010 
90600 1.28412E+010 
90650 1.27612E+010 
90700 1.26817E+010 
90750 1.26027E+010 
90800 1.25242E+010 
90850 1.24462E+010 
90900 1.23687E+010 
90950 1.22916E+010 
91000 1.2215E+010 
91050 1.21389E+010 
91100 1.20633E+010 
91150 1.19881E+010 
91200 1.19134E+010 
91250 1.18392E+010 
91300 1.17654E+010 
91350 1.16921E+010 
91400 1.16192E+010 
91450 1.15468E+010 
91500 1.14748E+010 
91550 1.14033E+010 
91600 1.13322E+010 
91650 1.12616E+010 
91700 1.11914E+010 
91750 1.11217E+010 
91800 1.10523E+010 
91850 1.09834E+010 
91900 1.0915E+010 
91950 1.08469E+010 
92000 1.07793E+010 
92050 1.07121E+010 
92100 1.06453E+010 
92150 1.0579E+010 
92200 1.0513E+010 
92250 1.04474E+010 
92300 1.03823E+010 
92350 1.03176E+010 
92400 1.02532E+010 
92450 1.01893E+010 
92500 1.01257E+010 
92550 1.00626E+010 
92600 9.99984E+009 
92650 9.93747E+009 
92700 9.87549E+009 
92750 9.8139E+009 
92800 9.75269E+009 
92850 9.69186E+009 
92900 9.63141E+009 
92950 9.57133E+009 
93000 9.51162E+009 
93050 9.45229E+009 
93100 9.39332E+009 
93150 9.33472E+009 
93200 9.27649E+009 
93250 9.21861E+009 
93300 9.1611E+009 
93350 9.10394E+009 
93400 9.04714E+009 
93450 8.99069E+009 
93500 8.93459E+009 
93550 8.87884E+009 
93600 8.82344E+009 
93650 8.76837E+009 
93700 8.71366E+009 
93750 8.65928E+009 
93800 8.60524E+009 
93850 8.55153E+009 
93900 8.49816E+009 
93950 8.44512E+009 
94000 8.39241E+009 
94050 8.34003E+009 
94100 8.28797E+009 
94150 8.23624E+009 
94200 8.18483E+009 
94250 8.13373E+009 
94300 8.08296E+009 
94350 8.0325E+009 
94400 7.98235E+009 
94450 7.93252E+009 
94500 7.883E+009 
94550 7.83378E+009 
94600 7.78487E+009 
94650 7.73626E+009 
94700 7.68796E+009 
94750 7.63995E+009 
94800 7.59225E+009 
94850 7.54484E+009 
94900 7.49772E+009 
94950 7.4509E+009 
95000 7.40437E+009 
95050 7.35813E+009 
95100 7.31218E+009 
95150 7.26651E+009 
95200 7.22113E+009 
95250 7.17602E+009 
95300 7.1312E+009 
95350 7.08666E+009 
95400 7.04239E+009 
95450 6.9984E+009 
95500 6.95469E+009 
95550 6.91124E+009 
95600 6.86807E+009 
95650 6.82516E+009 
95700 6.78252E+009 
95750 6.74015E+009 
95800 6.69804E+009 
95850 6.65619E+009 
95900 6.6146E+009 
95950 6.57328E+009 
96000 6.5322E+009 
96050 6.49139E+009 
96100 6.45082E+009 
96150 6.41051E+009 
96200 6.37046E+009 
96250 6.33064E+009 
96300 6.29108E+009 
96350 6.25177E+009 
96400 6.2127E+009 
96450 6.17387E+009 
96500 6.13528E+009 
96550 6.09693E+009 
96600 6.05883E+009 
96650 6.02096E+009 
96700 5.98332E+009 
96750 5.94592E+009 
96800 5.90875E+009 
96850 5.87182E+009 
96900 5.83511E+009 
96950 5.79863E+009 
97000 5.76238E+009 
97050 5.72636E+009 
97100 5.69056E+009 
97150 5.65498E+009 
97200 5.61962E+009 
97250 5.58448E+009 
97300 5.54957E+009 
97350 5.51487E+009 
97400 5.48038E+009 
97450 5.44611E+009 
97500 5.41206E+009 
97550 5.37821E+009 
97600 5.34458E+009 
97650 5.31116E+009 
97700 5.27794E+009 
97750 5.24494E+009 
97800 5.21213E+009 
97850 5.17953E+009 
97900 5.14714E+009 
97950 5.11495E+009 
98000 5.08295E+009 
98050 5.05116E+009 
98100 5.01956E+009 
98150 4.98816E+009 
98200 4.95696E+009 
98250 4.92595E+009 
98300 4.89514E+009 
98350 4.86451E+009 
98400 4.83408E+009 
98450 4.80384E+009 
98500 4.77378E+009 
98550 4.74392E+009 
98600 4.71423E+009 
98650 4.68474E+009 
98700 4.65543E+009 
98750 4.6263E+009 
98800 4.59735E+009 
98850 4.56858E+009 
98900 4.53999E+009 
98950 4.51158E+009 
99000 4.48335E+009 
99050 4.45529E+009 
99100 4.42741E+009 
99150 4.3997E+009 
99200 4.37217E+009 
99250 4.3448E+009 
99300 4.31761E+009 
99350 4.29058E+009 
99400 4.26373E+009 
99450 4.23704E+009 
99500 4.21052E+009 
99550 4.18416E+009 
99600 4.15797E+009 
99650 4.13194E+009 
99700 4.10608E+009 
99750 4.08037E+009 
99800 4.05483E+009 
99850 4.02944E+009 
99900 4.00422E+009 
99950 3.97914E+009 
100000 3.95423E+009 
