#F U:\Beamline I20\!M2 and filters heat load\xop\Rh-3mrad.dat
#C Rh mirror 3mrad - normalized
#S 1 File written by xplot on Fri Mar 06 13:19:33 2009
#N 2
#L    Photon Energy [eV]  Intens after oe #1
50 0.987597 
100 0.997449 
150 0.996886 
200 0.991799 
250 0.986255 
300 0.972369 
350 0.928488 
400 0.944576 
450 0.949638 
500 0.9518 
550 0.954569 
600 0.955577 
650 0.957664 
700 0.959366 
750 0.960699 
800 0.961741 
850 0.962582 
900 0.963305 
950 0.96397 
1000 0.964579 
1050 0.965185 
1100 0.96573 
1150 0.966198 
1200 0.966613 
1250 0.966988 
1300 0.967317 
1350 0.967621 
1400 0.967905 
1450 0.968168 
1500 0.968447 
1550 0.968757 
1600 0.969038 
1650 0.969298 
1700 0.969539 
1750 0.969782 
1800 0.970028 
1850 0.970259 
1900 0.970472 
1950 0.970661 
2000 0.970834 
2050 0.970997 
2100 0.971165 
2150 0.971321 
2200 0.971463 
2250 0.971588 
2300 0.971701 
2350 0.97179 
2400 0.971859 
2450 0.971906 
2500 0.971922 
2550 0.9719 
2600 0.971836 
2650 0.971719 
2700 0.97153 
2750 0.971235 
2800 0.970777 
2850 0.970063 
2900 0.968846 
2950 0.966131 
3000 0.919515 
3050 0.890507 
3100 0.896785 
3150 0.837701 
3200 0.879844 
3250 0.88665 
3300 0.89051 
3350 0.892581 
3400 0.885909 
3450 0.884323 
3500 0.888908 
3550 0.891951 
3600 0.89436 
3650 0.896436 
3700 0.89827 
3750 0.899923 
3800 0.901433 
3850 0.902829 
3900 0.904098 
3950 0.905286 
4000 0.906405 
4050 0.907467 
4100 0.908474 
4150 0.909412 
4200 0.910313 
4250 0.911181 
4300 0.912014 
4350 0.912797 
4400 0.913559 
4450 0.914304 
4500 0.915005 
4550 0.915686 
4600 0.916355 
4650 0.916994 
4700 0.917611 
4750 0.918221 
4800 0.918805 
4850 0.919371 
4900 0.919936 
4950 0.920469 
5000 0.920996 
5050 0.921518 
5100 0.922011 
5150 0.922506 
5200 0.922983 
5250 0.923449 
5300 0.923915 
5350 0.924354 
5400 0.9248 
5450 0.925226 
5500 0.925648 
5550 0.926064 
5600 0.926465 
5650 0.92687 
5700 0.927251 
5750 0.927643 
5800 0.92801 
5850 0.928385 
5900 0.928742 
5950 0.929102 
6000 0.92945 
6050 0.929796 
6100 0.930133 
6150 0.930467 
6200 0.930793 
6250 0.931116 
6300 0.931433 
6350 0.931746 
6400 0.932051 
6450 0.932355 
6500 0.932651 
6550 0.932947 
6600 0.933232 
6650 0.933522 
6700 0.933796 
6750 0.93408 
6800 0.934344 
6850 0.93462 
6900 0.934877 
6950 0.935142 
7000 0.935395 
7050 0.935649 
7100 0.935899 
7150 0.936142 
7200 0.936392 
7250 0.936624 
7300 0.936867 
7350 0.937094 
7400 0.937324 
7450 0.937552 
7500 0.937772 
7550 0.938 
7600 0.938209 
7650 0.938427 
7700 0.938637 
7750 0.938844 
7800 0.939057 
7850 0.939254 
7900 0.939459 
7950 0.939656 
8000 0.939849 
8050 0.940049 
8100 0.940232 
8150 0.940422 
8200 0.940609 
8250 0.940788 
8300 0.940974 
8350 0.941148 
8400 0.941324 
8450 0.941504 
8500 0.941668 
8550 0.941839 
8600 0.942008 
8650 0.942168 
8700 0.942335 
8750 0.942495 
8800 0.942651 
8850 0.942814 
8900 0.942965 
8950 0.943116 
9000 0.943274 
9050 0.943416 
9100 0.943563 
9150 0.943715 
9200 0.943851 
9250 0.943992 
9300 0.944138 
9350 0.944268 
9400 0.944403 
9450 0.944544 
9500 0.944669 
9550 0.944799 
9600 0.944934 
9650 0.945055 
9700 0.945179 
9750 0.945308 
9800 0.945425 
9850 0.945542 
9900 0.945665 
9950 0.945779 
10000 0.945892 
10050 0.946009 
10100 0.946121 
10150 0.946227 
10200 0.946338 
10250 0.946449 
10300 0.946549 
10350 0.946654 
10400 0.946763 
10450 0.946858 
10500 0.946956 
10550 0.947058 
10600 0.947155 
10650 0.947246 
10700 0.947342 
10750 0.947439 
10800 0.947524 
10850 0.947612 
10900 0.947705 
10950 0.947789 
11000 0.947871 
11050 0.947957 
11100 0.948044 
11150 0.94812 
11200 0.948198 
11250 0.94828 
11300 0.948357 
11350 0.948429 
11400 0.948504 
11450 0.948583 
11500 0.948649 
11550 0.948717 
11600 0.948788 
11650 0.94886 
11700 0.94892 
11750 0.948984 
11800 0.949051 
11850 0.949114 
11900 0.949171 
11950 0.94923 
12000 0.949293 
12050 0.949349 
12100 0.949401 
12150 0.949456 
12200 0.949513 
12250 0.949562 
12300 0.94961 
12350 0.94966 
12400 0.949713 
12450 0.949756 
12500 0.949799 
12550 0.949843 
12600 0.94989 
12650 0.949929 
12700 0.949966 
12750 0.950006 
12800 0.950047 
12850 0.950082 
12900 0.950113 
12950 0.950147 
13000 0.950183 
13050 0.950214 
13100 0.950239 
13150 0.950267 
13200 0.950297 
13250 0.950325 
13300 0.950345 
13350 0.950367 
13400 0.950391 
13450 0.950416 
13500 0.95043 
13550 0.950445 
13600 0.950463 
13650 0.950482 
13700 0.950494 
13750 0.950503 
13800 0.950513 
13850 0.950525 
13900 0.950536 
13950 0.950538 
14000 0.950541 
14050 0.950547 
14100 0.950553 
14150 0.950551 
14200 0.950548 
14250 0.950545 
14300 0.950544 
14350 0.950543 
14400 0.950532 
14450 0.950522 
14500 0.950513 
14550 0.950506 
14600 0.950493 
14650 0.950475 
14700 0.950458 
14750 0.950442 
14800 0.950427 
14850 0.950403 
14900 0.950378 
14950 0.950354 
15000 0.95033 
15050 0.950308 
15100 0.950274 
15150 0.95024 
15200 0.950208 
15250 0.950176 
15300 0.950143 
15350 0.950101 
15400 0.950059 
15450 0.950017 
15500 0.949976 
15550 0.949934 
15600 0.949881 
15650 0.94983 
15700 0.949779 
15750 0.949728 
15800 0.949675 
15850 0.949613 
15900 0.949551 
15950 0.949489 
16000 0.949427 
16050 0.949364 
16100 0.949291 
16150 0.949217 
16200 0.949143 
16250 0.949069 
16300 0.948995 
16350 0.94891 
16400 0.948824 
16450 0.948737 
16500 0.94865 
16550 0.948562 
16600 0.948467 
16650 0.948366 
16700 0.948265 
16750 0.948163 
16800 0.948061 
16850 0.947954 
16900 0.947838 
16950 0.947721 
17000 0.947602 
17050 0.947483 
17100 0.947362 
17150 0.94723 
17200 0.947095 
17250 0.946958 
17300 0.946819 
17350 0.946679 
17400 0.946534 
17450 0.946378 
17500 0.94622 
17550 0.946059 
17600 0.945897 
17650 0.945732 
17700 0.945557 
17750 0.945375 
17800 0.945191 
17850 0.945003 
17900 0.944813 
17950 0.944619 
18000 0.94441 
18050 0.944197 
18100 0.94398 
18150 0.943759 
18200 0.943535 
18250 0.943304 
18300 0.943057 
18350 0.942806 
18400 0.94255 
18450 0.942289 
18500 0.942022 
18550 0.941747 
18600 0.941455 
18650 0.941157 
18700 0.940852 
18750 0.940541 
18800 0.940222 
18850 0.939892 
18900 0.939543 
18950 0.939186 
19000 0.938819 
19050 0.938444 
19100 0.938058 
19150 0.93766 
19200 0.937237 
19250 0.936803 
19300 0.936357 
19350 0.935897 
19400 0.935424 
19450 0.934936 
19500 0.934417 
19550 0.93388 
19600 0.933326 
19650 0.932754 
19700 0.932161 
19750 0.931548 
19800 0.9309 
19850 0.930222 
19900 0.929517 
19950 0.928786 
20000 0.928024 
20050 0.927232 
20100 0.9264 
20150 0.925514 
20200 0.924588 
20250 0.92362 
20300 0.922605 
20350 0.921539 
20400 0.920419 
20450 0.919217 
20500 0.917941 
20550 0.916592 
20600 0.915163 
20650 0.913645 
20700 0.91203 
20750 0.910298 
20800 0.908406 
20850 0.906373 
20900 0.904181 
20950 0.901808 
21000 0.899229 
21050 0.896411 
21100 0.893281 
21150 0.889774 
21200 0.885867 
21250 0.881482 
21300 0.876514 
21350 0.870826 
21400 0.864233 
21450 0.856333 
21500 0.846758 
21550 0.83502 
21600 0.82028 
21650 0.801303 
21700 0.776391 
21750 0.743822 
21800 0.702455 
21850 0.656331 
21900 0.611344 
21950 0.570576 
22000 0.534619 
22050 0.503023 
22100 0.475119 
22150 0.449302 
22200 0.425785 
22250 0.404657 
22300 0.385536 
22350 0.368119 
22400 0.352166 
22450 0.337482 
22500 0.322915 
22550 0.308571 
22600 0.295335 
22650 0.283073 
22700 0.271673 
22750 0.261043 
22800 0.251101 
22850 0.238875 
22900 0.219162 
22950 0.201805 
23000 0.186395 
23050 0.172616 
23100 0.160222 
23150 0.149016 
23200 0.138837 
23250 0.0862843 
23300 0.0956143 
23350 0.105928 
23400 0.117359 
23450 0.130067 
23500 0.144247 
23550 0.160132 
23600 0.171205 
23650 0.169801 
23700 0.168413 
23750 0.167043 
23800 0.165688 
23850 0.164349 
23900 0.163027 
23950 0.16172 
24000 0.159925 
24050 0.15796 
24100 0.156033 
24150 0.154141 
24200 0.152284 
24250 0.150461 
24300 0.148672 
24350 0.146915 
24400 0.144946 
24450 0.143008 
24500 0.141108 
24550 0.139247 
24600 0.137423 
24650 0.135636 
24700 0.133883 
24750 0.132155 
24800 0.130349 
24850 0.128581 
24900 0.126848 
24950 0.12515 
25000 0.123487 
25050 0.121857 
25100 0.120259 
25150 0.118687 
25200 0.117084 
25250 0.115513 
25300 0.113974 
25350 0.112465 
25400 0.110986 
25450 0.109536 
25500 0.108114 
25550 0.106719 
25600 0.105313 
25650 0.103931 
25700 0.102577 
25750 0.101248 
25800 0.0999453 
25850 0.0986669 
25900 0.0974126 
25950 0.0961817 
26000 0.0949559 
26050 0.0937446 
26100 0.0925561 
26150 0.0913895 
26200 0.0902445 
26250 0.0891204 
26300 0.0880166 
26350 0.0869329 
26400 0.0858636 
26450 0.0848009 
26500 0.0837571 
26550 0.082732 
26600 0.0817251 
26650 0.080736 
26700 0.0797642 
26750 0.0788092 
26800 0.0778708 
26850 0.0769395 
26900 0.076021 
26950 0.0751182 
27000 0.074231 
27050 0.0733588 
27100 0.0725014 
27150 0.0716582 
27200 0.0708291 
27250 0.0700133 
27300 0.0692027 
27350 0.0684056 
27400 0.0676215 
27450 0.0668502 
27500 0.0660916 
27550 0.0653452 
27600 0.0646108 
27650 0.0638881 
27700 0.0631753 
27750 0.062469 
27800 0.0617739 
27850 0.0610898 
27900 0.0604164 
27950 0.0597535 
28000 0.0591009 
28050 0.0584584 
28100 0.0578257 
28150 0.0572013 
28200 0.0565831 
28250 0.0559743 
28300 0.0553747 
28350 0.0547842 
28400 0.0542025 
28450 0.0536295 
28500 0.053065 
28550 0.0525088 
28600 0.0519601 
28650 0.0514167 
28700 0.0508813 
28750 0.0503537 
28800 0.0498336 
28850 0.0493211 
28900 0.048816 
28950 0.0483181 
29000 0.0478272 
29050 0.0473434 
29100 0.0468658 
29150 0.046395 
29200 0.0459307 
29250 0.0454729 
29300 0.0450215 
29350 0.0445763 
29400 0.0441372 
29450 0.0437041 
29500 0.0432769 
29550 0.0428484 
29600 0.0424201 
29650 0.0419976 
29700 0.0415809 
29750 0.0411698 
29800 0.0407644 
29850 0.0403645 
29900 0.03997 
29950 0.0395807 
30000 0.0391967 
30050 0.0388367 
30100 0.0384812 
30150 0.0381177 
30200 0.0377589 
30250 0.0374042 
30300 0.0370541 
30350 0.0367083 
30400 0.0363668 
30450 0.0360296 
30500 0.0356966 
30550 0.0353675 
30600 0.0350425 
30650 0.0347214 
30700 0.0344043 
30750 0.0340909 
30800 0.0337813 
30850 0.0334755 
30900 0.0331735 
30950 0.0328749 
31000 0.0325799 
31050 0.0322885 
31100 0.0320006 
31150 0.0317159 
31200 0.0314346 
31250 0.0311566 
31300 0.030882 
31350 0.0306106 
31400 0.0303423 
31450 0.0300773 
31500 0.0298153 
31550 0.0295562 
31600 0.0293002 
31650 0.029047 
31700 0.0287967 
31750 0.0285492 
31800 0.0283046 
31850 0.0280626 
31900 0.0278235 
31950 0.0275868 
32000 0.0273529 
32050 0.0271217 
32100 0.0268931 
32150 0.0266668 
32200 0.0264432 
32250 0.0262221 
32300 0.0260035 
32350 0.0257871 
32400 0.0255732 
32450 0.0253616 
32500 0.0251523 
32550 0.0249453 
32600 0.0247406 
32650 0.0245379 
32700 0.0243374 
32750 0.0241392 
32800 0.0239431 
32850 0.023749 
32900 0.0235569 
32950 0.023367 
33000 0.0231792 
33050 0.0229932 
33100 0.0228091 
33150 0.0226271 
33200 0.0224471 
33250 0.0222688 
33300 0.0220924 
33350 0.0219179 
33400 0.0217453 
33450 0.0215744 
33500 0.0214052 
33550 0.0212378 
33600 0.0210722 
33650 0.0209082 
33700 0.0207459 
33750 0.0205852 
33800 0.0204263 
33850 0.0202689 
33900 0.0201131 
33950 0.019959 
34000 0.0198063 
34050 0.0196553 
34100 0.0195057 
34150 0.0193576 
34200 0.0192109 
34250 0.0190657 
34300 0.018922 
34350 0.0187796 
34400 0.0186386 
34450 0.0184991 
34500 0.018361 
34550 0.0182241 
34600 0.0180886 
34650 0.0179545 
34700 0.0178216 
34750 0.0176901 
34800 0.0175598 
34850 0.0174308 
34900 0.017303 
34950 0.0171765 
35000 0.0170511 
35050 0.016927 
35100 0.0168041 
35150 0.0166822 
35200 0.0165616 
35250 0.016442 
35300 0.0163237 
35350 0.0162063 
35400 0.0160901 
35450 0.015975 
35500 0.015861 
35550 0.0157479 
35600 0.015636 
35650 0.0155251 
35700 0.0154152 
35750 0.0153063 
35800 0.0151984 
35850 0.0150915 
35900 0.0149856 
35950 0.0148807 
36000 0.0147767 
36050 0.0146737 
36100 0.0145716 
36150 0.0144704 
36200 0.0143701 
36250 0.0142708 
36300 0.0141723 
36350 0.0140747 
36400 0.013978 
36450 0.0138822 
36500 0.0137872 
36550 0.0136931 
36600 0.0135997 
36650 0.0135072 
36700 0.0134156 
36750 0.0133247 
36800 0.0132347 
36850 0.0131454 
36900 0.0130569 
36950 0.0129692 
37000 0.0128823 
37050 0.0127961 
37100 0.0127106 
37150 0.0126259 
37200 0.0125419 
37250 0.0124587 
37300 0.0123762 
37350 0.0122943 
37400 0.0122132 
37450 0.0121327 
37500 0.012053 
37550 0.0119739 
37600 0.0118955 
37650 0.0118178 
37700 0.0117407 
37750 0.0116643 
37800 0.0115886 
37850 0.0115134 
37900 0.0114389 
37950 0.011365 
38000 0.0112917 
38050 0.0112191 
38100 0.011147 
38150 0.0110755 
38200 0.0110047 
38250 0.0109344 
38300 0.0108647 
38350 0.0107956 
38400 0.0107271 
38450 0.0106591 
38500 0.0105917 
38550 0.0105249 
38600 0.0104585 
38650 0.0103927 
38700 0.0103275 
38750 0.0102628 
38800 0.0101986 
38850 0.0101349 
38900 0.0100718 
38950 0.0100091 
39000 0.00994701 
39050 0.00988535 
39100 0.0098242 
39150 0.00976353 
39200 0.00970335 
39250 0.00964366 
39300 0.00958444 
39350 0.00952571 
39400 0.00946743 
39450 0.00940963 
39500 0.00935228 
39550 0.00929536 
39600 0.00923889 
39650 0.00918286 
39700 0.00912728 
39750 0.00907214 
39800 0.00901743 
39850 0.00896315 
39900 0.00890929 
39950 0.00885586 
40000 0.00880284 
40050 0.0087502 
40100 0.00869798 
40150 0.00864616 
40200 0.00859473 
40250 0.00854371 
40300 0.00849308 
40350 0.00844284 
40400 0.00839299 
40450 0.0083435 
40500 0.00829439 
40550 0.00824565 
40600 0.00819729 
40650 0.00814929 
40700 0.00810166 
40750 0.00805439 
40800 0.00800748 
40850 0.0079609 
40900 0.00791468 
40950 0.00786881 
41000 0.00782328 
41050 0.00777809 
41100 0.00773325 
41150 0.00768872 
41200 0.00764453 
41250 0.00760067 
41300 0.00755713 
41350 0.00751392 
41400 0.00747103 
41450 0.00742846 
41500 0.0073862 
41550 0.00734422 
41600 0.00730256 
41650 0.0072612 
41700 0.00722015 
41750 0.0071794 
41800 0.00713894 
41850 0.00709878 
41900 0.00705891 
41950 0.00701934 
42000 0.00698005 
42050 0.00694104 
42100 0.00690232 
42150 0.00686388 
42200 0.00682571 
42250 0.00678782 
42300 0.0067502 
42350 0.00671283 
42400 0.00667574 
42450 0.0066389 
42500 0.00660233 
42550 0.00656602 
42600 0.00652997 
42650 0.00649417 
42700 0.00645863 
42750 0.00642334 
42800 0.0063883 
42850 0.0063535 
42900 0.00631895 
42950 0.00628464 
43000 0.00625058 
43050 0.00621673 
43100 0.00618311 
43150 0.00614973 
43200 0.00611659 
43250 0.00608367 
43300 0.00605098 
43350 0.00601852 
43400 0.00598628 
43450 0.00595427 
43500 0.00592248 
43550 0.00589091 
43600 0.00585955 
43650 0.00582841 
43700 0.00579748 
43750 0.00576677 
43800 0.00573627 
43850 0.00570595 
43900 0.00567584 
43950 0.00564594 
44000 0.00561624 
44050 0.00558674 
44100 0.00555744 
44150 0.00552834 
44200 0.00549943 
44250 0.00547072 
44300 0.0054422 
44350 0.00541388 
44400 0.00538574 
44450 0.0053578 
44500 0.00533004 
44550 0.00530245 
44600 0.00527505 
44650 0.00524783 
44700 0.00522079 
44750 0.00519393 
44800 0.00516724 
44850 0.00514074 
44900 0.00511441 
44950 0.00508825 
45000 0.00506227 
45050 0.00503645 
45100 0.00501081 
45150 0.00498533 
45200 0.00496002 
45250 0.00493488 
45300 0.0049099 
45350 0.00488506 
45400 0.00486039 
45450 0.00483588 
45500 0.00481153 
45550 0.00478733 
45600 0.00476329 
45650 0.0047394 
45700 0.00471568 
45750 0.0046921 
45800 0.00466867 
45850 0.0046454 
45900 0.00462227 
45950 0.00459929 
46000 0.00457646 
46050 0.00455377 
46100 0.00453121 
46150 0.0045088 
46200 0.00448654 
46250 0.00446441 
46300 0.00444243 
46350 0.00442058 
46400 0.00439888 
46450 0.00437731 
46500 0.00435587 
46550 0.00433456 
46600 0.00431339 
46650 0.00429235 
46700 0.00427144 
46750 0.00425067 
46800 0.00423002 
46850 0.0042095 
46900 0.00418911 
46950 0.00416884 
47000 0.0041487 
47050 0.00412868 
47100 0.00410879 
47150 0.00408902 
47200 0.00406936 
47250 0.00404984 
47300 0.00403043 
47350 0.00401113 
47400 0.00399196 
47450 0.00397291 
47500 0.00395397 
47550 0.00393515 
47600 0.00391644 
47650 0.00389784 
47700 0.00387936 
47750 0.00386099 
47800 0.00384273 
47850 0.00382458 
47900 0.00380655 
47950 0.00378862 
48000 0.0037708 
48050 0.00375308 
48100 0.00373546 
48150 0.00371795 
48200 0.00370055 
48250 0.00368325 
48300 0.00366606 
48350 0.00364897 
48400 0.00363198 
48450 0.00361509 
48500 0.0035983 
48550 0.00358161 
48600 0.00356502 
48650 0.00354853 
48700 0.00353214 
48750 0.00351584 
48800 0.00349964 
48850 0.00348354 
48900 0.00346753 
48950 0.00345161 
49000 0.00343579 
49050 0.00342005 
49100 0.00340441 
49150 0.00338886 
49200 0.00337339 
49250 0.00335802 
49300 0.00334274 
49350 0.00332755 
49400 0.00331244 
49450 0.00329743 
49500 0.0032825 
49550 0.00326765 
49600 0.0032529 
49650 0.00323822 
49700 0.00322364 
49750 0.00320913 
49800 0.00319471 
49850 0.00318038 
49900 0.00316612 
49950 0.00315195 
50000 0.00313786 
50050 0.00312384 
50100 0.0031099 
50150 0.00309605 
50200 0.00308227 
50250 0.00306857 
50300 0.00305495 
50350 0.00304141 
50400 0.00302794 
50450 0.00301455 
50500 0.00300123 
50550 0.00298799 
50600 0.00297483 
50650 0.00296173 
50700 0.00294872 
50750 0.00293577 
50800 0.0029229 
50850 0.0029101 
50900 0.00289737 
50950 0.00288471 
51000 0.00287212 
51050 0.0028596 
51100 0.00284715 
51150 0.00283477 
51200 0.00282246 
51250 0.00281021 
51300 0.00279804 
51350 0.00278593 
51400 0.00277388 
51450 0.00276191 
51500 0.00275 
51550 0.00273815 
51600 0.00272637 
51650 0.00271466 
51700 0.00270301 
51750 0.00269142 
51800 0.0026799 
51850 0.00266844 
51900 0.00265704 
51950 0.0026457 
52000 0.00263443 
52050 0.00262321 
52100 0.00261206 
52150 0.00260096 
52200 0.00258993 
52250 0.00257895 
52300 0.00256804 
52350 0.00255718 
52400 0.00254638 
52450 0.00253564 
52500 0.00252496 
52550 0.00251433 
52600 0.00250377 
52650 0.00249326 
52700 0.0024828 
52750 0.0024724 
52800 0.00246206 
52850 0.00245177 
52900 0.00244154 
52950 0.00243136 
53000 0.00242123 
53050 0.00241116 
53100 0.00240114 
53150 0.00239117 
53200 0.00238126 
53250 0.0023714 
53300 0.00236159 
53350 0.00235183 
53400 0.00234212 
53450 0.00233247 
53500 0.00232286 
53550 0.00231331 
53600 0.0023038 
53650 0.00229435 
53700 0.00228494 
53750 0.00227558 
53800 0.00226628 
53850 0.00225702 
53900 0.00224781 
53950 0.00223864 
54000 0.00222953 
54050 0.00222046 
54100 0.00221143 
54150 0.00220246 
54200 0.00219352 
54250 0.00218464 
54300 0.0021758 
54350 0.00216701 
54400 0.00215826 
54450 0.00214955 
54500 0.0021409 
54550 0.00213228 
54600 0.00212371 
54650 0.00211518 
54700 0.0021067 
54750 0.00209826 
54800 0.00208986 
54850 0.00208151 
54900 0.0020732 
54950 0.00206493 
55000 0.0020567 
55050 0.00204852 
55100 0.00204037 
55150 0.00203227 
55200 0.00202421 
55250 0.00201618 
55300 0.0020082 
55350 0.00200026 
55400 0.00199236 
55450 0.0019845 
55500 0.00197668 
55550 0.0019689 
55600 0.00196115 
55650 0.00195345 
55700 0.00194578 
55750 0.00193815 
55800 0.00193056 
55850 0.00192301 
55900 0.00191549 
55950 0.00190802 
56000 0.00190057 
56050 0.00189317 
56100 0.0018858 
56150 0.00187847 
56200 0.00187117 
56250 0.00186391 
56300 0.00185668 
56350 0.00184949 
56400 0.00184234 
56450 0.00183522 
56500 0.00182814 
56550 0.00182109 
56600 0.00181407 
56650 0.00180709 
56700 0.00180015 
56750 0.00179324 
56800 0.00178636 
56850 0.00177951 
56900 0.0017727 
56950 0.00176592 
57000 0.00175917 
57050 0.00175246 
57100 0.00174578 
57150 0.00173913 
57200 0.00173252 
57250 0.00172593 
57300 0.00171938 
57350 0.00171286 
57400 0.00170637 
57450 0.00169991 
57500 0.00169348 
57550 0.00168709 
57600 0.00168072 
57650 0.00167438 
57700 0.00166808 
57750 0.0016618 
57800 0.00165555 
57850 0.00164934 
57900 0.00164315 
57950 0.00163699 
58000 0.00163087 
58050 0.00162477 
58100 0.0016187 
58150 0.00161266 
58200 0.00160664 
58250 0.00160066 
58300 0.0015947 
58350 0.00158878 
58400 0.00158288 
58450 0.00157701 
58500 0.00157116 
58550 0.00156534 
58600 0.00155955 
58650 0.00155379 
58700 0.00154806 
58750 0.00154235 
58800 0.00153666 
58850 0.00153101 
58900 0.00152538 
58950 0.00151978 
59000 0.0015142 
59050 0.00150865 
59100 0.00150312 
59150 0.00149762 
59200 0.00149215 
59250 0.0014867 
59300 0.00148128 
59350 0.00147588 
59400 0.00147051 
59450 0.00146516 
59500 0.00145983 
59550 0.00145453 
59600 0.00144926 
59650 0.00144401 
59700 0.00143878 
59750 0.00143358 
59800 0.0014284 
59850 0.00142325 
59900 0.00141811 
59950 0.00141301 
60000 0.00140792 
60050 0.00140286 
60100 0.00139782 
60150 0.0013928 
60200 0.00138781 
60250 0.00138283 
60300 0.00137788 
60350 0.00137296 
60400 0.00136805 
60450 0.00136317 
60500 0.00135831 
60550 0.00135347 
60600 0.00134866 
60650 0.00134386 
60700 0.00133909 
60750 0.00133434 
60800 0.00132961 
60850 0.0013249 
60900 0.00132021 
60950 0.00131555 
61000 0.0013109 
61050 0.00130628 
61100 0.00130167 
61150 0.00129709 
61200 0.00129252 
61250 0.00128798 
61300 0.00128346 
61350 0.00127896 
61400 0.00127447 
61450 0.00127001 
61500 0.00126557 
61550 0.00126115 
61600 0.00125674 
61650 0.00125236 
61700 0.00124799 
61750 0.00124365 
61800 0.00123932 
61850 0.00123501 
61900 0.00123073 
61950 0.00122646 
62000 0.00122221 
62050 0.00121797 
62100 0.00121376 
62150 0.00120957 
62200 0.00120539 
62250 0.00120123 
62300 0.00119709 
62350 0.00119297 
62400 0.00118886 
62450 0.00118478 
62500 0.00118071 
62550 0.00117666 
62600 0.00117262 
62650 0.00116861 
62700 0.00116461 
62750 0.00116063 
62800 0.00115666 
62850 0.00115272 
62900 0.00114879 
62950 0.00114487 
63000 0.00114098 
63050 0.0011371 
63100 0.00113324 
63150 0.00112939 
63200 0.00112556 
63250 0.00112175 
63300 0.00111795 
63350 0.00111417 
63400 0.00111041 
63450 0.00110666 
63500 0.00110293 
63550 0.00109921 
63600 0.00109551 
63650 0.00109182 
63700 0.00108815 
63750 0.0010845 
63800 0.00108086 
63850 0.00107724 
63900 0.00107363 
63950 0.00107004 
64000 0.00106647 
64050 0.0010629 
64100 0.00105936 
64150 0.00105583 
64200 0.00105231 
64250 0.00104881 
64300 0.00104532 
64350 0.00104185 
64400 0.00103839 
64450 0.00103495 
64500 0.00103152 
64550 0.0010281 
64600 0.0010247 
64650 0.00102132 
64700 0.00101794 
64750 0.00101459 
64800 0.00101124 
64850 0.00100791 
64900 0.0010046 
64950 0.00100129 
65000 0.000998005 
65050 0.00099473 
65100 0.000991469 
65150 0.000988222 
65200 0.000984987 
65250 0.000981766 
65300 0.000978559 
65350 0.000975365 
65400 0.000972184 
65450 0.000969015 
65500 0.000965861 
65550 0.000962718 
65600 0.00095959 
65650 0.000956473 
65700 0.00095337 
65750 0.000950279 
65800 0.000947201 
65850 0.000944135 
65900 0.000941083 
65950 0.000938042 
66000 0.000935014 
66050 0.000931998 
66100 0.000928994 
66150 0.000926003 
66200 0.000923024 
66250 0.000920057 
66300 0.000917102 
66350 0.000914159 
66400 0.000911228 
66450 0.000908308 
66500 0.000905401 
66550 0.000902505 
66600 0.000899621 
66650 0.000896749 
66700 0.000893888 
66750 0.000891039 
66800 0.000888201 
66850 0.000885375 
66900 0.00088256 
66950 0.000879756 
67000 0.000876963 
67050 0.000874182 
67100 0.000871411 
67150 0.000868652 
67200 0.000865904 
67250 0.000863167 
67300 0.000860441 
67350 0.000857725 
67400 0.000855021 
67450 0.000852327 
67500 0.000849644 
67550 0.000846972 
67600 0.00084431 
67650 0.000841659 
67700 0.000839018 
67750 0.000836388 
67800 0.000833768 
67850 0.000831159 
67900 0.00082856 
67950 0.000825971 
68000 0.000823392 
68050 0.000820824 
68100 0.000818265 
68150 0.000815717 
68200 0.000813178 
68250 0.00081065 
68300 0.000808132 
68350 0.000805623 
68400 0.000803124 
68450 0.000800635 
68500 0.000798156 
68550 0.000795686 
68600 0.000793226 
68650 0.000790776 
68700 0.000788335 
68750 0.000785904 
68800 0.000783482 
68850 0.000781069 
68900 0.000778667 
68950 0.000776273 
69000 0.000773888 
69050 0.000771513 
69100 0.000769147 
69150 0.00076679 
69200 0.000764442 
69250 0.000762104 
69300 0.000759774 
69350 0.000757454 
69400 0.000755142 
69450 0.000752839 
69500 0.000750545 
69550 0.00074826 
69600 0.000745984 
69650 0.000743716 
69700 0.000741457 
69750 0.000739207 
69800 0.000736965 
69850 0.000734732 
69900 0.000732508 
69950 0.000730292 
70000 0.000728084 
70050 0.000725885 
70100 0.000723695 
70150 0.000721513 
70200 0.000719339 
70250 0.000717173 
70300 0.000715016 
70350 0.000712867 
70400 0.000710726 
70450 0.000708593 
70500 0.000706468 
70550 0.000704351 
70600 0.000702242 
70650 0.000700142 
70700 0.000698049 
70750 0.000695964 
70800 0.000693887 
70850 0.000691817 
70900 0.000689756 
70950 0.000687702 
71000 0.000685656 
71050 0.000683617 
71100 0.000681586 
71150 0.000679563 
71200 0.000677547 
71250 0.000675539 
71300 0.000673538 
71350 0.000671545 
71400 0.000669559 
71450 0.000667581 
71500 0.00066561 
71550 0.000663646 
71600 0.00066169 
71650 0.000659741 
71700 0.000657799 
71750 0.000655864 
71800 0.000653936 
71850 0.000652016 
71900 0.000650103 
71950 0.000648197 
72000 0.000646298 
72050 0.000644406 
72100 0.00064252 
72150 0.000640642 
72200 0.000638771 
72250 0.000636907 
72300 0.000635049 
72350 0.000633199 
72400 0.000631355 
72450 0.000629518 
72500 0.000627688 
72550 0.000625864 
72600 0.000624047 
72650 0.000622237 
72700 0.000620433 
72750 0.000618636 
72800 0.000616846 
72850 0.000615062 
72900 0.000613284 
72950 0.000611513 
73000 0.000609748 
73050 0.00060799 
73100 0.000606238 
73150 0.000604493 
73200 0.000602754 
73250 0.000601021 
73300 0.000599294 
73350 0.000597574 
73400 0.00059586 
73450 0.000594152 
73500 0.00059245 
73550 0.000590755 
73600 0.000589066 
73650 0.000587382 
73700 0.000585705 
73750 0.000584034 
73800 0.000582368 
73850 0.000580709 
73900 0.000579056 
73950 0.000577408 
74000 0.000575767 
74050 0.000574131 
74100 0.000572501 
74150 0.000570878 
74200 0.000569259 
74250 0.000567647 
74300 0.00056604 
74350 0.000564439 
74400 0.000562844 
74450 0.000561255 
74500 0.000559671 
74550 0.000558092 
74600 0.00055652 
74650 0.000554953 
74700 0.000553391 
74750 0.000551835 
74800 0.000550285 
74850 0.00054874 
74900 0.0005472 
74950 0.000545666 
75000 0.000544138 
75050 0.000542615 
75100 0.000541097 
75150 0.000539585 
75200 0.000538078 
75250 0.000536576 
75300 0.00053508 
75350 0.000533589 
75400 0.000532103 
75450 0.000530622 
75500 0.000529147 
75550 0.000527676 
75600 0.000526211 
75650 0.000524751 
75700 0.000523296 
75750 0.000521846 
75800 0.000520401 
75850 0.000518961 
75900 0.000517526 
75950 0.000516096 
76000 0.000514671 
76050 0.000513252 
76100 0.000511837 
76150 0.000510427 
76200 0.000509021 
76250 0.000507621 
76300 0.000506226 
76350 0.000504835 
76400 0.000503449 
76450 0.000502068 
76500 0.000500692 
76550 0.000499321 
76600 0.000497954 
76650 0.000496592 
76700 0.000495235 
76750 0.000493882 
76800 0.000492534 
76850 0.00049119 
76900 0.000489852 
76950 0.000488517 
77000 0.000487188 
77050 0.000485863 
77100 0.000484542 
77150 0.000483226 
77200 0.000481915 
77250 0.000480608 
77300 0.000479306 
77350 0.000478008 
77400 0.000476714 
77450 0.000475425 
77500 0.00047414 
77550 0.00047286 
77600 0.000471584 
77650 0.000470312 
77700 0.000469044 
77750 0.000467781 
77800 0.000466523 
77850 0.000465268 
77900 0.000464018 
77950 0.000462772 
78000 0.00046153 
78050 0.000460292 
78100 0.000459059 
78150 0.000457829 
78200 0.000456604 
78250 0.000455383 
78300 0.000454166 
78350 0.000452953 
78400 0.000451744 
78450 0.00045054 
78500 0.000449339 
78550 0.000448142 
78600 0.000446949 
78650 0.000445761 
78700 0.000444576 
78750 0.000443395 
78800 0.000442219 
78850 0.000441046 
78900 0.000439877 
78950 0.000438712 
79000 0.000437551 
79050 0.000436394 
79100 0.00043524 
79150 0.000434091 
79200 0.000432945 
79250 0.000431803 
79300 0.000430665 
79350 0.00042953 
79400 0.0004284 
79450 0.000427273 
79500 0.00042615 
79550 0.00042503 
79600 0.000423914 
79650 0.000422802 
79700 0.000421694 
79750 0.000420589 
79800 0.000419488 
79850 0.000418391 
79900 0.000417297 
79950 0.000416207 
80000 0.00041512 
80050 0.000414037 
80100 0.000412958 
80150 0.000411882 
80200 0.000410809 
80250 0.000409741 
80300 0.000408675 
80350 0.000407614 
80400 0.000406555 
80450 0.0004055 
80500 0.000404449 
80550 0.000403401 
80600 0.000402356 
80650 0.000401315 
80700 0.000400277 
80750 0.000399243 
80800 0.000398212 
80850 0.000397184 
80900 0.00039616 
80950 0.000395139 
81000 0.000394121 
81050 0.000393107 
81100 0.000392096 
81150 0.000391088 
81200 0.000390083 
81250 0.000389082 
81300 0.000388083 
81350 0.000387088 
81400 0.000386097 
81450 0.000385108 
81500 0.000384123 
81550 0.000383141 
81600 0.000382162 
81650 0.000381186 
81700 0.000380213 
81750 0.000379243 
81800 0.000378277 
81850 0.000377313 
81900 0.000376353 
81950 0.000375395 
82000 0.000374441 
82050 0.00037349 
82100 0.000372542 
82150 0.000371597 
82200 0.000370655 
82250 0.000369715 
82300 0.000368779 
82350 0.000367846 
82400 0.000366916 
82450 0.000365989 
82500 0.000365065 
82550 0.000364143 
82600 0.000363225 
82650 0.000362309 
82700 0.000361397 
82750 0.000360487 
82800 0.00035958 
82850 0.000358676 
82900 0.000357775 
82950 0.000356877 
83000 0.000355981 
83050 0.000355089 
83100 0.000354199 
83150 0.000353313 
83200 0.000352428 
83250 0.000351547 
83300 0.000350669 
83350 0.000349793 
83400 0.00034892 
83450 0.00034805 
83500 0.000347182 
83550 0.000346317 
83600 0.000345455 
83650 0.000344596 
83700 0.000343739 
83750 0.000342885 
83800 0.000342034 
83850 0.000341185 
83900 0.000340339 
83950 0.000339495 
84000 0.000338655 
84050 0.000337816 
84100 0.000336981 
84150 0.000336148 
84200 0.000335317 
84250 0.000334489 
84300 0.000333664 
84350 0.000332841 
84400 0.000332021 
84450 0.000331203 
84500 0.000330388 
84550 0.000329576 
84600 0.000328766 
84650 0.000327958 
84700 0.000327153 
84750 0.00032635 
84800 0.00032555 
84850 0.000324752 
84900 0.000323957 
84950 0.000323164 
85000 0.000322374 
85050 0.000321586 
85100 0.000320801 
85150 0.000320018 
85200 0.000319238 
85250 0.000318459 
85300 0.000317684 
85350 0.00031691 
85400 0.000316139 
85450 0.000315371 
85500 0.000314605 
85550 0.000313841 
85600 0.000313079 
85650 0.00031232 
85700 0.000311563 
85750 0.000310808 
85800 0.000310056 
85850 0.000309306 
85900 0.000308558 
85950 0.000307812 
86000 0.000307069 
86050 0.000306328 
86100 0.000305589 
86150 0.000304853 
86200 0.000304119 
86250 0.000303387 
86300 0.000302657 
86350 0.000301929 
86400 0.000301204 
86450 0.00030048 
86500 0.000299759 
86550 0.00029904 
86600 0.000298324 
86650 0.000297609 
86700 0.000296896 
86750 0.000296186 
86800 0.000295478 
86850 0.000294772 
86900 0.000294068 
86950 0.000293366 
87000 0.000292666 
87050 0.000291969 
87100 0.000291273 
87150 0.00029058 
87200 0.000289888 
87250 0.000289199 
87300 0.000288512 
87350 0.000287827 
87400 0.000287143 
87450 0.000286462 
87500 0.000285783 
87550 0.000285106 
87600 0.000284431 
87650 0.000283758 
87700 0.000283087 
87750 0.000282418 
87800 0.000281751 
87850 0.000281086 
87900 0.000280423 
87950 0.000279761 
88000 0.000279102 
88050 0.000278445 
88100 0.00027779 
88150 0.000277137 
88200 0.000276485 
88250 0.000275836 
88300 0.000275188 
88350 0.000274543 
88400 0.000273899 
88450 0.000273257 
88500 0.000272617 
88550 0.000271979 
88600 0.000271343 
88650 0.000270709 
88700 0.000270076 
88750 0.000269445 
88800 0.000268817 
88850 0.00026819 
88900 0.000267565 
88950 0.000266942 
89000 0.00026632 
89050 0.000265701 
89100 0.000265083 
89150 0.000264467 
89200 0.000263853 
89250 0.000263241 
89300 0.00026263 
89350 0.000262021 
89400 0.000261414 
89450 0.000260809 
89500 0.000260206 
89550 0.000259604 
89600 0.000259004 
89650 0.000258406 
89700 0.000257809 
89750 0.000257214 
89800 0.000256621 
89850 0.00025603 
89900 0.00025544 
89950 0.000254852 
90000 0.000254266 
90050 0.000253682 
90100 0.000253099 
90150 0.000252518 
90200 0.000251939 
90250 0.000251361 
90300 0.000250785 
90350 0.00025021 
90400 0.000249637 
90450 0.000249066 
90500 0.000248497 
90550 0.000247929 
90600 0.000247363 
90650 0.000246798 
90700 0.000246235 
90750 0.000245674 
90800 0.000245114 
90850 0.000244556 
90900 0.000243999 
90950 0.000243444 
91000 0.000242891 
91050 0.000242339 
91100 0.000241789 
91150 0.00024124 
91200 0.000240693 
91250 0.000240147 
91300 0.000239603 
91350 0.000239061 
91400 0.00023852 
91450 0.000237981 
91500 0.000237443 
91550 0.000236906 
91600 0.000236372 
91650 0.000235838 
91700 0.000235307 
91750 0.000234776 
91800 0.000234248 
91850 0.00023372 
91900 0.000233194 
91950 0.00023267 
92000 0.000232147 
92050 0.000231626 
92100 0.000231106 
92150 0.000230588 
92200 0.000230071 
92250 0.000229555 
92300 0.000229041 
92350 0.000228529 
92400 0.000228017 
92450 0.000227508 
92500 0.000226999 
92550 0.000226493 
92600 0.000225987 
92650 0.000225483 
92700 0.00022498 
92750 0.000224479 
92800 0.000223979 
92850 0.000223481 
92900 0.000222984 
92950 0.000222488 
93000 0.000221994 
93050 0.000221501 
93100 0.00022101 
93150 0.00022052 
93200 0.000220031 
93250 0.000219544 
93300 0.000219058 
93350 0.000218573 
93400 0.00021809 
93450 0.000217608 
93500 0.000217127 
93550 0.000216648 
93600 0.00021617 
93650 0.000215693 
93700 0.000215218 
93750 0.000214744 
93800 0.000214271 
93850 0.0002138 
93900 0.00021333 
93950 0.000212861 
94000 0.000212394 
94050 0.000211928 
94100 0.000211463 
94150 0.000210999 
94200 0.000210537 
94250 0.000210076 
94300 0.000209616 
94350 0.000209157 
94400 0.0002087 
94450 0.000208244 
94500 0.000207789 
94550 0.000207335 
94600 0.000206883 
94650 0.000206432 
94700 0.000205982 
94750 0.000205534 
94800 0.000205086 
94850 0.00020464 
94900 0.000204195 
94950 0.000203752 
95000 0.000203309 
95050 0.000202868 
95100 0.000202428 
95150 0.000201989 
95200 0.000201551 
95250 0.000201115 
95300 0.00020068 
95350 0.000200246 
95400 0.000199813 
95450 0.000199381 
95500 0.00019895 
95550 0.000198521 
95600 0.000198093 
95650 0.000197666 
95700 0.00019724 
95750 0.000196815 
95800 0.000196392 
95850 0.000195969 
95900 0.000195548 
95950 0.000195128 
96000 0.000194709 
96050 0.000194291 
96100 0.000193874 
96150 0.000193458 
96200 0.000193044 
96250 0.00019263 
96300 0.000192218 
96350 0.000191807 
96400 0.000191397 
96450 0.000190988 
96500 0.00019058 
96550 0.000190173 
96600 0.000189767 
96650 0.000189362 
96700 0.000188959 
96750 0.000188556 
96800 0.000188155 
96850 0.000187755 
96900 0.000187355 
96950 0.000186957 
97000 0.00018656 
97050 0.000186164 
97100 0.000185769 
97150 0.000185375 
97200 0.000184982 
97250 0.00018459 
97300 0.000184199 
97350 0.000183809 
97400 0.00018342 
97450 0.000183033 
97500 0.000182646 
97550 0.00018226 
97600 0.000181876 
97650 0.000181492 
97700 0.000181109 
97750 0.000180728 
97800 0.000180347 
97850 0.000179967 
97900 0.000179589 
97950 0.000179211 
98000 0.000178834 
98050 0.000178459 
98100 0.000178084 
98150 0.000177711 
98200 0.000177338 
98250 0.000176967 
98300 0.000176596 
98350 0.000176226 
98400 0.000175857 
98450 0.00017549 
98500 0.000175123 
98550 0.000174757 
98600 0.000174392 
98650 0.000174028 
98700 0.000173666 
98750 0.000173304 
98800 0.000172942 
98850 0.000172582 
98900 0.000172223 
98950 0.000171865 
99000 0.000171508 
99050 0.000171151 
99100 0.000170796 
99150 0.000170441 
99200 0.000170088 
99250 0.000169735 
99300 0.000169383 
99350 0.000169032 
99400 0.000168682 
99450 0.000168333 
99500 0.000167985 
99550 0.000167638 
99600 0.000167292 
99650 0.000166946 
99700 0.000166602 
99750 0.000166258 
99800 0.000165915 
99850 0.000165573 
99900 0.000165232 
99950 0.000164892 
100000 0.000164553 
