#F U:\Beamline I20\I20-1_EDE\GDA-EDE\power-calculation\Rh-3p75mrad.dat
#C Rh 3.75mrad
#S 1 File written by xplot on Mon Sep 09 11:46:09 2013
#N 2
#L    Photon Energy [eV]  Intens after oe #1
50 0.984521 
100 0.996813 
150 0.996109 
200 0.989759 
250 0.982846 
300 0.965573 
350 0.911416 
400 0.9312 
450 0.937441 
500 0.940109 
550 0.943528 
600 0.944772 
650 0.947351 
700 0.949454 
750 0.951101 
800 0.95239 
850 0.953429 
900 0.954322 
950 0.955144 
1000 0.955896 
1050 0.956644 
1100 0.957317 
1150 0.957894 
1200 0.958407 
1250 0.958868 
1300 0.959274 
1350 0.959648 
1400 0.959997 
1450 0.960319 
1500 0.960661 
1550 0.961043 
1600 0.961388 
1650 0.961707 
1700 0.962002 
1750 0.962299 
1800 0.962601 
1850 0.962884 
1900 0.963144 
1950 0.963374 
2000 0.963584 
2050 0.963782 
2100 0.963985 
2150 0.964174 
2200 0.964345 
2250 0.964495 
2300 0.964629 
2350 0.964734 
2400 0.964813 
2450 0.964865 
2500 0.964878 
2550 0.964843 
2600 0.964756 
2650 0.964601 
2700 0.964357 
2750 0.963978 
2800 0.963396 
2850 0.962491 
2900 0.960955 
2950 0.957539 
3000 0.899087 
3050 0.864129 
3100 0.871806 
3150 0.799981 
3200 0.851168 
3250 0.859462 
3300 0.864159 
3350 0.866667 
3400 0.858441 
3450 0.856566 
3500 0.862153 
3550 0.865856 
3600 0.868784 
3650 0.871305 
3700 0.873531 
3750 0.875535 
3800 0.877365 
3850 0.879055 
3900 0.880591 
3950 0.882027 
4000 0.883379 
4050 0.88466 
4100 0.885875 
4150 0.887006 
4200 0.88809 
4250 0.889135 
4300 0.890136 
4350 0.891076 
4400 0.89199 
4450 0.892883 
4500 0.893723 
4550 0.894537 
4600 0.895337 
4650 0.8961 
4700 0.896836 
4750 0.897564 
4800 0.898258 
4850 0.898932 
4900 0.899602 
4950 0.900235 
5000 0.900859 
5050 0.901479 
5100 0.902061 
5150 0.902646 
5200 0.903209 
5250 0.903758 
5300 0.904307 
5350 0.904823 
5400 0.905347 
5450 0.905845 
5500 0.90634 
5550 0.906826 
5600 0.907294 
5650 0.907768 
5700 0.908211 
5750 0.908667 
5800 0.909093 
5850 0.909528 
5900 0.909941 
5950 0.910358 
6000 0.910758 
6050 0.911158 
6100 0.911544 
6150 0.911928 
6200 0.912302 
6250 0.912672 
6300 0.913033 
6350 0.91339 
6400 0.913737 
6450 0.914083 
6500 0.914417 
6550 0.914753 
6600 0.915073 
6650 0.9154 
6700 0.915707 
6750 0.916027 
6800 0.916321 
6850 0.91663 
6900 0.916915 
6950 0.917209 
7000 0.917489 
7050 0.917769 
7100 0.918046 
7150 0.918312 
7200 0.918586 
7250 0.918838 
7300 0.919104 
7350 0.919349 
7400 0.919599 
7450 0.919844 
7500 0.920079 
7550 0.920326 
7600 0.920547 
7650 0.92078 
7700 0.921002 
7750 0.92122 
7800 0.921445 
7850 0.92165 
7900 0.921865 
7950 0.922069 
8000 0.922267 
8050 0.922475 
8100 0.92266 
8150 0.922855 
8200 0.923045 
8250 0.923224 
8300 0.923412 
8350 0.923585 
8400 0.923759 
8450 0.923939 
8500 0.924098 
8550 0.924264 
8600 0.924429 
8650 0.924581 
8700 0.924742 
8750 0.924893 
8800 0.925039 
8850 0.925193 
8900 0.925332 
8950 0.925471 
9000 0.925617 
9050 0.925744 
9100 0.925875 
9150 0.926013 
9200 0.926129 
9250 0.926251 
9300 0.92638 
9350 0.926487 
9400 0.926601 
9450 0.926721 
9500 0.92682 
9550 0.926926 
9600 0.927037 
9650 0.927129 
9700 0.927225 
9750 0.927327 
9800 0.927411 
9850 0.927497 
9900 0.927588 
9950 0.927667 
10000 0.927744 
10050 0.927826 
10100 0.927901 
10150 0.927968 
10200 0.928039 
10250 0.928111 
10300 0.928167 
10350 0.928228 
10400 0.928294 
10450 0.928342 
10500 0.928392 
10550 0.928446 
10600 0.928492 
10650 0.928531 
10700 0.928574 
10750 0.928618 
10800 0.928645 
10850 0.928676 
10900 0.928712 
10950 0.928735 
11000 0.928755 
11050 0.928777 
11100 0.928801 
11150 0.928808 
11200 0.928818 
11250 0.928832 
11300 0.928837 
11350 0.928835 
11400 0.928835 
11450 0.928839 
11500 0.928825 
11550 0.928812 
11600 0.928801 
11650 0.92879 
11700 0.928762 
11750 0.928738 
11800 0.928715 
11850 0.928686 
11900 0.928647 
11950 0.92861 
12000 0.928575 
12050 0.928529 
12100 0.928476 
12150 0.928425 
12200 0.928376 
12250 0.928314 
12300 0.928247 
12350 0.928182 
12400 0.928117 
12450 0.928039 
12500 0.927956 
12550 0.927874 
12600 0.927793 
12650 0.927697 
12700 0.927597 
12750 0.927498 
12800 0.927399 
12850 0.927287 
12900 0.927168 
12950 0.927049 
13000 0.92693 
13050 0.926801 
13100 0.926661 
13150 0.926521 
13200 0.926381 
13250 0.926234 
13300 0.926072 
13350 0.925908 
13400 0.925744 
13450 0.925578 
13500 0.92539 
13550 0.925201 
13600 0.92501 
13650 0.924818 
13700 0.924609 
13750 0.924391 
13800 0.924171 
13850 0.923947 
13900 0.923716 
13950 0.923466 
14000 0.923212 
14050 0.922954 
14100 0.922693 
14150 0.922412 
14200 0.92212 
14250 0.921824 
14300 0.921522 
14350 0.921211 
14400 0.920878 
14450 0.920538 
14500 0.920191 
14550 0.919836 
14600 0.919463 
14650 0.919072 
14700 0.918672 
14750 0.918262 
14800 0.917843 
14850 0.917397 
14900 0.916936 
14950 0.916464 
15000 0.915979 
15050 0.91548 
15100 0.914946 
15150 0.914398 
15200 0.913834 
15250 0.913253 
15300 0.912651 
15350 0.912012 
15400 0.911352 
15450 0.910672 
15500 0.909968 
15550 0.909235 
15600 0.908459 
15650 0.907654 
15700 0.90682 
15750 0.905953 
15800 0.905049 
15850 0.904089 
15900 0.903089 
15950 0.902047 
16000 0.900958 
16050 0.899819 
16100 0.898603 
16150 0.897329 
16200 0.895992 
16250 0.894585 
16300 0.893103 
16350 0.891517 
16400 0.889836 
16450 0.888056 
16500 0.886165 
16550 0.884153 
16600 0.881988 
16650 0.87966 
16700 0.877161 
16750 0.874469 
16800 0.871559 
16850 0.868393 
16900 0.864916 
16950 0.861107 
17000 0.85691 
17050 0.852258 
17100 0.847065 
17150 0.84119 
17200 0.834514 
17250 0.826858 
17300 0.817976 
17350 0.807534 
17400 0.795064 
17450 0.779919 
17500 0.761311 
17550 0.738245 
17600 0.709818 
17650 0.675909 
17700 0.637968 
17750 0.598887 
17800 0.561365 
17850 0.526845 
17900 0.495704 
17950 0.467777 
18000 0.442679 
18050 0.420071 
18100 0.399609 
18150 0.380994 
18200 0.363977 
18250 0.348348 
18300 0.333914 
18350 0.320554 
18400 0.308147 
18450 0.296586 
18500 0.285784 
18550 0.27566 
18600 0.266138 
18650 0.257177 
18700 0.248727 
18750 0.240743 
18800 0.233187 
18850 0.22602 
18900 0.219203 
18950 0.212722 
19000 0.206554 
19050 0.200674 
19100 0.195063 
19150 0.189702 
19200 0.184562 
19250 0.179643 
19300 0.174931 
19350 0.170412 
19400 0.166076 
19450 0.161912 
19500 0.157895 
19550 0.154032 
19600 0.150314 
19650 0.146733 
19700 0.143282 
19750 0.139955 
19800 0.136735 
19850 0.133622 
19900 0.130615 
19950 0.12771 
20000 0.124902 
20050 0.122186 
20100 0.119553 
20150 0.116994 
20200 0.114515 
20250 0.112114 
20300 0.109786 
20350 0.10753 
20400 0.105341 
20450 0.103205 
20500 0.101129 
20550 0.0991124 
20600 0.0971543 
20650 0.0952521 
20700 0.0934035 
20750 0.0916035 
20800 0.0898379 
20850 0.0881209 
20900 0.0864508 
20950 0.0848256 
21000 0.0832438 
21050 0.0817038 
21100 0.0801944 
21150 0.0787126 
21200 0.0772692 
21250 0.075863 
21300 0.0744926 
21350 0.0731568 
21400 0.0718545 
21450 0.0705673 
21500 0.0693021 
21550 0.0680683 
21600 0.0668648 
21650 0.0656907 
21700 0.0645449 
21750 0.0634265 
21800 0.0623085 
21850 0.0612062 
21900 0.0601303 
21950 0.0590801 
22000 0.0580547 
22050 0.0570534 
22100 0.0560754 
22150 0.0550803 
22200 0.0540887 
22250 0.0531208 
22300 0.0521758 
22350 0.051253 
22400 0.0503517 
22450 0.0494712 
22500 0.0485465 
22550 0.0475826 
22600 0.0466429 
22650 0.0457266 
22700 0.0448332 
22750 0.0439617 
22800 0.0431115 
22850 0.042017 
22900 0.0401301 
22950 0.0383321 
23000 0.0366181 
23050 0.0349834 
23100 0.0334236 
23150 0.0319347 
23200 0.0305129 
23250 0.0221712 
23300 0.0239079 
23350 0.0257346 
23400 0.0276547 
23450 0.029672 
23500 0.0317903 
23550 0.0340137 
23600 0.035475 
23650 0.0352823 
23700 0.0350912 
23750 0.0349016 
23800 0.0347136 
23850 0.0345271 
23900 0.0343421 
23950 0.0341586 
24000 0.0339087 
24050 0.0336344 
24100 0.0333634 
24150 0.0330956 
24200 0.0328309 
24250 0.0325694 
24300 0.0323109 
24350 0.0320555 
24400 0.0317682 
24450 0.0314832 
24500 0.0312019 
24550 0.0309241 
24600 0.03065 
24650 0.0303793 
24700 0.030112 
24750 0.0298465 
24800 0.0295675 
24850 0.0292922 
24900 0.0290205 
24950 0.0287524 
25000 0.0284877 
25050 0.0282265 
25100 0.0279686 
25150 0.0277132 
25200 0.0274512 
25250 0.0271925 
25300 0.0269373 
25350 0.0266854 
25400 0.0264367 
25450 0.0261913 
25500 0.0259491 
25550 0.02571 
25600 0.0254674 
25650 0.0252276 
25700 0.0249909 
25750 0.0247572 
25800 0.0245266 
25850 0.024299 
25900 0.0240742 
25950 0.0238524 
26000 0.0236301 
26050 0.0234092 
26100 0.0231912 
26150 0.0229759 
26200 0.0227633 
26250 0.0225535 
26300 0.0223463 
26350 0.0221417 
26400 0.0219387 
26450 0.0217359 
26500 0.0215357 
26550 0.0213379 
26600 0.0211427 
26650 0.0209498 
26700 0.0207594 
26750 0.0205713 
26800 0.0203856 
26850 0.0202003 
26900 0.0200167 
26950 0.0198353 
27000 0.0196562 
27050 0.0194793 
27100 0.0193045 
27150 0.0191318 
27200 0.0189613 
27250 0.0187926 
27300 0.0186244 
27350 0.0184582 
27400 0.0182939 
27450 0.0181317 
27500 0.0179713 
27550 0.0178129 
27600 0.0176564 
27650 0.0175017 
27700 0.0173485 
27750 0.0171961 
27800 0.0170455 
27850 0.0168967 
27900 0.0167496 
27950 0.0166042 
28000 0.0164605 
28050 0.0163185 
28100 0.0161781 
28150 0.016039 
28200 0.0159009 
28250 0.0157643 
28300 0.0156292 
28350 0.0154957 
28400 0.0153638 
28450 0.0152333 
28500 0.0151043 
28550 0.0149768 
28600 0.0148506 
28650 0.0147251 
28700 0.0146011 
28750 0.0144785 
28800 0.0143572 
28850 0.0142373 
28900 0.0141187 
28950 0.0140014 
29000 0.0138855 
29050 0.0137708 
29100 0.0136572 
29150 0.0135449 
29200 0.0134339 
29250 0.013324 
29300 0.0132154 
29350 0.0131079 
29400 0.0130016 
29450 0.0128964 
29500 0.0127924 
29550 0.0126877 
29600 0.0125828 
29650 0.012479 
29700 0.0123764 
29750 0.0122748 
29800 0.0121744 
29850 0.012075 
29900 0.0119767 
29950 0.0118795 
30000 0.0117832 
30050 0.0116926 
30100 0.0116029 
30150 0.0115111 
30200 0.0114203 
30250 0.0113303 
30300 0.0112413 
30350 0.0111531 
30400 0.0110658 
30450 0.0109794 
30500 0.0108938 
30550 0.0108091 
30600 0.0107252 
30650 0.0106421 
30700 0.0105599 
30750 0.0104784 
30800 0.0103978 
30850 0.0103179 
30900 0.0102388 
30950 0.0101605 
31000 0.010083 
31050 0.0100062 
31100 0.00993012 
31150 0.00985477 
31200 0.00978016 
31250 0.00970626 
31300 0.00963309 
31350 0.00956065 
31400 0.00948888 
31450 0.00941783 
31500 0.00934747 
31550 0.00927772 
31600 0.00920867 
31650 0.00914023 
31700 0.00907246 
31750 0.0090053 
31800 0.00893879 
31850 0.00887288 
31900 0.0088076 
31950 0.00874289 
32000 0.0086788 
32050 0.00861532 
32100 0.00855245 
32150 0.00849012 
32200 0.00842839 
32250 0.00836725 
32300 0.00830668 
32350 0.00824663 
32400 0.00818714 
32450 0.00812821 
32500 0.0080698 
32550 0.00801193 
32600 0.00795461 
32650 0.00789776 
32700 0.00784143 
32750 0.00778563 
32800 0.00773035 
32850 0.00767553 
32900 0.00762122 
32950 0.00756741 
33000 0.00751409 
33050 0.00746121 
33100 0.00740882 
33150 0.00735692 
33200 0.00730548 
33250 0.00725448 
33300 0.00720395 
33350 0.00715387 
33400 0.00710425 
33450 0.00705504 
33500 0.00700628 
33550 0.00695795 
33600 0.00691005 
33650 0.00686255 
33700 0.00681548 
33750 0.00676882 
33800 0.00672258 
33850 0.00667673 
33900 0.00663129 
33950 0.00658625 
34000 0.0065416 
34050 0.00649734 
34100 0.00645347 
34150 0.00640994 
34200 0.00636679 
34250 0.00632401 
34300 0.00628161 
34350 0.00623955 
34400 0.00619786 
34450 0.00615653 
34500 0.00611556 
34550 0.00607492 
34600 0.00603462 
34650 0.00599468 
34700 0.00595508 
34750 0.0059158 
34800 0.00587686 
34850 0.00583825 
34900 0.00579997 
34950 0.00576199 
35000 0.00572434 
35050 0.00568701 
35100 0.00565 
35150 0.00561326 
35200 0.00557683 
35250 0.0055407 
35300 0.00550488 
35350 0.00546933 
35400 0.00543408 
35450 0.00539912 
35500 0.00536446 
35550 0.00533006 
35600 0.00529594 
35650 0.00526211 
35700 0.00522855 
35750 0.00519525 
35800 0.00516222 
35850 0.00512946 
35900 0.00509697 
35950 0.00506474 
36000 0.00503278 
36050 0.00500107 
36100 0.0049696 
36150 0.00493839 
36200 0.00490743 
36250 0.00487672 
36300 0.00484627 
36350 0.00481603 
36400 0.00478604 
36450 0.0047563 
36500 0.00472679 
36550 0.00469749 
36600 0.00466843 
36650 0.00463961 
36700 0.00461101 
36750 0.00458264 
36800 0.0045545 
36850 0.00452656 
36900 0.00449884 
36950 0.00447134 
37000 0.00444406 
37050 0.00441698 
37100 0.0043901 
37150 0.00436344 
37200 0.00433699 
37250 0.00431074 
37300 0.0042847 
37350 0.00425884 
37400 0.00423318 
37450 0.00420772 
37500 0.00418246 
37550 0.00415738 
37600 0.0041325 
37650 0.00410781 
37700 0.0040833 
37750 0.00405899 
37800 0.00403486 
37850 0.0040109 
37900 0.00398713 
37950 0.00396353 
38000 0.00394011 
38050 0.00391687 
38100 0.00389379 
38150 0.00387089 
38200 0.00384817 
38250 0.00382561 
38300 0.00380323 
38350 0.00378101 
38400 0.00375896 
38450 0.00373708 
38500 0.00371536 
38550 0.00369378 
38600 0.00367237 
38650 0.00365111 
38700 0.00363001 
38750 0.00360907 
38800 0.00358828 
38850 0.00356765 
38900 0.00354717 
38950 0.00352684 
39000 0.00350665 
39050 0.00348661 
39100 0.00346671 
39150 0.00344696 
39200 0.00342735 
39250 0.00340788 
39300 0.00338855 
39350 0.00336937 
39400 0.00335032 
39450 0.00333142 
39500 0.00331265 
39550 0.003294 
39600 0.00327549 
39650 0.00325711 
39700 0.00323887 
39750 0.00322075 
39800 0.00320277 
39850 0.00318491 
39900 0.00316718 
39950 0.00314958 
40000 0.0031321 
40050 0.00311474 
40100 0.00309749 
40150 0.00308038 
40200 0.00306338 
40250 0.0030465 
40300 0.00302974 
40350 0.0030131 
40400 0.00299657 
40450 0.00298016 
40500 0.00296386 
40550 0.00294767 
40600 0.0029316 
40650 0.00291564 
40700 0.00289979 
40750 0.00288405 
40800 0.00286842 
40850 0.00285289 
40900 0.00283747 
40950 0.00282215 
41000 0.00280694 
41050 0.00279184 
41100 0.00277684 
41150 0.00276194 
41200 0.00274714 
41250 0.00273244 
41300 0.00271784 
41350 0.00270335 
41400 0.00268895 
41450 0.00267465 
41500 0.00266044 
41550 0.00264633 
41600 0.00263231 
41650 0.00261838 
41700 0.00260455 
41750 0.00259081 
41800 0.00257717 
41850 0.00256362 
41900 0.00255015 
41950 0.00253678 
42000 0.0025235 
42050 0.0025103 
42100 0.0024972 
42150 0.00248418 
42200 0.00247125 
42250 0.0024584 
42300 0.00244564 
42350 0.00243296 
42400 0.00242036 
42450 0.00240784 
42500 0.00239541 
42550 0.00238306 
42600 0.00237079 
42650 0.0023586 
42700 0.00234649 
42750 0.00233446 
42800 0.00232251 
42850 0.00231064 
42900 0.00229884 
42950 0.00228712 
43000 0.00227548 
43050 0.00226391 
43100 0.00225241 
43150 0.00224098 
43200 0.00222963 
43250 0.00221835 
43300 0.00220714 
43350 0.00219601 
43400 0.00218495 
43450 0.00217395 
43500 0.00216303 
43550 0.00215218 
43600 0.0021414 
43650 0.00213069 
43700 0.00212004 
43750 0.00210947 
43800 0.00209896 
43850 0.00208851 
43900 0.00207812 
43950 0.00206781 
44000 0.00205755 
44050 0.00204737 
44100 0.00203724 
44150 0.00202718 
44200 0.00201719 
44250 0.00200725 
44300 0.00199738 
44350 0.00198757 
44400 0.00197782 
44450 0.00196814 
44500 0.00195851 
44550 0.00194894 
44600 0.00193943 
44650 0.00192997 
44700 0.00192058 
44750 0.00191124 
44800 0.00190197 
44850 0.00189274 
44900 0.00188358 
44950 0.00187447 
45000 0.00186542 
45050 0.00185642 
45100 0.00184748 
45150 0.0018386 
45200 0.00182977 
45250 0.00182099 
45300 0.00181226 
45350 0.00180359 
45400 0.00179496 
45450 0.00178639 
45500 0.00177787 
45550 0.0017694 
45600 0.00176099 
45650 0.00175262 
45700 0.00174431 
45750 0.00173604 
45800 0.00172783 
45850 0.00171966 
45900 0.00171154 
45950 0.00170347 
46000 0.00169545 
46050 0.00168748 
46100 0.00167955 
46150 0.00167167 
46200 0.00166384 
46250 0.00165605 
46300 0.00164831 
46350 0.00164061 
46400 0.00163297 
46450 0.00162536 
46500 0.0016178 
46550 0.00161029 
46600 0.00160281 
46650 0.00159539 
46700 0.001588 
46750 0.00158066 
46800 0.00157336 
46850 0.00156611 
46900 0.00155889 
46950 0.00155172 
47000 0.00154459 
47050 0.00153751 
47100 0.00153046 
47150 0.00152345 
47200 0.00151648 
47250 0.00150956 
47300 0.00150267 
47350 0.00149583 
47400 0.00148902 
47450 0.00148225 
47500 0.00147553 
47550 0.00146884 
47600 0.00146218 
47650 0.00145557 
47700 0.001449 
47750 0.00144246 
47800 0.00143596 
47850 0.00142949 
47900 0.00142307 
47950 0.00141668 
48000 0.00141033 
48050 0.00140401 
48100 0.00139772 
48150 0.00139147 
48200 0.00138526 
48250 0.00137908 
48300 0.00137294 
48350 0.00136683 
48400 0.00136076 
48450 0.00135472 
48500 0.00134872 
48550 0.00134274 
48600 0.00133681 
48650 0.0013309 
48700 0.00132503 
48750 0.00131919 
48800 0.00131339 
48850 0.00130761 
48900 0.00130187 
48950 0.00129616 
49000 0.00129048 
49050 0.00128483 
49100 0.00127922 
49150 0.00127363 
49200 0.00126808 
49250 0.00126255 
49300 0.00125706 
49350 0.00125159 
49400 0.00124616 
49450 0.00124075 
49500 0.00123538 
49550 0.00123004 
49600 0.00122472 
49650 0.00121943 
49700 0.00121418 
49750 0.00120895 
49800 0.00120375 
49850 0.00119857 
49900 0.00119343 
49950 0.00118832 
50000 0.00118323 
50050 0.00117817 
50100 0.00117313 
50150 0.00116812 
50200 0.00116314 
50250 0.00115819 
50300 0.00115326 
50350 0.00114836 
50400 0.00114349 
50450 0.00113864 
50500 0.00113382 
50550 0.00112903 
50600 0.00112426 
50650 0.00111951 
50700 0.00111479 
50750 0.0011101 
50800 0.00110543 
50850 0.00110078 
50900 0.00109616 
50950 0.00109157 
51000 0.001087 
51050 0.00108245 
51100 0.00107793 
51150 0.00107343 
51200 0.00106895 
51250 0.0010645 
51300 0.00106007 
51350 0.00105567 
51400 0.00105128 
51450 0.00104693 
51500 0.00104259 
51550 0.00103828 
51600 0.00103398 
51650 0.00102972 
51700 0.00102547 
51750 0.00102125 
51800 0.00101704 
51850 0.00101286 
51900 0.0010087 
51950 0.00100457 
52000 0.00100045 
52050 0.000996356 
52100 0.000992283 
52150 0.000988229 
52200 0.000984197 
52250 0.000980186 
52300 0.000976196 
52350 0.000972226 
52400 0.000968276 
52450 0.000964347 
52500 0.000960438 
52550 0.000956548 
52600 0.00095268 
52650 0.00094883 
52700 0.000945001 
52750 0.00094119 
52800 0.000937399 
52850 0.000933628 
52900 0.000929876 
52950 0.000926143 
53000 0.000922428 
53050 0.000918732 
53100 0.000915055 
53150 0.000911396 
53200 0.000907756 
53250 0.000904134 
53300 0.00090053 
53350 0.000896945 
53400 0.000893377 
53450 0.000889828 
53500 0.000886296 
53550 0.000882782 
53600 0.000879285 
53650 0.000875807 
53700 0.000872345 
53750 0.000868901 
53800 0.000865474 
53850 0.000862063 
53900 0.000858671 
53950 0.000855294 
54000 0.000851935 
54050 0.000848591 
54100 0.000845264 
54150 0.000841954 
54200 0.000838659 
54250 0.000835381 
54300 0.00083212 
54350 0.000828874 
54400 0.000825644 
54450 0.00082243 
54500 0.000819232 
54550 0.00081605 
54600 0.000812883 
54650 0.000809732 
54700 0.000806596 
54750 0.000803476 
54800 0.00080037 
54850 0.00079728 
54900 0.000794205 
54950 0.000791145 
55000 0.0007881 
55050 0.00078507 
55100 0.000782054 
55150 0.000779053 
55200 0.000776067 
55250 0.000773094 
55300 0.000770137 
55350 0.000767193 
55400 0.000764264 
55450 0.000761349 
55500 0.000758448 
55550 0.000755561 
55600 0.000752688 
55650 0.000749829 
55700 0.000746983 
55750 0.00074415 
55800 0.000741332 
55850 0.000738527 
55900 0.000735735 
55950 0.000732957 
56000 0.000730192 
56050 0.000727439 
56100 0.000724699 
56150 0.000721972 
56200 0.000719259 
56250 0.000716558 
56300 0.00071387 
56350 0.000711194 
56400 0.000708532 
56450 0.000705882 
56500 0.000703244 
56550 0.000700619 
56600 0.000698006 
56650 0.000695405 
56700 0.000692817 
56750 0.000690241 
56800 0.000687677 
56850 0.000685125 
56900 0.000682584 
56950 0.000680056 
57000 0.00067754 
57050 0.000675035 
57100 0.000672542 
57150 0.00067006 
57200 0.00066759 
57250 0.000665132 
57300 0.000662685 
57350 0.000660249 
57400 0.000657824 
57450 0.000655412 
57500 0.000653009 
57550 0.000650618 
57600 0.000648238 
57650 0.000645869 
57700 0.000643511 
57750 0.000641163 
57800 0.000638826 
57850 0.0006365 
57900 0.000634185 
57950 0.00063188 
58000 0.000629586 
58050 0.000627302 
58100 0.000625029 
58150 0.000622766 
58200 0.000620514 
58250 0.000618272 
58300 0.00061604 
58350 0.000613818 
58400 0.000611606 
58450 0.000609404 
58500 0.000607213 
58550 0.000605031 
58600 0.000602859 
58650 0.000600697 
58700 0.000598544 
58750 0.000596402 
58800 0.000594268 
58850 0.000592145 
58900 0.000590031 
58950 0.000587927 
59000 0.000585832 
59050 0.000583746 
59100 0.00058167 
59150 0.000579603 
59200 0.000577545 
59250 0.000575497 
59300 0.000573458 
59350 0.000571428 
59400 0.000569407 
59450 0.000567394 
59500 0.000565392 
59550 0.000563397 
59600 0.000561412 
59650 0.000559436 
59700 0.000557468 
59750 0.000555509 
59800 0.000553559 
59850 0.000551617 
59900 0.000549684 
59950 0.000547759 
60000 0.000545843 
60050 0.000543935 
60100 0.000542035 
60150 0.000540143 
60200 0.00053826 
60250 0.000536385 
60300 0.000534519 
60350 0.00053266 
60400 0.00053081 
60450 0.000528967 
60500 0.000527133 
60550 0.000525307 
60600 0.000523489 
60650 0.000521678 
60700 0.000519876 
60750 0.000518081 
60800 0.000516295 
60850 0.000514516 
60900 0.000512744 
60950 0.000510981 
61000 0.000509225 
61050 0.000507477 
61100 0.000505736 
61150 0.000504003 
61200 0.000502277 
61250 0.000500559 
61300 0.000498848 
61350 0.000497144 
61400 0.000495448 
61450 0.000493759 
61500 0.000492077 
61550 0.000490403 
61600 0.000488736 
61650 0.000487076 
61700 0.000485423 
61750 0.000483777 
61800 0.000482138 
61850 0.000480506 
61900 0.000478881 
61950 0.000477263 
62000 0.000475652 
62050 0.000474047 
62100 0.00047245 
62150 0.000470859 
62200 0.000469275 
62250 0.000467698 
62300 0.000466127 
62350 0.000464563 
62400 0.000463006 
62450 0.000461455 
62500 0.000459911 
62550 0.000458373 
62600 0.000456841 
62650 0.000455316 
62700 0.000453798 
62750 0.000452286 
62800 0.00045078 
62850 0.000449281 
62900 0.000447787 
62950 0.0004463 
63000 0.00044482 
63050 0.000443345 
63100 0.000441877 
63150 0.000440414 
63200 0.000438958 
63250 0.000437508 
63300 0.000436064 
63350 0.000434626 
63400 0.000433194 
63450 0.000431767 
63500 0.000430347 
63550 0.000428933 
63600 0.000427524 
63650 0.000426121 
63700 0.000424724 
63750 0.000423333 
63800 0.000421948 
63850 0.000420568 
63900 0.000419194 
63950 0.000417825 
64000 0.000416463 
64050 0.000415105 
64100 0.000413754 
64150 0.000412408 
64200 0.000411067 
64250 0.000409732 
64300 0.000408402 
64350 0.000407078 
64400 0.000405759 
64450 0.000404445 
64500 0.000403137 
64550 0.000401834 
64600 0.000400537 
64650 0.000399245 
64700 0.000397958 
64750 0.000396676 
64800 0.000395399 
64850 0.000394128 
64900 0.000392862 
64950 0.0003916 
65000 0.000390344 
65050 0.000389093 
65100 0.000387847 
65150 0.000386607 
65200 0.000385371 
65250 0.00038414 
65300 0.000382914 
65350 0.000381693 
65400 0.000380477 
65450 0.000379265 
65500 0.000378059 
65550 0.000376857 
65600 0.00037566 
65650 0.000374468 
65700 0.000373281 
65750 0.000372099 
65800 0.000370921 
65850 0.000369748 
65900 0.000368579 
65950 0.000367415 
66000 0.000366256 
66050 0.000365101 
66100 0.000363951 
66150 0.000362806 
66200 0.000361665 
66250 0.000360528 
66300 0.000359396 
66350 0.000358269 
66400 0.000357145 
66450 0.000356027 
66500 0.000354912 
66550 0.000353803 
66600 0.000352697 
66650 0.000351596 
66700 0.000350499 
66750 0.000349406 
66800 0.000348318 
66850 0.000347234 
66900 0.000346154 
66950 0.000345079 
67000 0.000344007 
67050 0.00034294 
67100 0.000341877 
67150 0.000340818 
67200 0.000339763 
67250 0.000338713 
67300 0.000337666 
67350 0.000336623 
67400 0.000335585 
67450 0.00033455 
67500 0.00033352 
67550 0.000332494 
67600 0.000331471 
67650 0.000330453 
67700 0.000329438 
67750 0.000328427 
67800 0.00032742 
67850 0.000326418 
67900 0.000325419 
67950 0.000324423 
68000 0.000323432 
68050 0.000322444 
68100 0.000321461 
68150 0.00032048 
68200 0.000319504 
68250 0.000318532 
68300 0.000317563 
68350 0.000316598 
68400 0.000315636 
68450 0.000314678 
68500 0.000313724 
68550 0.000312774 
68600 0.000311827 
68650 0.000310884 
68700 0.000309944 
68750 0.000309008 
68800 0.000308075 
68850 0.000307146 
68900 0.000306221 
68950 0.000305299 
69000 0.00030438 
69050 0.000303465 
69100 0.000302553 
69150 0.000301645 
69200 0.000300741 
69250 0.000299839 
69300 0.000298941 
69350 0.000298047 
69400 0.000297156 
69450 0.000296268 
69500 0.000295383 
69550 0.000294502 
69600 0.000293624 
69650 0.00029275 
69700 0.000291878 
69750 0.00029101 
69800 0.000290145 
69850 0.000289284 
69900 0.000288425 
69950 0.00028757 
70000 0.000286718 
70050 0.000285869 
70100 0.000285024 
70150 0.000284182 
70200 0.000283342 
70250 0.000282506 
70300 0.000281673 
70350 0.000280843 
70400 0.000280016 
70450 0.000279192 
70500 0.000278372 
70550 0.000277554 
70600 0.000276739 
70650 0.000275927 
70700 0.000275118 
70750 0.000274313 
70800 0.00027351 
70850 0.00027271 
70900 0.000271913 
70950 0.000271119 
71000 0.000270328 
71050 0.00026954 
71100 0.000268754 
71150 0.000267972 
71200 0.000267192 
71250 0.000266415 
71300 0.000265642 
71350 0.00026487 
71400 0.000264102 
71450 0.000263337 
71500 0.000262574 
71550 0.000261814 
71600 0.000261057 
71650 0.000260302 
71700 0.000259551 
71750 0.000258802 
71800 0.000258055 
71850 0.000257312 
71900 0.000256571 
71950 0.000255833 
72000 0.000255097 
72050 0.000254364 
72100 0.000253634 
72150 0.000252907 
72200 0.000252182 
72250 0.000251459 
72300 0.00025074 
72350 0.000250022 
72400 0.000249308 
72450 0.000248596 
72500 0.000247886 
72550 0.000247179 
72600 0.000246475 
72650 0.000245773 
72700 0.000245074 
72750 0.000244377 
72800 0.000243682 
72850 0.000242991 
72900 0.000242301 
72950 0.000241614 
73000 0.00024093 
73050 0.000240248 
73100 0.000239568 
73150 0.000238891 
73200 0.000238216 
73250 0.000237543 
73300 0.000236873 
73350 0.000236205 
73400 0.00023554 
73450 0.000234877 
73500 0.000234216 
73550 0.000233558 
73600 0.000232902 
73650 0.000232248 
73700 0.000231597 
73750 0.000230948 
73800 0.000230301 
73850 0.000229656 
73900 0.000229014 
73950 0.000228374 
74000 0.000227736 
74050 0.000227101 
74100 0.000226467 
74150 0.000225836 
74200 0.000225207 
74250 0.000224581 
74300 0.000223956 
74350 0.000223334 
74400 0.000222714 
74450 0.000222096 
74500 0.00022148 
74550 0.000220866 
74600 0.000220254 
74650 0.000219645 
74700 0.000219038 
74750 0.000218432 
74800 0.000217829 
74850 0.000217228 
74900 0.000216629 
74950 0.000216032 
75000 0.000215438 
75050 0.000214845 
75100 0.000214254 
75150 0.000213666 
75200 0.000213079 
75250 0.000212495 
75300 0.000211912 
75350 0.000211332 
75400 0.000210753 
75450 0.000210177 
75500 0.000209602 
75550 0.000209029 
75600 0.000208459 
75650 0.00020789 
75700 0.000207323 
75750 0.000206759 
75800 0.000206196 
75850 0.000205635 
75900 0.000205076 
75950 0.000204518 
76000 0.000203963 
76050 0.00020341 
76100 0.000202858 
76150 0.000202309 
76200 0.000201761 
76250 0.000201215 
76300 0.000200671 
76350 0.000200129 
76400 0.000199589 
76450 0.00019905 
76500 0.000198514 
76550 0.000197979 
76600 0.000197446 
76650 0.000196915 
76700 0.000196385 
76750 0.000195857 
76800 0.000195332 
76850 0.000194807 
76900 0.000194285 
76950 0.000193765 
77000 0.000193246 
77050 0.000192729 
77100 0.000192213 
77150 0.0001917 
77200 0.000191188 
77250 0.000190678 
77300 0.000190169 
77350 0.000189663 
77400 0.000189157 
77450 0.000188654 
77500 0.000188152 
77550 0.000187652 
77600 0.000187154 
77650 0.000186657 
77700 0.000186162 
77750 0.000185669 
77800 0.000185177 
77850 0.000184687 
77900 0.000184199 
77950 0.000183712 
78000 0.000183227 
78050 0.000182743 
78100 0.000182261 
78150 0.000181781 
78200 0.000181302 
78250 0.000180825 
78300 0.000180349 
78350 0.000179875 
78400 0.000179402 
78450 0.000178931 
78500 0.000178462 
78550 0.000177994 
78600 0.000177528 
78650 0.000177063 
78700 0.000176599 
78750 0.000176138 
78800 0.000175677 
78850 0.000175219 
78900 0.000174761 
78950 0.000174306 
79000 0.000173851 
79050 0.000173399 
79100 0.000172947 
79150 0.000172498 
79200 0.000172049 
79250 0.000171602 
79300 0.000171157 
79350 0.000170713 
79400 0.00017027 
79450 0.000169829 
79500 0.00016939 
79550 0.000168951 
79600 0.000168514 
79650 0.000168079 
79700 0.000167645 
79750 0.000167213 
79800 0.000166781 
79850 0.000166352 
79900 0.000165923 
79950 0.000165496 
80000 0.00016507 
80050 0.000164646 
80100 0.000164223 
80150 0.000163802 
80200 0.000163382 
80250 0.000162963 
80300 0.000162546 
80350 0.00016213 
80400 0.000161715 
80450 0.000161301 
80500 0.000160889 
80550 0.000160479 
80600 0.000160069 
80650 0.000159661 
80700 0.000159254 
80750 0.000158849 
80800 0.000158444 
80850 0.000158042 
80900 0.00015764 
80950 0.000157239 
81000 0.00015684 
81050 0.000156443 
81100 0.000156046 
81150 0.000155651 
81200 0.000155257 
81250 0.000154864 
81300 0.000154472 
81350 0.000154082 
81400 0.000153693 
81450 0.000153305 
81500 0.000152918 
81550 0.000152533 
81600 0.000152149 
81650 0.000151766 
81700 0.000151384 
81750 0.000151003 
81800 0.000150624 
81850 0.000150246 
81900 0.000149869 
81950 0.000149493 
82000 0.000149118 
82050 0.000148745 
82100 0.000148373 
82150 0.000148002 
82200 0.000147632 
82250 0.000147263 
82300 0.000146895 
82350 0.000146529 
82400 0.000146163 
82450 0.000145799 
82500 0.000145436 
82550 0.000145074 
82600 0.000144714 
82650 0.000144354 
82700 0.000143995 
82750 0.000143638 
82800 0.000143282 
82850 0.000142926 
82900 0.000142572 
82950 0.000142219 
83000 0.000141867 
83050 0.000141517 
83100 0.000141167 
83150 0.000140818 
83200 0.000140471 
83250 0.000140124 
83300 0.000139779 
83350 0.000139435 
83400 0.000139091 
83450 0.000138749 
83500 0.000138408 
83550 0.000138068 
83600 0.000137729 
83650 0.000137391 
83700 0.000137054 
83750 0.000136718 
83800 0.000136383 
83850 0.00013605 
83900 0.000135717 
83950 0.000135385 
84000 0.000135054 
84050 0.000134724 
84100 0.000134396 
84150 0.000134068 
84200 0.000133741 
84250 0.000133415 
84300 0.00013309 
84350 0.000132767 
84400 0.000132444 
84450 0.000132122 
84500 0.000131801 
84550 0.000131481 
84600 0.000131162 
84650 0.000130844 
84700 0.000130527 
84750 0.000130211 
84800 0.000129896 
84850 0.000129582 
84900 0.000129269 
84950 0.000128957 
85000 0.000128646 
85050 0.000128336 
85100 0.000128026 
85150 0.000127718 
85200 0.00012741 
85250 0.000127104 
85300 0.000126798 
85350 0.000126494 
85400 0.00012619 
85450 0.000125887 
85500 0.000125585 
85550 0.000125284 
85600 0.000124984 
85650 0.000124685 
85700 0.000124387 
85750 0.000124089 
85800 0.000123793 
85850 0.000123497 
85900 0.000123202 
85950 0.000122909 
86000 0.000122616 
86050 0.000122324 
86100 0.000122032 
86150 0.000121742 
86200 0.000121452 
86250 0.000121164 
86300 0.000120876 
86350 0.000120589 
86400 0.000120303 
86450 0.000120018 
86500 0.000119733 
86550 0.00011945 
86600 0.000119167 
86650 0.000118885 
86700 0.000118604 
86750 0.000118324 
86800 0.000118045 
86850 0.000117766 
86900 0.000117489 
86950 0.000117212 
87000 0.000116936 
87050 0.00011666 
87100 0.000116386 
87150 0.000116112 
87200 0.000115839 
87250 0.000115567 
87300 0.000115296 
87350 0.000115026 
87400 0.000114756 
87450 0.000114487 
87500 0.000114219 
87550 0.000113952 
87600 0.000113685 
87650 0.00011342 
87700 0.000113155 
87750 0.000112891 
87800 0.000112627 
87850 0.000112365 
87900 0.000112103 
87950 0.000111842 
88000 0.000111581 
88050 0.000111322 
88100 0.000111063 
88150 0.000110805 
88200 0.000110548 
88250 0.000110291 
88300 0.000110036 
88350 0.000109781 
88400 0.000109526 
88450 0.000109273 
88500 0.00010902 
88550 0.000108768 
88600 0.000108516 
88650 0.000108266 
88700 0.000108016 
88750 0.000107767 
88800 0.000107518 
88850 0.000107271 
88900 0.000107024 
88950 0.000106777 
89000 0.000106532 
89050 0.000106287 
89100 0.000106043 
89150 0.000105799 
89200 0.000105556 
89250 0.000105314 
89300 0.000105073 
89350 0.000104832 
89400 0.000104592 
89450 0.000104353 
89500 0.000104114 
89550 0.000103876 
89600 0.000103639 
89650 0.000103403 
89700 0.000103167 
89750 0.000102931 
89800 0.000102697 
89850 0.000102463 
89900 0.00010223 
89950 0.000101997 
90000 0.000101765 
90050 0.000101534 
90100 0.000101304 
90150 0.000101074 
90200 0.000100845 
90250 0.000100616 
90300 0.000100388 
90350 0.000100161 
90400 9.99341E-005 
90450 9.97081E-005 
90500 9.94827E-005 
90550 9.9258E-005 
90600 9.90339E-005 
90650 9.88104E-005 
90700 9.85876E-005 
90750 9.83654E-005 
90800 9.81438E-005 
90850 9.79229E-005 
90900 9.77026E-005 
90950 9.74829E-005 
91000 9.72638E-005 
91050 9.70454E-005 
91100 9.68275E-005 
91150 9.66103E-005 
91200 9.63937E-005 
91250 9.61776E-005 
91300 9.59622E-005 
91350 9.57474E-005 
91400 9.55332E-005 
91450 9.53196E-005 
91500 9.51066E-005 
91550 9.48942E-005 
91600 9.46824E-005 
91650 9.44712E-005 
91700 9.42605E-005 
91750 9.40505E-005 
91800 9.3841E-005 
91850 9.36322E-005 
91900 9.34239E-005 
91950 9.32161E-005 
92000 9.3009E-005 
92050 9.28025E-005 
92100 9.25965E-005 
92150 9.23911E-005 
92200 9.21862E-005 
92250 9.1982E-005 
92300 9.17783E-005 
92350 9.15751E-005 
92400 9.13726E-005 
92450 9.11705E-005 
92500 9.09691E-005 
92550 9.07682E-005 
92600 9.05679E-005 
92650 9.03681E-005 
92700 9.01688E-005 
92750 8.99702E-005 
92800 8.9772E-005 
92850 8.95744E-005 
92900 8.93774E-005 
92950 8.91809E-005 
93000 8.89849E-005 
93050 8.87895E-005 
93100 8.85947E-005 
93150 8.84004E-005 
93200 8.82066E-005 
93250 8.80133E-005 
93300 8.78206E-005 
93350 8.76284E-005 
93400 8.74367E-005 
93450 8.72456E-005 
93500 8.70549E-005 
93550 8.68648E-005 
93600 8.66753E-005 
93650 8.64862E-005 
93700 8.62977E-005 
93750 8.61096E-005 
93800 8.59221E-005 
93850 8.57351E-005 
93900 8.55486E-005 
93950 8.53626E-005 
94000 8.51771E-005 
94050 8.49922E-005 
94100 8.48077E-005 
94150 8.46237E-005 
94200 8.44402E-005 
94250 8.42573E-005 
94300 8.40748E-005 
94350 8.38928E-005 
94400 8.37113E-005 
94450 8.35303E-005 
94500 8.33498E-005 
94550 8.31698E-005 
94600 8.29903E-005 
94650 8.28112E-005 
94700 8.26327E-005 
94750 8.24546E-005 
94800 8.2277E-005 
94850 8.20999E-005 
94900 8.19232E-005 
94950 8.1747E-005 
95000 8.15713E-005 
95050 8.13962E-005 
95100 8.12214E-005 
95150 8.10472E-005 
95200 8.08734E-005 
95250 8.07001E-005 
95300 8.05273E-005 
95350 8.03549E-005 
95400 8.0183E-005 
95450 8.00115E-005 
95500 7.98405E-005 
95550 7.967E-005 
95600 7.94999E-005 
95650 7.93303E-005 
95700 7.91611E-005 
95750 7.89924E-005 
95800 7.88241E-005 
95850 7.86563E-005 
95900 7.84889E-005 
95950 7.8322E-005 
96000 7.81555E-005 
96050 7.79894E-005 
96100 7.78238E-005 
96150 7.76587E-005 
96200 7.74939E-005 
96250 7.73297E-005 
96300 7.71658E-005 
96350 7.70024E-005 
96400 7.68394E-005 
96450 7.66769E-005 
96500 7.65147E-005 
96550 7.6353E-005 
96600 7.61918E-005 
96650 7.60309E-005 
96700 7.58705E-005 
96750 7.57105E-005 
96800 7.55509E-005 
96850 7.53918E-005 
96900 7.5233E-005 
96950 7.50747E-005 
97000 7.49168E-005 
97050 7.47593E-005 
97100 7.46023E-005 
97150 7.44456E-005 
97200 7.42894E-005 
97250 7.41335E-005 
97300 7.39781E-005 
97350 7.38231E-005 
97400 7.36685E-005 
97450 7.35143E-005 
97500 7.33605E-005 
97550 7.32071E-005 
97600 7.30541E-005 
97650 7.29015E-005 
97700 7.27493E-005 
97750 7.25975E-005 
97800 7.24461E-005 
97850 7.22951E-005 
97900 7.21445E-005 
97950 7.19943E-005 
98000 7.18444E-005 
98050 7.1695E-005 
98100 7.1546E-005 
98150 7.13974E-005 
98200 7.12491E-005 
98250 7.11013E-005 
98300 7.09538E-005 
98350 7.08067E-005 
98400 7.066E-005 
98450 7.05137E-005 
98500 7.03677E-005 
98550 7.02221E-005 
98600 7.00769E-005 
98650 6.99321E-005 
98700 6.97877E-005 
98750 6.96436E-005 
98800 6.94999E-005 
98850 6.93566E-005 
98900 6.92136E-005 
98950 6.9071E-005 
99000 6.89288E-005 
99050 6.87869E-005 
99100 6.86454E-005 
99150 6.85043E-005 
99200 6.83635E-005 
99250 6.82231E-005 
99300 6.8083E-005 
99350 6.79433E-005 
99400 6.7804E-005 
99450 6.7665E-005 
99500 6.75264E-005 
99550 6.73881E-005 
99600 6.72502E-005 
99650 6.71127E-005 
99700 6.69755E-005 
99750 6.68386E-005 
99800 6.67021E-005 
99850 6.6566E-005 
99900 6.64301E-005 
99950 6.62947E-005 
100000 6.61596E-005 
