#F U:\Beamline I20\!M2 and filters heat load\xop\Rh-4mrad.dat
#C Rh - 4mrad
#S 1 File written by xplot on Mon Mar 09 11:31:55 2009
#N 2
#L    Photon Energy [eV]  Intens after oe #1
50 0.983498 
100 0.996601 
150 0.99585 
200 0.98908 
250 0.981712 
300 0.963318 
350 0.905794 
400 0.926782 
450 0.933409 
500 0.936243 
550 0.939874 
600 0.941196 
650 0.943936 
700 0.946171 
750 0.947922 
800 0.949291 
850 0.950395 
900 0.951343 
950 0.952216 
1000 0.953016 
1050 0.95381 
1100 0.954525 
1150 0.955137 
1200 0.955682 
1250 0.956171 
1300 0.956601 
1350 0.956998 
1400 0.957368 
1450 0.95771 
1500 0.958072 
1550 0.958477 
1600 0.958843 
1650 0.95918 
1700 0.959493 
1750 0.959807 
1800 0.960127 
1850 0.960426 
1900 0.960701 
1950 0.960944 
2000 0.961166 
2050 0.961375 
2100 0.961589 
2150 0.961788 
2200 0.961968 
2250 0.962125 
2300 0.962265 
2350 0.962374 
2400 0.962456 
2450 0.962509 
2500 0.96252 
2550 0.96248 
2600 0.962384 
2650 0.962215 
2700 0.961951 
2750 0.961543 
2800 0.960917 
2850 0.959947 
2900 0.958302 
2950 0.954646 
3000 0.892176 
3050 0.855375 
3100 0.863506 
3150 0.78758 
3200 0.841679 
3250 0.850452 
3300 0.855419 
3350 0.858064 
3400 0.849323 
3450 0.847364 
3500 0.853274 
3550 0.857188 
3600 0.860282 
3650 0.862944 
3700 0.865294 
3750 0.86741 
3800 0.869341 
3850 0.871124 
3900 0.872744 
3950 0.874257 
4000 0.875682 
4050 0.877031 
4100 0.878311 
4150 0.879501 
4200 0.880642 
4250 0.881741 
4300 0.882793 
4350 0.883781 
4400 0.884742 
4450 0.88568 
4500 0.886561 
4550 0.887415 
4600 0.888254 
4650 0.889054 
4700 0.889825 
4750 0.890588 
4800 0.891314 
4850 0.892019 
4900 0.892721 
4950 0.893382 
5000 0.894035 
5050 0.894682 
5100 0.895289 
5150 0.8959 
5200 0.896487 
5250 0.897058 
5300 0.897631 
5350 0.898167 
5400 0.898712 
5450 0.89923 
5500 0.899744 
5550 0.900249 
5600 0.900735 
5650 0.901226 
5700 0.901685 
5750 0.902158 
5800 0.902598 
5850 0.903048 
5900 0.903475 
5950 0.903905 
6000 0.904318 
6050 0.904729 
6100 0.905128 
6150 0.905522 
6200 0.905907 
6250 0.906286 
6300 0.906657 
6350 0.907022 
6400 0.907378 
6450 0.907732 
6500 0.908073 
6550 0.908416 
6600 0.908743 
6650 0.909076 
6700 0.909388 
6750 0.909713 
6800 0.910011 
6850 0.910324 
6900 0.910612 
6950 0.91091 
7000 0.911192 
7050 0.911474 
7100 0.911752 
7150 0.912019 
7200 0.912295 
7250 0.912547 
7300 0.912812 
7350 0.913056 
7400 0.913305 
7450 0.913549 
7500 0.913782 
7550 0.914026 
7600 0.914244 
7650 0.914473 
7700 0.914692 
7750 0.914905 
7800 0.915126 
7850 0.915325 
7900 0.915535 
7950 0.915732 
8000 0.915924 
8050 0.916125 
8100 0.916302 
8150 0.916489 
8200 0.916671 
8250 0.91684 
8300 0.91702 
8350 0.917182 
8400 0.917345 
8450 0.917515 
8500 0.917661 
8550 0.917816 
8600 0.917968 
8650 0.918107 
8700 0.918255 
8750 0.918392 
8800 0.918523 
8850 0.918663 
8900 0.918785 
8950 0.918908 
9000 0.919038 
9050 0.919147 
9100 0.91926 
9150 0.91938 
9200 0.919476 
9250 0.919579 
9300 0.919689 
9350 0.919774 
9400 0.919866 
9450 0.919965 
9500 0.92004 
9550 0.920122 
9600 0.920211 
9650 0.920277 
9700 0.920347 
9750 0.920424 
9800 0.92048 
9850 0.920538 
9900 0.920602 
9950 0.920652 
10000 0.920698 
10050 0.92075 
10100 0.920794 
10150 0.920828 
10200 0.920866 
10250 0.920904 
10300 0.920925 
10350 0.92095 
10400 0.920981 
10450 0.92099 
10500 0.921002 
10550 0.921017 
10600 0.921023 
10650 0.92102 
10700 0.921021 
10750 0.921022 
10800 0.921004 
10850 0.920989 
10900 0.920979 
10950 0.920954 
11000 0.920924 
11050 0.920897 
11100 0.92087 
11150 0.920823 
11200 0.920779 
11250 0.920738 
11300 0.920686 
11350 0.920624 
11400 0.920565 
11450 0.920508 
11500 0.920431 
11550 0.920353 
11600 0.920277 
11650 0.920198 
11700 0.9201 
11750 0.920004 
11800 0.919909 
11850 0.919805 
11900 0.919688 
11950 0.919572 
12000 0.919456 
12050 0.919327 
12100 0.919188 
12150 0.919049 
12200 0.918911 
12250 0.918755 
12300 0.918592 
12350 0.918429 
12400 0.918265 
12450 0.918082 
12500 0.917892 
12550 0.9177 
12600 0.917508 
12650 0.917296 
12700 0.917076 
12750 0.916853 
12800 0.916629 
12850 0.916386 
12900 0.916132 
12950 0.915874 
13000 0.915613 
13050 0.915336 
13100 0.915044 
13150 0.914747 
13200 0.914445 
13250 0.914131 
13300 0.913794 
13350 0.913452 
13400 0.913102 
13450 0.912746 
13500 0.91236 
13550 0.911965 
13600 0.911562 
13650 0.91115 
13700 0.910712 
13750 0.910257 
13800 0.90979 
13850 0.909311 
13900 0.908816 
13950 0.908288 
14000 0.907747 
14050 0.90719 
14100 0.906618 
14150 0.906012 
14200 0.905381 
14250 0.90473 
14300 0.90406 
14350 0.903364 
14400 0.902625 
14450 0.90186 
14500 0.90107 
14550 0.900251 
14600 0.899388 
14650 0.898481 
14700 0.897539 
14750 0.89656 
14800 0.895541 
14850 0.894458 
14900 0.893324 
14950 0.892139 
15000 0.8909 
15050 0.889601 
15100 0.888212 
15150 0.886753 
15200 0.885217 
15250 0.883599 
15300 0.881885 
15350 0.880047 
15400 0.878098 
15450 0.876026 
15500 0.873819 
15550 0.871454 
15600 0.868895 
15650 0.866145 
15700 0.863179 
15750 0.859967 
15800 0.856469 
15850 0.852621 
15900 0.848397 
15950 0.843734 
16000 0.838554 
16050 0.832753 
16100 0.826173 
16150 0.818683 
16200 0.810068 
16250 0.800044 
16300 0.788227 
16350 0.774061 
16400 0.7569 
16450 0.735909 
16500 0.710212 
16550 0.67932 
16600 0.643825 
16650 0.605828 
16700 0.568038 
16750 0.532441 
16800 0.499925 
16850 0.470603 
16900 0.44424 
16950 0.420518 
17000 0.39909 
17050 0.379646 
17100 0.36192 
17150 0.345675 
17200 0.330733 
17250 0.316938 
17300 0.304158 
17350 0.292278 
17400 0.281199 
17450 0.270834 
17500 0.261121 
17550 0.251997 
17600 0.243408 
17650 0.235308 
17700 0.227648 
17750 0.220396 
17800 0.213521 
17850 0.206995 
17900 0.200791 
17950 0.194886 
18000 0.189252 
18050 0.183876 
18100 0.178741 
18150 0.173832 
18200 0.169134 
18250 0.164634 
18300 0.160313 
18350 0.156168 
18400 0.152188 
18450 0.148363 
18500 0.144686 
18550 0.141146 
18600 0.137732 
18650 0.134443 
18700 0.131272 
18750 0.128214 
18800 0.125262 
18850 0.122411 
18900 0.119651 
18950 0.116983 
19000 0.114403 
19050 0.111908 
19100 0.109492 
19150 0.107153 
19200 0.10488 
19250 0.102679 
19300 0.100544 
19350 0.0984746 
19400 0.0964666 
19450 0.0945179 
19500 0.0926196 
19550 0.0907758 
19600 0.0889848 
19650 0.0872445 
19700 0.0855529 
19750 0.0839082 
19800 0.0823039 
19850 0.0807406 
19900 0.0792196 
19950 0.0777392 
20000 0.0762979 
20050 0.0748944 
20100 0.0735253 
20150 0.0721856 
20200 0.0708801 
20250 0.0696077 
20300 0.0683674 
20350 0.0671579 
20400 0.0659782 
20450 0.0648208 
20500 0.0636896 
20550 0.0625857 
20600 0.0615084 
20650 0.0604567 
20700 0.0594298 
20750 0.0584254 
20800 0.0574357 
20850 0.056469 
20900 0.0555247 
20950 0.0546019 
21000 0.0537002 
21050 0.0528187 
21100 0.0519514 
21150 0.0510967 
21200 0.0502611 
21250 0.049444 
21300 0.0486448 
21350 0.0478631 
21400 0.0470984 
21450 0.0463399 
21500 0.045592 
21550 0.0448603 
21600 0.0441443 
21650 0.0434435 
21700 0.0427575 
21750 0.042086 
21800 0.0414127 
21850 0.0407469 
21900 0.0400952 
21950 0.0394571 
22000 0.0388325 
22050 0.0382208 
22100 0.0376217 
22150 0.0370106 
22200 0.0364 
22250 0.0358023 
22300 0.0352173 
22350 0.0346445 
22400 0.0340837 
22450 0.0335344 
22500 0.0329562 
22550 0.0323517 
22600 0.031761 
22650 0.0311834 
22700 0.0306188 
22750 0.0300666 
22800 0.0295266 
22850 0.0288296 
22900 0.0276226 
22950 0.0264663 
23000 0.0253583 
23050 0.0242962 
23100 0.0232778 
23150 0.0223012 
23200 0.0213644 
23250 0.0157991 
23300 0.0169759 
23350 0.0182063 
23400 0.0194918 
23450 0.0208338 
23500 0.0222338 
23550 0.0236935 
23600 0.0246472 
23650 0.0245212 
23700 0.0243961 
23750 0.0242719 
23800 0.0241487 
23850 0.0240265 
23900 0.0239052 
23950 0.0237848 
24000 0.0236209 
24050 0.0234409 
24100 0.0232629 
24150 0.0230869 
24200 0.0229128 
24250 0.0227407 
24300 0.0225705 
24350 0.0224021 
24400 0.0222126 
24450 0.0220245 
24500 0.0218387 
24550 0.021655 
24600 0.0214736 
24650 0.0212943 
24700 0.0211172 
24750 0.0209411 
24800 0.020756 
24850 0.0205731 
24900 0.0203924 
24950 0.020214 
25000 0.0200377 
25050 0.0198636 
25100 0.0196916 
25150 0.0195212 
25200 0.0193461 
25250 0.0191732 
25300 0.0190024 
25350 0.0188337 
25400 0.0186671 
25450 0.0185025 
25500 0.0183399 
25550 0.0181793 
25600 0.0180163 
25650 0.0178549 
25700 0.0176956 
25750 0.0175382 
25800 0.0173827 
25850 0.0172291 
25900 0.0170773 
25950 0.0169274 
26000 0.0167771 
26050 0.0166277 
26100 0.01648 
26150 0.0163341 
26200 0.01619 
26250 0.0160476 
26300 0.0159069 
26350 0.0157678 
26400 0.0156298 
26450 0.0154918 
26500 0.0153555 
26550 0.0152207 
26600 0.0150876 
26650 0.014956 
26700 0.014826 
26750 0.0146975 
26800 0.0145705 
26850 0.0144438 
26900 0.0143181 
26950 0.0141939 
27000 0.0140711 
27050 0.0139498 
27100 0.0138298 
27150 0.0137113 
27200 0.0135941 
27250 0.0134782 
27300 0.0133624 
27350 0.013248 
27400 0.0131349 
27450 0.0130231 
27500 0.0129126 
27550 0.0128033 
27600 0.0126952 
27650 0.0125884 
27700 0.0124825 
27750 0.0123771 
27800 0.0122729 
27850 0.0121699 
27900 0.012068 
27950 0.0119673 
28000 0.0118676 
28050 0.0117691 
28100 0.0116717 
28150 0.0115751 
28200 0.0114791 
28250 0.0113841 
28300 0.0112902 
28350 0.0111973 
28400 0.0111054 
28450 0.0110146 
28500 0.0109247 
28550 0.0108357 
28600 0.0107477 
28650 0.0106601 
28700 0.0105735 
28750 0.0104878 
28800 0.010403 
28850 0.0103192 
28900 0.0102362 
28950 0.0101541 
29000 0.0100729 
29050 0.00999257 
29100 0.00991299 
29150 0.00983424 
29200 0.00975631 
29250 0.00967921 
29300 0.00960291 
29350 0.0095274 
29400 0.00945269 
29450 0.00937873 
29500 0.00930555 
29550 0.0092319 
29600 0.00915804 
29650 0.00908494 
29700 0.0090126 
29750 0.00894102 
29800 0.00887018 
29850 0.00880008 
29900 0.0087307 
29950 0.00866203 
30000 0.00859407 
30050 0.00852998 
30100 0.00846653 
30150 0.00840163 
30200 0.00833739 
30250 0.0082737 
30300 0.00821065 
30350 0.00814818 
30400 0.00808634 
30450 0.00802508 
30500 0.00796442 
30550 0.0079043 
30600 0.00784477 
30650 0.00778579 
30700 0.00772739 
30750 0.0076695 
30800 0.00761219 
30850 0.00755541 
30900 0.00749918 
30950 0.00744345 
31000 0.00738825 
31050 0.00733358 
31100 0.00727943 
31150 0.00722574 
31200 0.00717257 
31250 0.00711989 
31300 0.0070677 
31350 0.00701602 
31400 0.00696481 
31450 0.00691408 
31500 0.00686384 
31550 0.00681402 
31600 0.00676467 
31650 0.00671575 
31700 0.0066673 
31750 0.00661926 
31800 0.00657167 
31850 0.0065245 
31900 0.00647777 
31950 0.00643142 
32000 0.00638551 
32050 0.00634002 
32100 0.00629496 
32150 0.00625026 
32200 0.00620599 
32250 0.00616212 
32300 0.00611865 
32350 0.00607554 
32400 0.00603282 
32450 0.0059905 
32500 0.00594853 
32550 0.00590694 
32600 0.00586573 
32650 0.00582484 
32700 0.00578432 
32750 0.00574418 
32800 0.00570439 
32850 0.00566492 
32900 0.00562581 
32950 0.00558705 
33000 0.00554863 
33050 0.00551053 
33100 0.00547276 
33150 0.00543533 
33200 0.00539823 
33250 0.00536143 
33300 0.00532497 
33350 0.00528882 
33400 0.00525299 
33450 0.00521745 
33500 0.00518222 
33550 0.0051473 
33600 0.00511268 
33650 0.00507834 
33700 0.0050443 
33750 0.00501055 
33800 0.0049771 
33850 0.00494392 
33900 0.00491103 
33950 0.00487842 
34000 0.00484608 
34050 0.00481402 
34100 0.00478224 
34150 0.00475069 
34200 0.00471941 
34250 0.00468839 
34300 0.00465764 
34350 0.00462713 
34400 0.00459688 
34450 0.00456689 
34500 0.00453715 
34550 0.00450764 
34600 0.00447838 
34650 0.00444937 
34700 0.00442059 
34750 0.00439205 
34800 0.00436375 
34850 0.00433568 
34900 0.00430784 
34950 0.00428022 
35000 0.00425283 
35050 0.00422567 
35100 0.00419873 
35150 0.00417198 
35200 0.00414546 
35250 0.00411915 
35300 0.00409306 
35350 0.00406716 
35400 0.00404147 
35450 0.00401599 
35500 0.00399072 
35550 0.00396564 
35600 0.00394076 
35650 0.00391608 
35700 0.0038916 
35750 0.0038673 
35800 0.00384319 
35850 0.00381927 
35900 0.00379555 
35950 0.00377201 
36000 0.00374867 
36050 0.0037255 
36100 0.00370251 
36150 0.0036797 
36200 0.00365707 
36250 0.00363462 
36300 0.00361234 
36350 0.00359023 
36400 0.00356829 
36450 0.00354653 
36500 0.00352493 
36550 0.00350349 
36600 0.00348222 
36650 0.00346111 
36700 0.00344017 
36750 0.00341939 
36800 0.00339877 
36850 0.0033783 
36900 0.00335799 
36950 0.00333784 
37000 0.00331784 
37050 0.00329798 
37100 0.00327827 
37150 0.00325871 
37200 0.00323931 
37250 0.00322005 
37300 0.00320094 
37350 0.00318196 
37400 0.00316312 
37450 0.00314443 
37500 0.00312588 
37550 0.00310746 
37600 0.00308918 
37650 0.00307104 
37700 0.00305304 
37750 0.00303517 
37800 0.00301744 
37850 0.00299982 
37900 0.00298234 
37950 0.00296499 
38000 0.00294777 
38050 0.00293066 
38100 0.00291369 
38150 0.00289684 
38200 0.00288011 
38250 0.00286351 
38300 0.00284703 
38350 0.00283068 
38400 0.00281444 
38450 0.00279832 
38500 0.00278232 
38550 0.00276642 
38600 0.00275064 
38650 0.00273498 
38700 0.00271943 
38750 0.00270399 
38800 0.00268867 
38850 0.00267345 
38900 0.00265835 
38950 0.00264335 
39000 0.00262846 
39050 0.00261367 
39100 0.00259899 
39150 0.00258441 
39200 0.00256994 
39250 0.00255557 
39300 0.0025413 
39350 0.00252714 
39400 0.00251307 
39450 0.00249911 
39500 0.00248524 
39550 0.00247147 
39600 0.00245779 
39650 0.00244421 
39700 0.00243072 
39750 0.00241733 
39800 0.00240403 
39850 0.00239083 
39900 0.00237772 
39950 0.0023647 
40000 0.00235177 
40050 0.00233893 
40100 0.00232617 
40150 0.0023135 
40200 0.00230092 
40250 0.00228843 
40300 0.00227603 
40350 0.00226371 
40400 0.00225147 
40450 0.00223932 
40500 0.00222724 
40550 0.00221526 
40600 0.00220335 
40650 0.00219152 
40700 0.00217978 
40750 0.00216811 
40800 0.00215653 
40850 0.00214502 
40900 0.00213359 
40950 0.00212223 
41000 0.00211096 
41050 0.00209976 
41100 0.00208863 
41150 0.00207758 
41200 0.0020666 
41250 0.00205569 
41300 0.00204486 
41350 0.00203411 
41400 0.00202342 
41450 0.0020128 
41500 0.00200226 
41550 0.00199178 
41600 0.00198137 
41650 0.00197103 
41700 0.00196076 
41750 0.00195055 
41800 0.00194042 
41850 0.00193035 
41900 0.00192035 
41950 0.00191041 
42000 0.00190054 
42050 0.00189073 
42100 0.00188099 
42150 0.00187131 
42200 0.0018617 
42250 0.00185215 
42300 0.00184266 
42350 0.00183322 
42400 0.00182385 
42450 0.00181455 
42500 0.0018053 
42550 0.00179611 
42600 0.00178698 
42650 0.00177791 
42700 0.00176889 
42750 0.00175994 
42800 0.00175104 
42850 0.0017422 
42900 0.00173342 
42950 0.0017247 
43000 0.00171603 
43050 0.0017074 
43100 0.00169884 
43150 0.00169033 
43200 0.00168187 
43250 0.00167347 
43300 0.00166512 
43350 0.00165682 
43400 0.00164857 
43450 0.00164038 
43500 0.00163224 
43550 0.00162415 
43600 0.00161611 
43650 0.00160813 
43700 0.00160019 
43750 0.0015923 
43800 0.00158446 
43850 0.00157667 
43900 0.00156892 
43950 0.00156123 
44000 0.00155358 
44050 0.00154597 
44100 0.00153842 
44150 0.00153091 
44200 0.00152345 
44250 0.00151604 
44300 0.00150867 
44350 0.00150134 
44400 0.00149407 
44450 0.00148683 
44500 0.00147964 
44550 0.0014725 
44600 0.00146539 
44650 0.00145833 
44700 0.00145131 
44750 0.00144434 
44800 0.00143741 
44850 0.00143052 
44900 0.00142367 
44950 0.00141686 
45000 0.0014101 
45050 0.00140337 
45100 0.00139669 
45150 0.00139005 
45200 0.00138344 
45250 0.00137688 
45300 0.00137036 
45350 0.00136387 
45400 0.00135742 
45450 0.00135101 
45500 0.00134463 
45550 0.0013383 
45600 0.001332 
45650 0.00132574 
45700 0.00131952 
45750 0.00131334 
45800 0.00130719 
45850 0.00130108 
45900 0.001295 
45950 0.00128896 
46000 0.00128296 
46050 0.00127699 
46100 0.00127105 
46150 0.00126515 
46200 0.00125928 
46250 0.00125345 
46300 0.00124765 
46350 0.00124189 
46400 0.00123616 
46450 0.00123046 
46500 0.0012248 
46550 0.00121917 
46600 0.00121357 
46650 0.001208 
46700 0.00120247 
46750 0.00119697 
46800 0.0011915 
46850 0.00118606 
46900 0.00118065 
46950 0.00117528 
47000 0.00116993 
47050 0.00116462 
47100 0.00115933 
47150 0.00115408 
47200 0.00114885 
47250 0.00114366 
47300 0.0011385 
47350 0.00113336 
47400 0.00112825 
47450 0.00112318 
47500 0.00111813 
47550 0.00111311 
47600 0.00110812 
47650 0.00110316 
47700 0.00109822 
47750 0.00109332 
47800 0.00108844 
47850 0.00108359 
47900 0.00107876 
47950 0.00107397 
48000 0.0010692 
48050 0.00106445 
48100 0.00105973 
48150 0.00105504 
48200 0.00105038 
48250 0.00104574 
48300 0.00104112 
48350 0.00103654 
48400 0.00103197 
48450 0.00102744 
48500 0.00102293 
48550 0.00101844 
48600 0.00101398 
48650 0.00100954 
48700 0.00100513 
48750 0.00100074 
48800 0.000996377 
48850 0.000992037 
48900 0.000987722 
48950 0.00098343 
49000 0.000979162 
49050 0.000974915 
49100 0.000970692 
49150 0.000966492 
49200 0.000962314 
49250 0.00095816 
49300 0.000954028 
49350 0.000949919 
49400 0.000945832 
49450 0.000941768 
49500 0.000937725 
49550 0.000933704 
49600 0.000929706 
49650 0.000925728 
49700 0.000921773 
49750 0.000917839 
49800 0.000913926 
49850 0.000910034 
49900 0.000906163 
49950 0.000902312 
50000 0.000898483 
50050 0.000894673 
50100 0.000890883 
50150 0.000887114 
50200 0.000883365 
50250 0.000879636 
50300 0.000875927 
50350 0.000872238 
50400 0.000868568 
50450 0.000864917 
50500 0.000861286 
50550 0.000857675 
50600 0.000854082 
50650 0.000850509 
50700 0.000846954 
50750 0.000843418 
50800 0.000839901 
50850 0.000836402 
50900 0.000832922 
50950 0.00082946 
51000 0.000826016 
51050 0.00082259 
51100 0.000819181 
51150 0.00081579 
51200 0.000812417 
51250 0.000809061 
51300 0.000805723 
51350 0.000802403 
51400 0.000799099 
51450 0.000795813 
51500 0.000792544 
51550 0.000789291 
51600 0.000786057 
51650 0.000782838 
51700 0.000779636 
51750 0.000776451 
51800 0.000773281 
51850 0.000770129 
51900 0.000766993 
51950 0.000763872 
52000 0.000760768 
52050 0.000757679 
52100 0.000754606 
52150 0.000751548 
52200 0.000748506 
52250 0.00074548 
52300 0.000742469 
52350 0.000739474 
52400 0.000736494 
52450 0.000733529 
52500 0.000730579 
52550 0.000727643 
52600 0.000724724 
52650 0.000721818 
52700 0.000718927 
52750 0.000716051 
52800 0.00071319 
52850 0.000710343 
52900 0.00070751 
52950 0.000704691 
53000 0.000701887 
53050 0.000699096 
53100 0.00069632 
53150 0.000693557 
53200 0.000690808 
53250 0.000688073 
53300 0.000685351 
53350 0.000682643 
53400 0.000679949 
53450 0.000677267 
53500 0.0006746 
53550 0.000671945 
53600 0.000669304 
53650 0.000666676 
53700 0.00066406 
53750 0.000661458 
53800 0.000658869 
53850 0.000656292 
53900 0.000653728 
53950 0.000651177 
54000 0.000648638 
54050 0.000646111 
54100 0.000643596 
54150 0.000641095 
54200 0.000638605 
54250 0.000636127 
54300 0.000633661 
54350 0.000631207 
54400 0.000628766 
54450 0.000626336 
54500 0.000623918 
54550 0.000621512 
54600 0.000619118 
54650 0.000616735 
54700 0.000614364 
54750 0.000612004 
54800 0.000609656 
54850 0.000607319 
54900 0.000604993 
54950 0.000602679 
55000 0.000600376 
55050 0.000598083 
55100 0.000595802 
55150 0.000593532 
55200 0.000591273 
55250 0.000589025 
55300 0.000586787 
55350 0.00058456 
55400 0.000582344 
55450 0.000580138 
55500 0.000577943 
55550 0.000575758 
55600 0.000573584 
55650 0.00057142 
55700 0.000569266 
55750 0.000567123 
55800 0.00056499 
55850 0.000562867 
55900 0.000560753 
55950 0.00055865 
56000 0.000556557 
56050 0.000554473 
56100 0.000552399 
56150 0.000550335 
56200 0.000548281 
56250 0.000546235 
56300 0.0005442 
56350 0.000542174 
56400 0.000540158 
56450 0.000538151 
56500 0.000536154 
56550 0.000534166 
56600 0.000532187 
56650 0.000530217 
56700 0.000528257 
56750 0.000526306 
56800 0.000524364 
56850 0.00052243 
56900 0.000520506 
56950 0.000518591 
57000 0.000516685 
57050 0.000514787 
57100 0.000512898 
57150 0.000511018 
57200 0.000509147 
57250 0.000507284 
57300 0.00050543 
57350 0.000503584 
57400 0.000501747 
57450 0.000499918 
57500 0.000498098 
57550 0.000496286 
57600 0.000494482 
57650 0.000492686 
57700 0.000490899 
57750 0.000489119 
57800 0.000487348 
57850 0.000485585 
57900 0.000483829 
57950 0.000482083 
58000 0.000480343 
58050 0.000478612 
58100 0.000476888 
58150 0.000475173 
58200 0.000473465 
58250 0.000471765 
58300 0.000470072 
58350 0.000468388 
58400 0.00046671 
58450 0.000465041 
58500 0.000463379 
58550 0.000461724 
58600 0.000460077 
58650 0.000458437 
58700 0.000456804 
58750 0.000455179 
58800 0.000453561 
58850 0.00045195 
58900 0.000450347 
58950 0.00044875 
59000 0.000447161 
59050 0.000445579 
59100 0.000444004 
59150 0.000442435 
59200 0.000440874 
59250 0.00043932 
59300 0.000437773 
59350 0.000436232 
59400 0.000434699 
59450 0.000433172 
59500 0.000431652 
59550 0.000430138 
59600 0.000428632 
59650 0.000427132 
59700 0.000425638 
59750 0.000424152 
59800 0.000422671 
59850 0.000421197 
59900 0.00041973 
59950 0.000418269 
60000 0.000416814 
60050 0.000415366 
60100 0.000413923 
60150 0.000412487 
60200 0.000411057 
60250 0.000409634 
60300 0.000408217 
60350 0.000406806 
60400 0.0004054 
60450 0.000404002 
60500 0.000402609 
60550 0.000401222 
60600 0.000399841 
60650 0.000398467 
60700 0.000397098 
60750 0.000395735 
60800 0.000394378 
60850 0.000393027 
60900 0.000391681 
60950 0.000390342 
61000 0.000389008 
61050 0.00038768 
61100 0.000386358 
61150 0.000385041 
61200 0.00038373 
61250 0.000382425 
61300 0.000381125 
61350 0.000379831 
61400 0.000378542 
61450 0.000377259 
61500 0.000375981 
61550 0.000374709 
61600 0.000373442 
61650 0.000372181 
61700 0.000370924 
61750 0.000369674 
61800 0.000368428 
61850 0.000367188 
61900 0.000365953 
61950 0.000364723 
62000 0.000363499 
62050 0.00036228 
62100 0.000361065 
62150 0.000359856 
62200 0.000358652 
62250 0.000357453 
62300 0.000356259 
62350 0.00035507 
62400 0.000353886 
62450 0.000352707 
62500 0.000351533 
62550 0.000350364 
62600 0.0003492 
62650 0.000348041 
62700 0.000346886 
62750 0.000345736 
62800 0.000344591 
62850 0.000343451 
62900 0.000342316 
62950 0.000341185 
63000 0.000340059 
63050 0.000338938 
63100 0.000337821 
63150 0.000336709 
63200 0.000335602 
63250 0.000334499 
63300 0.0003334 
63350 0.000332307 
63400 0.000331217 
63450 0.000330132 
63500 0.000329052 
63550 0.000327976 
63600 0.000326905 
63650 0.000325838 
63700 0.000324775 
63750 0.000323717 
63800 0.000322663 
63850 0.000321613 
63900 0.000320568 
63950 0.000319526 
64000 0.000318489 
64050 0.000317457 
64100 0.000316428 
64150 0.000315404 
64200 0.000314384 
64250 0.000313368 
64300 0.000312356 
64350 0.000311349 
64400 0.000310345 
64450 0.000309345 
64500 0.00030835 
64550 0.000307358 
64600 0.000306371 
64650 0.000305387 
64700 0.000304408 
64750 0.000303432 
64800 0.000302461 
64850 0.000301493 
64900 0.000300529 
64950 0.000299569 
65000 0.000298613 
65050 0.00029766 
65100 0.000296712 
65150 0.000295768 
65200 0.000294826 
65250 0.000293889 
65300 0.000292956 
65350 0.000292026 
65400 0.000291101 
65450 0.000290178 
65500 0.00028926 
65550 0.000288345 
65600 0.000287434 
65650 0.000286526 
65700 0.000285622 
65750 0.000284721 
65800 0.000283824 
65850 0.000282931 
65900 0.000282041 
65950 0.000281155 
66000 0.000280272 
66050 0.000279392 
66100 0.000278517 
66150 0.000277644 
66200 0.000276775 
66250 0.000275909 
66300 0.000275047 
66350 0.000274188 
66400 0.000273333 
66450 0.000272481 
66500 0.000271632 
66550 0.000270787 
66600 0.000269944 
66650 0.000269106 
66700 0.00026827 
66750 0.000267438 
66800 0.000266609 
66850 0.000265783 
66900 0.00026496 
66950 0.00026414 
67000 0.000263324 
67050 0.000262511 
67100 0.000261701 
67150 0.000260894 
67200 0.00026009 
67250 0.00025929 
67300 0.000258492 
67350 0.000257698 
67400 0.000256906 
67450 0.000256118 
67500 0.000255333 
67550 0.000254551 
67600 0.000253771 
67650 0.000252995 
67700 0.000252222 
67750 0.000251452 
67800 0.000250684 
67850 0.00024992 
67900 0.000249158 
67950 0.0002484 
68000 0.000247644 
68050 0.000246891 
68100 0.000246141 
68150 0.000245394 
68200 0.00024465 
68250 0.000243909 
68300 0.00024317 
68350 0.000242434 
68400 0.000241701 
68450 0.000240971 
68500 0.000240244 
68550 0.000239519 
68600 0.000238797 
68650 0.000238078 
68700 0.000237361 
68750 0.000236648 
68800 0.000235937 
68850 0.000235228 
68900 0.000234523 
68950 0.000233819 
69000 0.000233119 
69050 0.000232421 
69100 0.000231726 
69150 0.000231034 
69200 0.000230344 
69250 0.000229656 
69300 0.000228971 
69350 0.000228289 
69400 0.00022761 
69450 0.000226932 
69500 0.000226258 
69550 0.000225586 
69600 0.000224916 
69650 0.000224249 
69700 0.000223584 
69750 0.000222922 
69800 0.000222263 
69850 0.000221605 
69900 0.000220951 
69950 0.000220298 
70000 0.000219648 
70050 0.000219001 
70100 0.000218356 
70150 0.000217713 
70200 0.000217073 
70250 0.000216435 
70300 0.000215799 
70350 0.000215166 
70400 0.000214535 
70450 0.000213907 
70500 0.000213281 
70550 0.000212657 
70600 0.000212035 
70650 0.000211415 
70700 0.000210798 
70750 0.000210184 
70800 0.000209571 
70850 0.000208961 
70900 0.000208352 
70950 0.000207747 
71000 0.000207143 
71050 0.000206541 
71100 0.000205942 
71150 0.000205345 
71200 0.00020475 
71250 0.000204157 
71300 0.000203566 
71350 0.000202978 
71400 0.000202391 
71450 0.000201807 
71500 0.000201225 
71550 0.000200645 
71600 0.000200067 
71650 0.000199491 
71700 0.000198917 
71750 0.000198345 
71800 0.000197776 
71850 0.000197208 
71900 0.000196643 
71950 0.000196079 
72000 0.000195518 
72050 0.000194958 
72100 0.000194401 
72150 0.000193845 
72200 0.000193292 
72250 0.00019274 
72300 0.000192191 
72350 0.000191643 
72400 0.000191098 
72450 0.000190554 
72500 0.000190012 
72550 0.000189473 
72600 0.000188935 
72650 0.000188399 
72700 0.000187865 
72750 0.000187333 
72800 0.000186803 
72850 0.000186274 
72900 0.000185748 
72950 0.000185223 
73000 0.0001847 
73050 0.000184179 
73100 0.00018366 
73150 0.000183143 
73200 0.000182628 
73250 0.000182114 
73300 0.000181602 
73350 0.000181092 
73400 0.000180584 
73450 0.000180078 
73500 0.000179573 
73550 0.00017907 
73600 0.000178569 
73650 0.00017807 
73700 0.000177572 
73750 0.000177077 
73800 0.000176583 
73850 0.00017609 
73900 0.0001756 
73950 0.000175111 
74000 0.000174623 
74050 0.000174138 
74100 0.000173654 
74150 0.000173172 
74200 0.000172692 
74250 0.000172213 
74300 0.000171736 
74350 0.00017126 
74400 0.000170786 
74450 0.000170314 
74500 0.000169844 
74550 0.000169375 
74600 0.000168907 
74650 0.000168442 
74700 0.000167978 
74750 0.000167515 
74800 0.000167054 
74850 0.000166595 
74900 0.000166137 
74950 0.000165681 
75000 0.000165227 
75050 0.000164774 
75100 0.000164323 
75150 0.000163873 
75200 0.000163425 
75250 0.000162978 
75300 0.000162533 
75350 0.000162089 
75400 0.000161647 
75450 0.000161207 
75500 0.000160767 
75550 0.00016033 
75600 0.000159894 
75650 0.000159459 
75700 0.000159026 
75750 0.000158594 
75800 0.000158164 
75850 0.000157735 
75900 0.000157308 
75950 0.000156882 
76000 0.000156458 
76050 0.000156035 
76100 0.000155613 
76150 0.000155193 
76200 0.000154774 
76250 0.000154357 
76300 0.000153941 
76350 0.000153527 
76400 0.000153114 
76450 0.000152702 
76500 0.000152292 
76550 0.000151883 
76600 0.000151475 
76650 0.000151069 
76700 0.000150664 
76750 0.000150261 
76800 0.000149859 
76850 0.000149458 
76900 0.000149059 
76950 0.000148661 
77000 0.000148264 
77050 0.000147869 
77100 0.000147475 
77150 0.000147082 
77200 0.000146691 
77250 0.000146301 
77300 0.000145912 
77350 0.000145524 
77400 0.000145138 
77450 0.000144753 
77500 0.00014437 
77550 0.000143987 
77600 0.000143606 
77650 0.000143227 
77700 0.000142848 
77750 0.000142471 
77800 0.000142095 
77850 0.00014172 
77900 0.000141346 
77950 0.000140974 
78000 0.000140603 
78050 0.000140233 
78100 0.000139864 
78150 0.000139497 
78200 0.000139131 
78250 0.000138766 
78300 0.000138402 
78350 0.000138039 
78400 0.000137678 
78450 0.000137317 
78500 0.000136958 
78550 0.0001366 
78600 0.000136244 
78650 0.000135888 
78700 0.000135534 
78750 0.000135181 
78800 0.000134828 
78850 0.000134478 
78900 0.000134128 
78950 0.000133779 
79000 0.000133432 
79050 0.000133085 
79100 0.00013274 
79150 0.000132396 
79200 0.000132053 
79250 0.000131711 
79300 0.00013137 
79350 0.000131031 
79400 0.000130692 
79450 0.000130354 
79500 0.000130018 
79550 0.000129683 
79600 0.000129349 
79650 0.000129015 
79700 0.000128683 
79750 0.000128352 
79800 0.000128022 
79850 0.000127694 
79900 0.000127366 
79950 0.000127039 
80000 0.000126713 
80050 0.000126389 
80100 0.000126065 
80150 0.000125743 
80200 0.000125421 
80250 0.000125101 
80300 0.000124781 
80350 0.000124463 
80400 0.000124146 
80450 0.000123829 
80500 0.000123514 
80550 0.000123199 
80600 0.000122886 
80650 0.000122574 
80700 0.000122262 
80750 0.000121952 
80800 0.000121643 
80850 0.000121334 
80900 0.000121027 
80950 0.00012072 
81000 0.000120415 
81050 0.000120111 
81100 0.000119807 
81150 0.000119504 
81200 0.000119203 
81250 0.000118902 
81300 0.000118602 
81350 0.000118304 
81400 0.000118006 
81450 0.000117709 
81500 0.000117413 
81550 0.000117118 
81600 0.000116824 
81650 0.000116531 
81700 0.000116238 
81750 0.000115947 
81800 0.000115657 
81850 0.000115367 
81900 0.000115079 
81950 0.000114791 
82000 0.000114504 
82050 0.000114218 
82100 0.000113933 
82150 0.000113649 
82200 0.000113366 
82250 0.000113084 
82300 0.000112802 
82350 0.000112522 
82400 0.000112242 
82450 0.000111963 
82500 0.000111685 
82550 0.000111408 
82600 0.000111132 
82650 0.000110856 
82700 0.000110582 
82750 0.000110308 
82800 0.000110035 
82850 0.000109763 
82900 0.000109492 
82950 0.000109222 
83000 0.000108952 
83050 0.000108684 
83100 0.000108416 
83150 0.000108149 
83200 0.000107883 
83250 0.000107618 
83300 0.000107353 
83350 0.00010709 
83400 0.000106827 
83450 0.000106565 
83500 0.000106303 
83550 0.000106043 
83600 0.000105783 
83650 0.000105525 
83700 0.000105266 
83750 0.000105009 
83800 0.000104753 
83850 0.000104497 
83900 0.000104242 
83950 0.000103988 
84000 0.000103735 
84050 0.000103482 
84100 0.00010323 
84150 0.000102979 
84200 0.000102729 
84250 0.000102479 
84300 0.000102231 
84350 0.000101983 
84400 0.000101735 
84450 0.000101489 
84500 0.000101243 
84550 0.000100998 
84600 0.000100754 
84650 0.00010051 
84700 0.000100268 
84750 0.000100025 
84800 9.97841E-005 
84850 9.95435E-005 
84900 9.93037E-005 
84950 9.90645E-005 
85000 9.88261E-005 
85050 9.85884E-005 
85100 9.83515E-005 
85150 9.81153E-005 
85200 9.78798E-005 
85250 9.7645E-005 
85300 9.74109E-005 
85350 9.71775E-005 
85400 9.69448E-005 
85450 9.67128E-005 
85500 9.64815E-005 
85550 9.62509E-005 
85600 9.6021E-005 
85650 9.57918E-005 
85700 9.55632E-005 
85750 9.53354E-005 
85800 9.51082E-005 
85850 9.48817E-005 
85900 9.46559E-005 
85950 9.44307E-005 
86000 9.42062E-005 
86050 9.39824E-005 
86100 9.37593E-005 
86150 9.35368E-005 
86200 9.3315E-005 
86250 9.30938E-005 
86300 9.28733E-005 
86350 9.26535E-005 
86400 9.24342E-005 
86450 9.22157E-005 
86500 9.19978E-005 
86550 9.17805E-005 
86600 9.15639E-005 
86650 9.13479E-005 
86700 9.11325E-005 
86750 9.09178E-005 
86800 9.07037E-005 
86850 9.04903E-005 
86900 9.02775E-005 
86950 9.00653E-005 
87000 8.98537E-005 
87050 8.96428E-005 
87100 8.94325E-005 
87150 8.92227E-005 
87200 8.90136E-005 
87250 8.88052E-005 
87300 8.85973E-005 
87350 8.839E-005 
87400 8.81834E-005 
87450 8.79773E-005 
87500 8.77719E-005 
87550 8.7567E-005 
87600 8.73628E-005 
87650 8.71592E-005 
87700 8.69561E-005 
87750 8.67537E-005 
87800 8.65518E-005 
87850 8.63505E-005 
87900 8.61498E-005 
87950 8.59497E-005 
88000 8.57502E-005 
88050 8.55512E-005 
88100 8.53529E-005 
88150 8.51551E-005 
88200 8.49579E-005 
88250 8.47613E-005 
88300 8.45652E-005 
88350 8.43697E-005 
88400 8.41748E-005 
88450 8.39804E-005 
88500 8.37866E-005 
88550 8.35934E-005 
88600 8.34007E-005 
88650 8.32086E-005 
88700 8.3017E-005 
88750 8.2826E-005 
88800 8.26355E-005 
88850 8.24456E-005 
88900 8.22562E-005 
88950 8.20674E-005 
89000 8.18791E-005 
89050 8.16914E-005 
89100 8.15042E-005 
89150 8.13175E-005 
89200 8.11314E-005 
89250 8.09458E-005 
89300 8.07608E-005 
89350 8.05763E-005 
89400 8.03923E-005 
89450 8.02088E-005 
89500 8.00258E-005 
89550 7.98434E-005 
89600 7.96615E-005 
89650 7.94802E-005 
89700 7.92993E-005 
89750 7.91189E-005 
89800 7.89391E-005 
89850 7.87598E-005 
89900 7.8581E-005 
89950 7.84027E-005 
90000 7.82249E-005 
90050 7.80476E-005 
90100 7.78708E-005 
90150 7.76945E-005 
90200 7.75188E-005 
90250 7.73435E-005 
90300 7.71687E-005 
90350 7.69944E-005 
90400 7.68206E-005 
90450 7.66473E-005 
90500 7.64745E-005 
90550 7.63022E-005 
90600 7.61303E-005 
90650 7.5959E-005 
90700 7.57881E-005 
90750 7.56177E-005 
90800 7.54478E-005 
90850 7.52784E-005 
90900 7.51094E-005 
90950 7.49409E-005 
91000 7.47729E-005 
91050 7.46053E-005 
91100 7.44383E-005 
91150 7.42717E-005 
91200 7.41055E-005 
91250 7.39399E-005 
91300 7.37747E-005 
91350 7.36099E-005 
91400 7.34457E-005 
91450 7.32818E-005 
91500 7.31185E-005 
91550 7.29556E-005 
91600 7.27931E-005 
91650 7.26311E-005 
91700 7.24695E-005 
91750 7.23085E-005 
91800 7.21478E-005 
91850 7.19876E-005 
91900 7.18278E-005 
91950 7.16685E-005 
92000 7.15096E-005 
92050 7.13512E-005 
92100 7.11932E-005 
92150 7.10356E-005 
92200 7.08785E-005 
92250 7.07219E-005 
92300 7.05656E-005 
92350 7.04098E-005 
92400 7.02544E-005 
92450 7.00994E-005 
92500 6.99449E-005 
92550 6.97908E-005 
92600 6.96371E-005 
92650 6.94839E-005 
92700 6.9331E-005 
92750 6.91786E-005 
92800 6.90266E-005 
92850 6.88751E-005 
92900 6.87239E-005 
92950 6.85731E-005 
93000 6.84228E-005 
93050 6.82729E-005 
93100 6.81234E-005 
93150 6.79744E-005 
93200 6.78257E-005 
93250 6.76775E-005 
93300 6.75296E-005 
93350 6.73821E-005 
93400 6.72351E-005 
93450 6.70884E-005 
93500 6.69422E-005 
93550 6.67964E-005 
93600 6.66509E-005 
93650 6.65059E-005 
93700 6.63612E-005 
93750 6.62169E-005 
93800 6.60731E-005 
93850 6.59296E-005 
93900 6.57865E-005 
93950 6.56438E-005 
94000 6.55015E-005 
94050 6.53596E-005 
94100 6.5218E-005 
94150 6.50769E-005 
94200 6.49361E-005 
94250 6.47957E-005 
94300 6.46557E-005 
94350 6.4516E-005 
94400 6.43768E-005 
94450 6.42379E-005 
94500 6.40994E-005 
94550 6.39613E-005 
94600 6.38235E-005 
94650 6.36861E-005 
94700 6.35491E-005 
94750 6.34125E-005 
94800 6.32762E-005 
94850 6.31403E-005 
94900 6.30047E-005 
94950 6.28695E-005 
95000 6.27347E-005 
95050 6.26003E-005 
95100 6.24662E-005 
95150 6.23325E-005 
95200 6.21991E-005 
95250 6.20662E-005 
95300 6.19335E-005 
95350 6.18012E-005 
95400 6.16693E-005 
95450 6.15377E-005 
95500 6.14065E-005 
95550 6.12756E-005 
95600 6.11451E-005 
95650 6.10149E-005 
95700 6.08851E-005 
95750 6.07556E-005 
95800 6.06264E-005 
95850 6.04976E-005 
95900 6.03692E-005 
95950 6.02411E-005 
96000 6.01133E-005 
96050 5.99859E-005 
96100 5.98588E-005 
96150 5.9732E-005 
96200 5.96056E-005 
96250 5.94795E-005 
96300 5.93537E-005 
96350 5.92283E-005 
96400 5.91032E-005 
96450 5.89784E-005 
96500 5.8854E-005 
96550 5.87299E-005 
96600 5.86061E-005 
96650 5.84827E-005 
96700 5.83595E-005 
96750 5.82367E-005 
96800 5.81142E-005 
96850 5.79921E-005 
96900 5.78702E-005 
96950 5.77487E-005 
97000 5.76275E-005 
97050 5.75066E-005 
97100 5.73861E-005 
97150 5.72658E-005 
97200 5.71459E-005 
97250 5.70263E-005 
97300 5.6907E-005 
97350 5.6788E-005 
97400 5.66693E-005 
97450 5.65509E-005 
97500 5.64329E-005 
97550 5.63151E-005 
97600 5.61977E-005 
97650 5.60805E-005 
97700 5.59637E-005 
97750 5.58472E-005 
97800 5.57309E-005 
97850 5.5615E-005 
97900 5.54994E-005 
97950 5.53841E-005 
98000 5.52691E-005 
98050 5.51544E-005 
98100 5.504E-005 
98150 5.49259E-005 
98200 5.4812E-005 
98250 5.46985E-005 
98300 5.45853E-005 
98350 5.44724E-005 
98400 5.43597E-005 
98450 5.42474E-005 
98500 5.41353E-005 
98550 5.40236E-005 
98600 5.39121E-005 
98650 5.38009E-005 
98700 5.369E-005 
98750 5.35794E-005 
98800 5.34691E-005 
98850 5.3359E-005 
98900 5.32493E-005 
98950 5.31398E-005 
99000 5.30306E-005 
99050 5.29217E-005 
99100 5.2813E-005 
99150 5.27047E-005 
99200 5.25966E-005 
99250 5.24888E-005 
99300 5.23812E-005 
99350 5.2274E-005 
99400 5.2167E-005 
99450 5.20603E-005 
99500 5.19538E-005 
99550 5.18477E-005 
99600 5.17418E-005 
99650 5.16362E-005 
99700 5.15308E-005 
99750 5.14257E-005 
99800 5.13209E-005 
99850 5.12163E-005 
99900 5.11121E-005 
99950 5.1008E-005 
100000 5.09043E-005 
