#F U:\Beamline I20\I20-2_EDE\ME2 and filters heat load\xop\mirrors\Rh-5p0mrad.dat
#C Rh mirror 5mrad
#S 1 File written by xplot on Thu Jul 02 10:12:14 2009
#N 2
#L    Photon Energy [eV]  Intens after oe #1
50 0.979417 
100 0.995752 
150 0.994815 
200 0.986366 
250 0.977188 
300 0.95434 
350 0.883645 
400 0.909316 
450 0.917449 
500 0.92093 
550 0.925394 
600 0.927018 
650 0.93039 
700 0.93314 
750 0.935295 
800 0.93698 
850 0.938338 
900 0.939504 
950 0.940577 
1000 0.941558 
1050 0.942534 
1100 0.943411 
1150 0.944163 
1200 0.944829 
1250 0.945427 
1300 0.945952 
1350 0.946435 
1400 0.946885 
1450 0.9473 
1500 0.947741 
1550 0.948234 
1600 0.948678 
1650 0.949087 
1700 0.949464 
1750 0.949845 
1800 0.95023 
1850 0.950591 
1900 0.950922 
1950 0.951212 
2000 0.951475 
2050 0.951723 
2100 0.951977 
2150 0.952211 
2200 0.952422 
2250 0.952603 
2300 0.952763 
2350 0.952884 
2400 0.95297 
2450 0.95302 
2500 0.953017 
2550 0.952948 
2600 0.952808 
2650 0.952577 
2700 0.952225 
2750 0.951691 
2800 0.950881 
2850 0.949635 
2900 0.947534 
2950 0.94289 
3000 0.863792 
3050 0.820435 
3100 0.83032 
3150 0.738656 
3200 0.803943 
3250 0.81456 
3300 0.820551 
3350 0.823709 
3400 0.812908 
3450 0.81068 
3500 0.817828 
3550 0.822545 
3600 0.826264 
3650 0.829458 
3700 0.832273 
3750 0.834803 
3800 0.837108 
3850 0.839233 
3900 0.841158 
3950 0.842953 
4000 0.844641 
4050 0.846237 
4100 0.847748 
4150 0.849147 
4200 0.850488 
4250 0.851777 
4300 0.853009 
4350 0.854161 
4400 0.85528 
4450 0.856371 
4500 0.857392 
4550 0.858379 
4600 0.859348 
4650 0.860268 
4700 0.861152 
4750 0.862026 
4800 0.862854 
4850 0.863656 
4900 0.864454 
4950 0.8652 
5000 0.865936 
5050 0.866665 
5100 0.867343 
5150 0.868026 
5200 0.868679 
5250 0.869312 
5300 0.869946 
5350 0.870534 
5400 0.871133 
5450 0.871698 
5500 0.872256 
5550 0.872803 
5600 0.873325 
5650 0.873854 
5700 0.874341 
5750 0.874846 
5800 0.875308 
5850 0.875783 
5900 0.876227 
5950 0.876675 
6000 0.8771 
6050 0.877523 
6100 0.877929 
6150 0.878328 
6200 0.878715 
6250 0.879094 
6300 0.879461 
6350 0.879821 
6400 0.880167 
6450 0.880509 
6500 0.880836 
6550 0.881162 
6600 0.881467 
6650 0.88178 
6700 0.882064 
6750 0.882364 
6800 0.882627 
6850 0.88291 
6900 0.883158 
6950 0.883418 
7000 0.883656 
7050 0.883893 
7100 0.884124 
7150 0.884338 
7200 0.884563 
7250 0.884755 
7300 0.884963 
7350 0.885142 
7400 0.885324 
7450 0.885499 
7500 0.885659 
7550 0.885831 
7600 0.885966 
7650 0.886115 
7700 0.886247 
7750 0.886371 
7800 0.886503 
7850 0.886604 
7900 0.886716 
7950 0.88681 
8000 0.886894 
8050 0.886989 
8100 0.887048 
8150 0.887118 
8200 0.887179 
8250 0.887221 
8300 0.887273 
8350 0.887299 
8400 0.887324 
8450 0.887354 
8500 0.887349 
8550 0.887353 
8600 0.887349 
8650 0.887324 
8700 0.887307 
8750 0.887272 
8800 0.887226 
8850 0.887187 
8900 0.88712 
8950 0.887049 
9000 0.886984 
9050 0.886885 
9100 0.886787 
9150 0.886694 
9200 0.886563 
9250 0.886435 
9300 0.886311 
9350 0.886148 
9400 0.885989 
9450 0.885833 
9500 0.885637 
9550 0.885444 
9600 0.885253 
9650 0.885024 
9700 0.884793 
9750 0.884564 
9800 0.884298 
9850 0.884025 
9900 0.883752 
9950 0.88345 
10000 0.883134 
10050 0.882816 
10100 0.882475 
10150 0.882109 
10200 0.88174 
10250 0.881357 
10300 0.880937 
10350 0.88051 
10400 0.880078 
10450 0.879601 
10500 0.879111 
10550 0.878613 
10600 0.878083 
10650 0.877523 
10700 0.876951 
10750 0.876361 
10800 0.875721 
10850 0.875066 
10900 0.874394 
10950 0.873678 
11000 0.872927 
11050 0.872156 
11100 0.871357 
11150 0.870497 
11200 0.869611 
11250 0.868696 
11300 0.867728 
11350 0.866708 
11400 0.86565 
11450 0.864554 
11500 0.863379 
11550 0.862153 
11600 0.860878 
11650 0.859541 
11700 0.858111 
11750 0.856618 
11800 0.855056 
11850 0.853401 
11900 0.851639 
11950 0.849787 
12000 0.847837 
12050 0.845753 
12100 0.843532 
12150 0.841178 
12200 0.83868 
12250 0.835989 
12300 0.833103 
12350 0.830016 
12400 0.826702 
12450 0.823096 
12500 0.819187 
12550 0.814947 
12600 0.810326 
12650 0.80523 
12700 0.799609 
12750 0.793388 
12800 0.78646 
12850 0.778651 
12900 0.769805 
12950 0.759721 
13000 0.748118 
13050 0.734608 
13100 0.71874 
13150 0.7 
13200 0.677804 
13250 0.651659 
13300 0.621486 
13350 0.588053 
13400 0.552927 
13450 0.517993 
13500 0.484736 
13550 0.453991 
13600 0.425998 
13650 0.400672 
13700 0.37778 
13750 0.357057 
13800 0.338245 
13850 0.321105 
13900 0.30543 
13950 0.291041 
14000 0.277788 
14050 0.26554 
14100 0.254188 
14150 0.243634 
14200 0.233796 
14250 0.224606 
14300 0.215999 
14350 0.207922 
14400 0.200327 
14450 0.193173 
14500 0.186422 
14550 0.180042 
14600 0.174003 
14650 0.168279 
14700 0.162847 
14750 0.157685 
14800 0.152774 
14850 0.148096 
14900 0.143636 
14950 0.13938 
15000 0.135314 
15050 0.131426 
15100 0.127705 
15150 0.124141 
15200 0.120726 
15250 0.11745 
15300 0.114305 
15350 0.111284 
15400 0.108381 
15450 0.105588 
15500 0.102901 
15550 0.100313 
15600 0.0978196 
15650 0.0954158 
15700 0.0930975 
15750 0.0908606 
15800 0.0887009 
15850 0.0866146 
15900 0.0845987 
15950 0.0826499 
16000 0.0807652 
16050 0.0789417 
16100 0.0771762 
16150 0.0754666 
16200 0.0738108 
16250 0.0722063 
16300 0.0706511 
16350 0.0691423 
16400 0.0676788 
16450 0.0662588 
16500 0.0648806 
16550 0.0635425 
16600 0.0622426 
16650 0.0609795 
16700 0.0597522 
16750 0.0585592 
16800 0.0573993 
16850 0.0562711 
16900 0.0551731 
16950 0.0541047 
17000 0.0530648 
17050 0.0520526 
17100 0.0510669 
17150 0.0501063 
17200 0.0491704 
17250 0.0482585 
17300 0.0473698 
17350 0.0465035 
17400 0.0456586 
17450 0.0448342 
17500 0.0440301 
17550 0.0432456 
17600 0.0424801 
17650 0.0417331 
17700 0.0410034 
17750 0.0402907 
17800 0.0395949 
17850 0.0389153 
17900 0.0382515 
17950 0.037603 
18000 0.0369686 
18050 0.0363485 
18100 0.0357425 
18150 0.0351501 
18200 0.0345709 
18250 0.0340044 
18300 0.0334496 
18350 0.0329069 
18400 0.032376 
18450 0.0318566 
18500 0.0313484 
18550 0.0308507 
18600 0.0303629 
18650 0.0298854 
18700 0.0294179 
18750 0.0289601 
18800 0.0285119 
18850 0.0280726 
18900 0.0276415 
18950 0.0272192 
19000 0.0268054 
19050 0.0264 
19100 0.0260027 
19150 0.0256132 
19200 0.0252304 
19250 0.0248553 
19300 0.0244874 
19350 0.0241268 
19400 0.0237732 
19450 0.0234264 
19500 0.023085 
19550 0.0227502 
19600 0.0224217 
19650 0.0220995 
19700 0.0217834 
19750 0.0214731 
19800 0.0211678 
19850 0.0208677 
19900 0.0205731 
19950 0.0202839 
20000 0.0200001 
20050 0.0197215 
20100 0.0194475 
20150 0.0191773 
20200 0.0189119 
20250 0.0186514 
20300 0.0183955 
20350 0.0181442 
20400 0.0178973 
20450 0.0176534 
20500 0.0174134 
20550 0.0171775 
20600 0.0169458 
20650 0.0167182 
20700 0.0164945 
20750 0.0162743 
20800 0.0160559 
20850 0.0158414 
20900 0.0156305 
20950 0.0154232 
21000 0.0152195 
21050 0.0150192 
21100 0.014821 
21150 0.0146246 
21200 0.0144315 
21250 0.0142417 
21300 0.014055 
21350 0.0138715 
21400 0.013691 
21450 0.013511 
21500 0.0133327 
21550 0.0131573 
21600 0.0129849 
21650 0.0128153 
21700 0.0126485 
21750 0.0124844 
21800 0.0123191 
21850 0.0121549 
21900 0.0119934 
21950 0.0118345 
22000 0.0116783 
22050 0.0115247 
22100 0.0113735 
22150 0.0112187 
22200 0.0110632 
22250 0.0109104 
22300 0.0107602 
22350 0.0106124 
22400 0.0104671 
22450 0.0103243 
22500 0.0101732 
22550 0.0100146 
22600 0.0098588 
22650 0.00970584 
22700 0.00955562 
22750 0.00940807 
22800 0.00926315 
22850 0.00907515 
22900 0.0087471 
22950 0.00842977 
23000 0.00812278 
23050 0.0078258 
23100 0.00753848 
23150 0.00726051 
23200 0.00699159 
23250 0.00535517 
23300 0.00571159 
23350 0.00607981 
23400 0.00645983 
23450 0.00685168 
23500 0.00725537 
23550 0.00767092 
23600 0.00793951 
23650 0.00790387 
23700 0.00786848 
23750 0.00783332 
23800 0.0077984 
23850 0.00776371 
23900 0.00772926 
23950 0.00769503 
24000 0.00764846 
24050 0.00759727 
24100 0.00754657 
24150 0.00749637 
24200 0.00744664 
24250 0.0073974 
24300 0.00734862 
24350 0.00730031 
24400 0.0072459 
24450 0.00719179 
24500 0.00713824 
24550 0.00708525 
24600 0.00703281 
24650 0.00698091 
24700 0.00692955 
24750 0.00687842 
24800 0.00682457 
24850 0.00677129 
24900 0.00671859 
24950 0.00666645 
25000 0.00661486 
25050 0.00656383 
25100 0.00651333 
25150 0.0064632 
25200 0.00641164 
25250 0.00636064 
25300 0.00631019 
25350 0.00626027 
25400 0.00621089 
25450 0.00616205 
25500 0.00611372 
25550 0.0060659 
25600 0.00601728 
25650 0.00596911 
25700 0.00592145 
25750 0.00587431 
25800 0.00582766 
25850 0.00578152 
25900 0.00573586 
25950 0.00569069 
26000 0.00564535 
26050 0.00560018 
26100 0.0055555 
26150 0.00551129 
26200 0.00546755 
26250 0.00542427 
26300 0.00538145 
26350 0.00533908 
26400 0.00529696 
26450 0.00525479 
26500 0.00521305 
26550 0.00517176 
26600 0.00513091 
26650 0.00509048 
26700 0.00505047 
26750 0.00501088 
26800 0.0049717 
26850 0.00493255 
26900 0.00489367 
26950 0.00485519 
27000 0.00481712 
27050 0.00477944 
27100 0.00474215 
27150 0.00470524 
27200 0.00466871 
27250 0.00463253 
27300 0.00459636 
27350 0.00456056 
27400 0.00452513 
27450 0.00449006 
27500 0.00445534 
27550 0.00442098 
27600 0.00438697 
27650 0.0043533 
27700 0.00431989 
27750 0.0042866 
27800 0.00425364 
27850 0.00422102 
27900 0.00418872 
27950 0.00415674 
28000 0.00412509 
28050 0.00409375 
28100 0.00406272 
28150 0.00403193 
28200 0.00400128 
28250 0.00397094 
28300 0.0039409 
28350 0.00391115 
28400 0.0038817 
28450 0.00385254 
28500 0.00382366 
28550 0.00379506 
28600 0.00376671 
28650 0.0037385 
28700 0.00371055 
28750 0.00368289 
28800 0.00365548 
28850 0.00362835 
28900 0.00360147 
28950 0.00357486 
29000 0.0035485 
29050 0.00352239 
29100 0.00349651 
29150 0.00347088 
29200 0.00344549 
29250 0.00342034 
29300 0.00339543 
29350 0.00337076 
29400 0.00334632 
29450 0.00332211 
29500 0.00329813 
29550 0.00327397 
29600 0.00324972 
29650 0.0032257 
29700 0.00320191 
29750 0.00317834 
29800 0.003155 
29850 0.00313187 
29900 0.00310897 
29950 0.00308628 
30000 0.0030638 
30050 0.00304257 
30100 0.00302154 
30150 0.00300002 
30200 0.0029787 
30250 0.00295755 
30300 0.00293659 
30350 0.00291581 
30400 0.00289521 
30450 0.0028748 
30500 0.00285457 
30550 0.0028345 
30600 0.00281461 
30650 0.00279489 
30700 0.00277535 
30750 0.00275597 
30800 0.00273676 
30850 0.00271771 
30900 0.00269884 
30950 0.00268011 
31000 0.00266156 
31050 0.00264316 
31100 0.00262493 
31150 0.00260684 
31200 0.0025889 
31250 0.00257112 
31300 0.0025535 
31350 0.00253603 
31400 0.00251871 
31450 0.00250154 
31500 0.00248452 
31550 0.00246763 
31600 0.00245089 
31650 0.00243428 
31700 0.00241782 
31750 0.00240149 
31800 0.0023853 
31850 0.00236924 
31900 0.00235332 
31950 0.00233752 
32000 0.00232185 
32050 0.00230632 
32100 0.00229093 
32150 0.00227565 
32200 0.00226051 
32250 0.00224549 
32300 0.0022306 
32350 0.00221582 
32400 0.00220117 
32450 0.00218664 
32500 0.00217223 
32550 0.00215793 
32600 0.00214376 
32650 0.00212969 
32700 0.00211574 
32750 0.00210191 
32800 0.00208819 
32850 0.00207457 
32900 0.00206107 
32950 0.00204768 
33000 0.00203441 
33050 0.00202123 
33100 0.00200816 
33150 0.0019952 
33200 0.00198234 
33250 0.00196959 
33300 0.00195694 
33350 0.00194439 
33400 0.00193195 
33450 0.0019196 
33500 0.00190735 
33550 0.0018952 
33600 0.00188315 
33650 0.00187119 
33700 0.00185932 
33750 0.00184756 
33800 0.00183588 
33850 0.0018243 
33900 0.00181281 
33950 0.00180142 
34000 0.00179011 
34050 0.00177889 
34100 0.00176776 
34150 0.00175671 
34200 0.00174575 
34250 0.00173488 
34300 0.00172409 
34350 0.00171338 
34400 0.00170276 
34450 0.00169222 
34500 0.00168176 
34550 0.00167138 
34600 0.00166109 
34650 0.00165087 
34700 0.00164074 
34750 0.00163068 
34800 0.00162069 
34850 0.00161079 
34900 0.00160096 
34950 0.00159121 
35000 0.00158153 
35050 0.00157193 
35100 0.0015624 
35150 0.00155294 
35200 0.00154355 
35250 0.00153423 
35300 0.00152498 
35350 0.0015158 
35400 0.00150669 
35450 0.00149764 
35500 0.00148867 
35550 0.00147976 
35600 0.00147092 
35650 0.00146214 
35700 0.00145344 
35750 0.00144479 
35800 0.0014362 
35850 0.00142768 
35900 0.00141923 
35950 0.00141084 
36000 0.00140251 
36050 0.00139424 
36100 0.00138604 
36150 0.00137789 
36200 0.0013698 
36250 0.00136178 
36300 0.00135381 
36350 0.0013459 
36400 0.00133805 
36450 0.00133025 
36500 0.00132252 
36550 0.00131483 
36600 0.00130721 
36650 0.00129963 
36700 0.00129212 
36750 0.00128466 
36800 0.00127725 
36850 0.0012699 
36900 0.0012626 
36950 0.00125535 
37000 0.00124815 
37050 0.00124101 
37100 0.00123391 
37150 0.00122687 
37200 0.00121988 
37250 0.00121294 
37300 0.00120604 
37350 0.0011992 
37400 0.0011924 
37450 0.00118565 
37500 0.00117895 
37550 0.0011723 
37600 0.00116569 
37650 0.00115913 
37700 0.00115262 
37750 0.00114615 
37800 0.00113973 
37850 0.00113335 
37900 0.00112702 
37950 0.00112073 
38000 0.00111449 
38050 0.00110829 
38100 0.00110213 
38150 0.00109601 
38200 0.00108994 
38250 0.00108391 
38300 0.00107792 
38350 0.00107198 
38400 0.00106607 
38450 0.00106021 
38500 0.00105439 
38550 0.0010486 
38600 0.00104286 
38650 0.00103715 
38700 0.00103149 
38750 0.00102586 
38800 0.00102027 
38850 0.00101472 
38900 0.00100921 
38950 0.00100374 
39000 0.000998306 
39050 0.000992904 
39100 0.00098754 
39150 0.000982212 
39200 0.00097692 
39250 0.000971665 
39300 0.000966446 
39350 0.000961262 
39400 0.000956114 
39450 0.000951 
39500 0.000945921 
39550 0.000940873 
39600 0.00093586 
39650 0.00093088 
39700 0.000925934 
39750 0.000921022 
39800 0.000916142 
39850 0.000911295 
39900 0.000906481 
39950 0.000901698 
40000 0.000896948 
40050 0.000892226 
40100 0.000887536 
40150 0.000882877 
40200 0.000878249 
40250 0.000873652 
40300 0.000869085 
40350 0.000864548 
40400 0.000860042 
40450 0.000855563 
40500 0.000851114 
40550 0.000846694 
40600 0.000842303 
40650 0.00083794 
40700 0.000833607 
40750 0.000829301 
40800 0.000825024 
40850 0.000820773 
40900 0.000816551 
40950 0.000812355 
41000 0.000808187 
41050 0.000804045 
41100 0.000799931 
41150 0.000795842 
41200 0.00079178 
41250 0.000787744 
41300 0.000783733 
41350 0.000779749 
41400 0.00077579 
41450 0.000771857 
41500 0.000767949 
41550 0.000764064 
41600 0.000760203 
41650 0.000756367 
41700 0.000752556 
41750 0.000748769 
41800 0.000745006 
41850 0.000741267 
41900 0.000737552 
41950 0.00073386 
42000 0.000730191 
42050 0.000726546 
42100 0.000722924 
42150 0.000719325 
42200 0.000715748 
42250 0.000712193 
42300 0.000708661 
42350 0.00070515 
42400 0.00070166 
42450 0.000698193 
42500 0.000694747 
42550 0.000691322 
42600 0.000687919 
42650 0.000684537 
42700 0.000681176 
42750 0.000677836 
42800 0.000674516 
42850 0.000671217 
42900 0.000667939 
42950 0.00066468 
43000 0.000661442 
43050 0.000658221 
43100 0.000655021 
43150 0.000651839 
43200 0.000648678 
43250 0.000645536 
43300 0.000642413 
43350 0.000639309 
43400 0.000636224 
43450 0.000633157 
43500 0.00063011 
43550 0.000627081 
43600 0.00062407 
43650 0.000621078 
43700 0.000618103 
43750 0.000615147 
43800 0.000612209 
43850 0.000609286 
43900 0.000606381 
43950 0.000603494 
44000 0.000600624 
44050 0.000597771 
44100 0.000594935 
44150 0.000592116 
44200 0.000589314 
44250 0.000586529 
44300 0.000583761 
44350 0.000581008 
44400 0.000578273 
44450 0.000575553 
44500 0.00057285 
44550 0.000570162 
44600 0.000567489 
44650 0.000564832 
44700 0.000562191 
44750 0.000559566 
44800 0.000556956 
44850 0.000554361 
44900 0.000551782 
44950 0.000549218 
45000 0.000546668 
45050 0.000544134 
45100 0.000541615 
45150 0.00053911 
45200 0.00053662 
45250 0.000534144 
45300 0.000531683 
45350 0.000529235 
45400 0.0005268 
45450 0.00052438 
45500 0.000521974 
45550 0.000519582 
45600 0.000517203 
45650 0.000514839 
45700 0.000512487 
45750 0.00051015 
45800 0.000507826 
45850 0.000505515 
45900 0.000503218 
45950 0.000500933 
46000 0.000498662 
46050 0.000496403 
46100 0.000494156 
46150 0.000491923 
46200 0.000489702 
46250 0.000487494 
46300 0.000485298 
46350 0.000483115 
46400 0.000480944 
46450 0.000478785 
46500 0.000476639 
46550 0.000474504 
46600 0.000472381 
46650 0.000470271 
46700 0.000468172 
46750 0.000466084 
46800 0.000464009 
46850 0.000461945 
46900 0.000459893 
46950 0.000457852 
47000 0.000455823 
47050 0.000453804 
47100 0.000451797 
47150 0.000449801 
47200 0.000447816 
47250 0.000445842 
47300 0.000443879 
47350 0.000441927 
47400 0.000439985 
47450 0.000438055 
47500 0.000436135 
47550 0.000434225 
47600 0.000432326 
47650 0.000430438 
47700 0.00042856 
47750 0.000426692 
47800 0.000424834 
47850 0.000422987 
47900 0.00042115 
47950 0.000419323 
48000 0.000417505 
48050 0.000415697 
48100 0.000413899 
48150 0.000412111 
48200 0.000410332 
48250 0.000408563 
48300 0.000406804 
48350 0.000405054 
48400 0.000403313 
48450 0.000401582 
48500 0.000399861 
48550 0.000398148 
48600 0.000396445 
48650 0.000394751 
48700 0.000393067 
48750 0.000391391 
48800 0.000389724 
48850 0.000388066 
48900 0.000386417 
48950 0.000384777 
49000 0.000383146 
49050 0.000381523 
49100 0.000379908 
49150 0.000378302 
49200 0.000376704 
49250 0.000375115 
49300 0.000373534 
49350 0.000371962 
49400 0.000370398 
49450 0.000368843 
49500 0.000367295 
49550 0.000365756 
49600 0.000364225 
49650 0.000362702 
49700 0.000361187 
49750 0.00035968 
49800 0.00035818 
49850 0.000356689 
49900 0.000355206 
49950 0.00035373 
50000 0.000352262 
50050 0.000350801 
50100 0.000349348 
50150 0.000347902 
50200 0.000346464 
50250 0.000345034 
50300 0.000343611 
50350 0.000342195 
50400 0.000340787 
50450 0.000339385 
50500 0.000337991 
50550 0.000336605 
50600 0.000335225 
50650 0.000333853 
50700 0.000332488 
50750 0.000331129 
50800 0.000329778 
50850 0.000328434 
50900 0.000327096 
50950 0.000325765 
51000 0.000324442 
51050 0.000323124 
51100 0.000321813 
51150 0.000320509 
51200 0.000319212 
51250 0.000317921 
51300 0.000316637 
51350 0.000315359 
51400 0.000314088 
51450 0.000312823 
51500 0.000311565 
51550 0.000310313 
51600 0.000309067 
51650 0.000307828 
51700 0.000306595 
51750 0.000305368 
51800 0.000304147 
51850 0.000302932 
51900 0.000301724 
51950 0.000300521 
52000 0.000299325 
52050 0.000298134 
52100 0.000296949 
52150 0.000295771 
52200 0.000294598 
52250 0.00029343 
52300 0.000292269 
52350 0.000291114 
52400 0.000289964 
52450 0.00028882 
52500 0.000287681 
52550 0.000286548 
52600 0.000285422 
52650 0.0002843 
52700 0.000283184 
52750 0.000282073 
52800 0.000280968 
52850 0.000279869 
52900 0.000278774 
52950 0.000277685 
53000 0.000276602 
53050 0.000275524 
53100 0.000274451 
53150 0.000273383 
53200 0.00027232 
53250 0.000271263 
53300 0.00027021 
53350 0.000269163 
53400 0.000268121 
53450 0.000267084 
53500 0.000266052 
53550 0.000265025 
53600 0.000264003 
53650 0.000262986 
53700 0.000261974 
53750 0.000260967 
53800 0.000259965 
53850 0.000258967 
53900 0.000257975 
53950 0.000256987 
54000 0.000256004 
54050 0.000255025 
54100 0.000254051 
54150 0.000253082 
54200 0.000252117 
54250 0.000251157 
54300 0.000250202 
54350 0.000249251 
54400 0.000248304 
54450 0.000247362 
54500 0.000246425 
54550 0.000245492 
54600 0.000244564 
54650 0.00024364 
54700 0.00024272 
54750 0.000241805 
54800 0.000240894 
54850 0.000239987 
54900 0.000239085 
54950 0.000238187 
55000 0.000237293 
55050 0.000236403 
55100 0.000235518 
55150 0.000234636 
55200 0.000233759 
55250 0.000232886 
55300 0.000232017 
55350 0.000231152 
55400 0.000230291 
55450 0.000229435 
55500 0.000228582 
55550 0.000227733 
55600 0.000226888 
55650 0.000226047 
55700 0.00022521 
55750 0.000224377 
55800 0.000223548 
55850 0.000222722 
55900 0.000221901 
55950 0.000221083 
56000 0.000220269 
56050 0.000219458 
56100 0.000218652 
56150 0.000217849 
56200 0.000217049 
56250 0.000216254 
56300 0.000215462 
56350 0.000214674 
56400 0.000213889 
56450 0.000213108 
56500 0.00021233 
56550 0.000211556 
56600 0.000210786 
56650 0.000210019 
56700 0.000209256 
56750 0.000208496 
56800 0.000207739 
56850 0.000206986 
56900 0.000206236 
56950 0.00020549 
57000 0.000204747 
57050 0.000204008 
57100 0.000203272 
57150 0.000202539 
57200 0.00020181 
57250 0.000201084 
57300 0.000200361 
57350 0.000199641 
57400 0.000198925 
57450 0.000198212 
57500 0.000197502 
57550 0.000196795 
57600 0.000196091 
57650 0.000195391 
57700 0.000194693 
57750 0.000193999 
57800 0.000193308 
57850 0.00019262 
57900 0.000191935 
57950 0.000191253 
58000 0.000190574 
58050 0.000189898 
58100 0.000189225 
58150 0.000188556 
58200 0.000187889 
58250 0.000187225 
58300 0.000186564 
58350 0.000185906 
58400 0.000185251 
58450 0.000184598 
58500 0.000183949 
58550 0.000183302 
58600 0.000182659 
58650 0.000182018 
58700 0.00018138 
58750 0.000180745 
58800 0.000180112 
58850 0.000179482 
58900 0.000178856 
58950 0.000178231 
59000 0.00017761 
59050 0.000176991 
59100 0.000176375 
59150 0.000175762 
59200 0.000175151 
59250 0.000174543 
59300 0.000173938 
59350 0.000173335 
59400 0.000172735 
59450 0.000172138 
59500 0.000171543 
59550 0.000170951 
59600 0.000170361 
59650 0.000169774 
59700 0.000169189 
59750 0.000168607 
59800 0.000168027 
59850 0.00016745 
59900 0.000166876 
59950 0.000166304 
60000 0.000165734 
60050 0.000165166 
60100 0.000164601 
60150 0.000164039 
60200 0.000163479 
60250 0.000162921 
60300 0.000162366 
60350 0.000161813 
60400 0.000161262 
60450 0.000160714 
60500 0.000160168 
60550 0.000159624 
60600 0.000159083 
60650 0.000158544 
60700 0.000158007 
60750 0.000157473 
60800 0.000156941 
60850 0.000156411 
60900 0.000155883 
60950 0.000155358 
61000 0.000154835 
61050 0.000154314 
61100 0.000153795 
61150 0.000153278 
61200 0.000152764 
61250 0.000152252 
61300 0.000151742 
61350 0.000151234 
61400 0.000150728 
61450 0.000150224 
61500 0.000149723 
61550 0.000149223 
61600 0.000148726 
61650 0.000148231 
61700 0.000147737 
61750 0.000147246 
61800 0.000146757 
61850 0.00014627 
61900 0.000145785 
61950 0.000145302 
62000 0.000144821 
62050 0.000144342 
62100 0.000143865 
62150 0.00014339 
62200 0.000142917 
62250 0.000142445 
62300 0.000141976 
62350 0.000141509 
62400 0.000141044 
62450 0.00014058 
62500 0.000140119 
62550 0.000139659 
62600 0.000139201 
62650 0.000138745 
62700 0.000138291 
62750 0.000137839 
62800 0.000137389 
62850 0.000136941 
62900 0.000136494 
62950 0.000136049 
63000 0.000135606 
63050 0.000135165 
63100 0.000134726 
63150 0.000134288 
63200 0.000133853 
63250 0.000133419 
63300 0.000132986 
63350 0.000132556 
63400 0.000132127 
63450 0.0001317 
63500 0.000131275 
63550 0.000130851 
63600 0.00013043 
63650 0.000130009 
63700 0.000129591 
63750 0.000129174 
63800 0.000128759 
63850 0.000128346 
63900 0.000127934 
63950 0.000127524 
64000 0.000127116 
64050 0.000126709 
64100 0.000126304 
64150 0.0001259 
64200 0.000125498 
64250 0.000125098 
64300 0.000124699 
64350 0.000124302 
64400 0.000123906 
64450 0.000123513 
64500 0.00012312 
64550 0.000122729 
64600 0.00012234 
64650 0.000121952 
64700 0.000121566 
64750 0.000121182 
64800 0.000120798 
64850 0.000120417 
64900 0.000120037 
64950 0.000119658 
65000 0.000119281 
65050 0.000118905 
65100 0.000118531 
65150 0.000118159 
65200 0.000117788 
65250 0.000117418 
65300 0.00011705 
65350 0.000116683 
65400 0.000116318 
65450 0.000115954 
65500 0.000115591 
65550 0.00011523 
65600 0.00011487 
65650 0.000114512 
65700 0.000114155 
65750 0.0001138 
65800 0.000113446 
65850 0.000113093 
65900 0.000112742 
65950 0.000112392 
66000 0.000112043 
66050 0.000111696 
66100 0.00011135 
66150 0.000111005 
66200 0.000110662 
66250 0.00011032 
66300 0.00010998 
66350 0.00010964 
66400 0.000109302 
66450 0.000108966 
66500 0.00010863 
66550 0.000108296 
66600 0.000107964 
66650 0.000107632 
66700 0.000107302 
66750 0.000106973 
66800 0.000106645 
66850 0.000106319 
66900 0.000105994 
66950 0.00010567 
67000 0.000105347 
67050 0.000105026 
67100 0.000104705 
67150 0.000104386 
67200 0.000104069 
67250 0.000103752 
67300 0.000103437 
67350 0.000103122 
67400 0.000102809 
67450 0.000102498 
67500 0.000102187 
67550 0.000101878 
67600 0.000101569 
67650 0.000101262 
67700 0.000100956 
67750 0.000100652 
67800 0.000100348 
67850 0.000100046 
67900 9.97442E-005 
67950 9.94441E-005 
68000 9.9145E-005 
68050 9.88471E-005 
68100 9.85503E-005 
68150 9.82546E-005 
68200 9.796E-005 
68250 9.76665E-005 
68300 9.73741E-005 
68350 9.70829E-005 
68400 9.67927E-005 
68450 9.65036E-005 
68500 9.62155E-005 
68550 9.59286E-005 
68600 9.56427E-005 
68650 9.53579E-005 
68700 9.50742E-005 
68750 9.47915E-005 
68800 9.45099E-005 
68850 9.42293E-005 
68900 9.39497E-005 
68950 9.36712E-005 
69000 9.33937E-005 
69050 9.31173E-005 
69100 9.28419E-005 
69150 9.25675E-005 
69200 9.22941E-005 
69250 9.20217E-005 
69300 9.17504E-005 
69350 9.148E-005 
69400 9.12107E-005 
69450 9.09423E-005 
69500 9.06749E-005 
69550 9.04085E-005 
69600 9.01431E-005 
69650 8.98787E-005 
69700 8.96152E-005 
69750 8.93527E-005 
69800 8.90912E-005 
69850 8.88306E-005 
69900 8.85709E-005 
69950 8.83123E-005 
70000 8.80545E-005 
70050 8.77978E-005 
70100 8.7542E-005 
70150 8.72871E-005 
70200 8.70332E-005 
70250 8.67801E-005 
70300 8.6528E-005 
70350 8.62769E-005 
70400 8.60266E-005 
70450 8.57772E-005 
70500 8.55287E-005 
70550 8.52812E-005 
70600 8.50345E-005 
70650 8.47888E-005 
70700 8.45439E-005 
70750 8.42999E-005 
70800 8.40568E-005 
70850 8.38146E-005 
70900 8.35732E-005 
70950 8.33327E-005 
71000 8.30931E-005 
71050 8.28543E-005 
71100 8.26164E-005 
71150 8.23793E-005 
71200 8.21431E-005 
71250 8.19078E-005 
71300 8.16733E-005 
71350 8.14396E-005 
71400 8.12067E-005 
71450 8.09747E-005 
71500 8.07435E-005 
71550 8.05132E-005 
71600 8.02837E-005 
71650 8.0055E-005 
71700 7.98271E-005 
71750 7.96E-005 
71800 7.93737E-005 
71850 7.91483E-005 
71900 7.89236E-005 
71950 7.86997E-005 
72000 7.84767E-005 
72050 7.82544E-005 
72100 7.80329E-005 
72150 7.78122E-005 
72200 7.75923E-005 
72250 7.73732E-005 
72300 7.71548E-005 
72350 7.69372E-005 
72400 7.67204E-005 
72450 7.65043E-005 
72500 7.6289E-005 
72550 7.60745E-005 
72600 7.58607E-005 
72650 7.56477E-005 
72700 7.54354E-005 
72750 7.52239E-005 
72800 7.50131E-005 
72850 7.4803E-005 
72900 7.45937E-005 
72950 7.43851E-005 
73000 7.41772E-005 
73050 7.39701E-005 
73100 7.37637E-005 
73150 7.3558E-005 
73200 7.3353E-005 
73250 7.31488E-005 
73300 7.29452E-005 
73350 7.27424E-005 
73400 7.25403E-005 
73450 7.23388E-005 
73500 7.21381E-005 
73550 7.19381E-005 
73600 7.17388E-005 
73650 7.15401E-005 
73700 7.13422E-005 
73750 7.11449E-005 
73800 7.09483E-005 
73850 7.07524E-005 
73900 7.05572E-005 
73950 7.03626E-005 
74000 7.01687E-005 
74050 6.99755E-005 
74100 6.9783E-005 
74150 6.95911E-005 
74200 6.93999E-005 
74250 6.92093E-005 
74300 6.90194E-005 
74350 6.88301E-005 
74400 6.86415E-005 
74450 6.84535E-005 
74500 6.82662E-005 
74550 6.80795E-005 
74600 6.78935E-005 
74650 6.7708E-005 
74700 6.75233E-005 
74750 6.73391E-005 
74800 6.71556E-005 
74850 6.69727E-005 
74900 6.67905E-005 
74950 6.66088E-005 
75000 6.64278E-005 
75050 6.62474E-005 
75100 6.60677E-005 
75150 6.58885E-005 
75200 6.571E-005 
75250 6.55321E-005 
75300 6.53547E-005 
75350 6.5178E-005 
75400 6.50019E-005 
75450 6.48263E-005 
75500 6.46514E-005 
75550 6.4477E-005 
75600 6.43032E-005 
75650 6.413E-005 
75700 6.39574E-005 
75750 6.37854E-005 
75800 6.36139E-005 
75850 6.3443E-005 
75900 6.32727E-005 
75950 6.3103E-005 
76000 6.29339E-005 
76050 6.27653E-005 
76100 6.25973E-005 
76150 6.24298E-005 
76200 6.22629E-005 
76250 6.20966E-005 
76300 6.19308E-005 
76350 6.17656E-005 
76400 6.16009E-005 
76450 6.14368E-005 
76500 6.12732E-005 
76550 6.11101E-005 
76600 6.09476E-005 
76650 6.07857E-005 
76700 6.06243E-005 
76750 6.04634E-005 
76800 6.03031E-005 
76850 6.01433E-005 
76900 5.9984E-005 
76950 5.98252E-005 
77000 5.9667E-005 
77050 5.95093E-005 
77100 5.93521E-005 
77150 5.91955E-005 
77200 5.90393E-005 
77250 5.88837E-005 
77300 5.87286E-005 
77350 5.8574E-005 
77400 5.842E-005 
77450 5.82664E-005 
77500 5.81133E-005 
77550 5.79608E-005 
77600 5.78087E-005 
77650 5.76571E-005 
77700 5.75061E-005 
77750 5.73555E-005 
77800 5.72054E-005 
77850 5.70558E-005 
77900 5.69068E-005 
77950 5.67581E-005 
78000 5.661E-005 
78050 5.64624E-005 
78100 5.63152E-005 
78150 5.61686E-005 
78200 5.60223E-005 
78250 5.58766E-005 
78300 5.57314E-005 
78350 5.55866E-005 
78400 5.54423E-005 
78450 5.52985E-005 
78500 5.51551E-005 
78550 5.50122E-005 
78600 5.48697E-005 
78650 5.47278E-005 
78700 5.45862E-005 
78750 5.44452E-005 
78800 5.43046E-005 
78850 5.41644E-005 
78900 5.40247E-005 
78950 5.38855E-005 
79000 5.37467E-005 
79050 5.36083E-005 
79100 5.34704E-005 
79150 5.3333E-005 
79200 5.3196E-005 
79250 5.30594E-005 
79300 5.29232E-005 
79350 5.27875E-005 
79400 5.26523E-005 
79450 5.25174E-005 
79500 5.2383E-005 
79550 5.22491E-005 
79600 5.21155E-005 
79650 5.19824E-005 
79700 5.18497E-005 
79750 5.17175E-005 
79800 5.15856E-005 
79850 5.14542E-005 
79900 5.13232E-005 
79950 5.11926E-005 
80000 5.10624E-005 
80050 5.09327E-005 
80100 5.08034E-005 
80150 5.06745E-005 
80200 5.0546E-005 
80250 5.04179E-005 
80300 5.02902E-005 
80350 5.01629E-005 
80400 5.0036E-005 
80450 4.99095E-005 
80500 4.97835E-005 
80550 4.96578E-005 
80600 4.95325E-005 
80650 4.94076E-005 
80700 4.92831E-005 
80750 4.9159E-005 
80800 4.90353E-005 
80850 4.8912E-005 
80900 4.87891E-005 
80950 4.86665E-005 
81000 4.85444E-005 
81050 4.84226E-005 
81100 4.83012E-005 
81150 4.81802E-005 
81200 4.80595E-005 
81250 4.79393E-005 
81300 4.78194E-005 
81350 4.76999E-005 
81400 4.75808E-005 
81450 4.7462E-005 
81500 4.73436E-005 
81550 4.72256E-005 
81600 4.71079E-005 
81650 4.69906E-005 
81700 4.68737E-005 
81750 4.67571E-005 
81800 4.66409E-005 
81850 4.65251E-005 
81900 4.64096E-005 
81950 4.62945E-005 
82000 4.61797E-005 
82050 4.60653E-005 
82100 4.59513E-005 
82150 4.58376E-005 
82200 4.57242E-005 
82250 4.56112E-005 
82300 4.54986E-005 
82350 4.53863E-005 
82400 4.52743E-005 
82450 4.51627E-005 
82500 4.50515E-005 
82550 4.49406E-005 
82600 4.483E-005 
82650 4.47197E-005 
82700 4.46098E-005 
82750 4.45003E-005 
82800 4.43911E-005 
82850 4.42822E-005 
82900 4.41736E-005 
82950 4.40654E-005 
83000 4.39575E-005 
83050 4.38499E-005 
83100 4.37427E-005 
83150 4.36358E-005 
83200 4.35293E-005 
83250 4.34231E-005 
83300 4.33171E-005 
83350 4.32116E-005 
83400 4.31063E-005 
83450 4.30013E-005 
83500 4.28967E-005 
83550 4.27924E-005 
83600 4.26884E-005 
83650 4.25848E-005 
83700 4.24814E-005 
83750 4.23784E-005 
83800 4.22756E-005 
83850 4.21732E-005 
83900 4.20711E-005 
83950 4.19693E-005 
84000 4.18678E-005 
84050 4.17666E-005 
84100 4.16657E-005 
84150 4.15651E-005 
84200 4.14649E-005 
84250 4.13649E-005 
84300 4.12652E-005 
84350 4.11658E-005 
84400 4.10668E-005 
84450 4.0968E-005 
84500 4.08695E-005 
84550 4.07713E-005 
84600 4.06734E-005 
84650 4.05758E-005 
84700 4.04785E-005 
84750 4.03815E-005 
84800 4.02848E-005 
84850 4.01884E-005 
84900 4.00922E-005 
84950 3.99964E-005 
85000 3.99008E-005 
85050 3.98055E-005 
85100 3.97106E-005 
85150 3.96159E-005 
85200 3.95215E-005 
85250 3.94273E-005 
85300 3.93335E-005 
85350 3.92399E-005 
85400 3.91466E-005 
85450 3.90536E-005 
85500 3.89609E-005 
85550 3.88684E-005 
85600 3.87762E-005 
85650 3.86843E-005 
85700 3.85927E-005 
85750 3.85013E-005 
85800 3.84102E-005 
85850 3.83194E-005 
85900 3.82288E-005 
85950 3.81386E-005 
86000 3.80485E-005 
86050 3.79588E-005 
86100 3.78693E-005 
86150 3.77801E-005 
86200 3.76911E-005 
86250 3.76024E-005 
86300 3.75139E-005 
86350 3.74258E-005 
86400 3.73378E-005 
86450 3.72502E-005 
86500 3.71628E-005 
86550 3.70756E-005 
86600 3.69887E-005 
86650 3.6902E-005 
86700 3.68157E-005 
86750 3.67295E-005 
86800 3.66436E-005 
86850 3.6558E-005 
86900 3.64726E-005 
86950 3.63875E-005 
87000 3.63026E-005 
87050 3.62179E-005 
87100 3.61335E-005 
87150 3.60494E-005 
87200 3.59655E-005 
87250 3.58818E-005 
87300 3.57984E-005 
87350 3.57152E-005 
87400 3.56323E-005 
87450 3.55496E-005 
87500 3.54672E-005 
87550 3.5385E-005 
87600 3.5303E-005 
87650 3.52213E-005 
87700 3.51398E-005 
87750 3.50585E-005 
87800 3.49775E-005 
87850 3.48967E-005 
87900 3.48161E-005 
87950 3.47358E-005 
88000 3.46557E-005 
88050 3.45758E-005 
88100 3.44962E-005 
88150 3.44168E-005 
88200 3.43376E-005 
88250 3.42587E-005 
88300 3.418E-005 
88350 3.41015E-005 
88400 3.40232E-005 
88450 3.39452E-005 
88500 3.38674E-005 
88550 3.37898E-005 
88600 3.37124E-005 
88650 3.36353E-005 
88700 3.35583E-005 
88750 3.34816E-005 
88800 3.34051E-005 
88850 3.33289E-005 
88900 3.32528E-005 
88950 3.3177E-005 
89000 3.31014E-005 
89050 3.3026E-005 
89100 3.29508E-005 
89150 3.28758E-005 
89200 3.28011E-005 
89250 3.27265E-005 
89300 3.26522E-005 
89350 3.25781E-005 
89400 3.25042E-005 
89450 3.24305E-005 
89500 3.2357E-005 
89550 3.22837E-005 
89600 3.22106E-005 
89650 3.21378E-005 
89700 3.20651E-005 
89750 3.19927E-005 
89800 3.19204E-005 
89850 3.18484E-005 
89900 3.17765E-005 
89950 3.17049E-005 
90000 3.16334E-005 
90050 3.15622E-005 
90100 3.14912E-005 
90150 3.14204E-005 
90200 3.13497E-005 
90250 3.12793E-005 
90300 3.12091E-005 
90350 3.1139E-005 
90400 3.10692E-005 
90450 3.09995E-005 
90500 3.09301E-005 
90550 3.08608E-005 
90600 3.07918E-005 
90650 3.07229E-005 
90700 3.06542E-005 
90750 3.05857E-005 
90800 3.05174E-005 
90850 3.04493E-005 
90900 3.03814E-005 
90950 3.03137E-005 
91000 3.02462E-005 
91050 3.01788E-005 
91100 3.01117E-005 
91150 3.00447E-005 
91200 2.99779E-005 
91250 2.99113E-005 
91300 2.98449E-005 
91350 2.97787E-005 
91400 2.97126E-005 
91450 2.96467E-005 
91500 2.95811E-005 
91550 2.95156E-005 
91600 2.94502E-005 
91650 2.93851E-005 
91700 2.93202E-005 
91750 2.92554E-005 
91800 2.91908E-005 
91850 2.91264E-005 
91900 2.90621E-005 
91950 2.89981E-005 
92000 2.89342E-005 
92050 2.88705E-005 
92100 2.88069E-005 
92150 2.87436E-005 
92200 2.86804E-005 
92250 2.86174E-005 
92300 2.85545E-005 
92350 2.84918E-005 
92400 2.84293E-005 
92450 2.8367E-005 
92500 2.83049E-005 
92550 2.82429E-005 
92600 2.81811E-005 
92650 2.81194E-005 
92700 2.80579E-005 
92750 2.79966E-005 
92800 2.79355E-005 
92850 2.78745E-005 
92900 2.78137E-005 
92950 2.77531E-005 
93000 2.76926E-005 
93050 2.76323E-005 
93100 2.75722E-005 
93150 2.75122E-005 
93200 2.74524E-005 
93250 2.73927E-005 
93300 2.73332E-005 
93350 2.72739E-005 
93400 2.72147E-005 
93450 2.71557E-005 
93500 2.70969E-005 
93550 2.70382E-005 
93600 2.69797E-005 
93650 2.69213E-005 
93700 2.68631E-005 
93750 2.6805E-005 
93800 2.67472E-005 
93850 2.66894E-005 
93900 2.66318E-005 
93950 2.65744E-005 
94000 2.65171E-005 
94050 2.646E-005 
94100 2.6403E-005 
94150 2.63462E-005 
94200 2.62896E-005 
94250 2.62331E-005 
94300 2.61767E-005 
94350 2.61205E-005 
94400 2.60644E-005 
94450 2.60085E-005 
94500 2.59528E-005 
94550 2.58972E-005 
94600 2.58417E-005 
94650 2.57864E-005 
94700 2.57313E-005 
94750 2.56763E-005 
94800 2.56214E-005 
94850 2.55667E-005 
94900 2.55121E-005 
94950 2.54577E-005 
95000 2.54034E-005 
95050 2.53493E-005 
95100 2.52953E-005 
95150 2.52415E-005 
95200 2.51878E-005 
95250 2.51342E-005 
95300 2.50808E-005 
95350 2.50276E-005 
95400 2.49744E-005 
95450 2.49214E-005 
95500 2.48686E-005 
95550 2.48159E-005 
95600 2.47633E-005 
95650 2.47109E-005 
95700 2.46586E-005 
95750 2.46065E-005 
95800 2.45545E-005 
95850 2.45026E-005 
95900 2.44509E-005 
95950 2.43993E-005 
96000 2.43478E-005 
96050 2.42965E-005 
96100 2.42453E-005 
96150 2.41942E-005 
96200 2.41433E-005 
96250 2.40925E-005 
96300 2.40419E-005 
96350 2.39914E-005 
96400 2.3941E-005 
96450 2.38907E-005 
96500 2.38406E-005 
96550 2.37906E-005 
96600 2.37407E-005 
96650 2.3691E-005 
96700 2.36414E-005 
96750 2.35919E-005 
96800 2.35426E-005 
96850 2.34934E-005 
96900 2.34443E-005 
96950 2.33953E-005 
97000 2.33465E-005 
97050 2.32978E-005 
97100 2.32492E-005 
97150 2.32008E-005 
97200 2.31524E-005 
97250 2.31042E-005 
97300 2.30562E-005 
97350 2.30082E-005 
97400 2.29604E-005 
97450 2.29127E-005 
97500 2.28651E-005 
97550 2.28177E-005 
97600 2.27703E-005 
97650 2.27231E-005 
97700 2.2676E-005 
97750 2.26291E-005 
97800 2.25822E-005 
97850 2.25355E-005 
97900 2.24889E-005 
97950 2.24425E-005 
98000 2.23961E-005 
98050 2.23499E-005 
98100 2.23038E-005 
98150 2.22578E-005 
98200 2.22119E-005 
98250 2.21661E-005 
98300 2.21205E-005 
98350 2.2075E-005 
98400 2.20296E-005 
98450 2.19843E-005 
98500 2.19391E-005 
98550 2.18941E-005 
98600 2.18491E-005 
98650 2.18043E-005 
98700 2.17596E-005 
98750 2.1715E-005 
98800 2.16706E-005 
98850 2.16262E-005 
98900 2.15819E-005 
98950 2.15378E-005 
99000 2.14938E-005 
99050 2.14499E-005 
99100 2.14061E-005 
99150 2.13624E-005 
99200 2.13188E-005 
99250 2.12753E-005 
99300 2.1232E-005 
99350 2.11887E-005 
99400 2.11456E-005 
99450 2.11025E-005 
99500 2.10596E-005 
99550 2.10168E-005 
99600 2.09741E-005 
99650 2.09315E-005 
99700 2.0889E-005 
99750 2.08467E-005 
99800 2.08044E-005 
99850 2.07622E-005 
99900 2.07202E-005 
99950 2.06782E-005 
100000 2.06364E-005 
