#F U:\Beamline I20\EDE line\!M2 and filters heat load\xop\Si-3p5mrad.dat
#C Si 3.5mrad
#S 1 File written by xplot on Mon Mar 30 12:26:47 2009
#N 2
#L    Photon Energy [eV]  Intens after oe #1
50 0.996508 
100 0.941381 
150 0.956001 
200 0.963103 
250 0.965231 
300 0.966944 
350 0.968249 
400 0.969969 
450 0.971333 
500 0.972651 
550 0.973759 
600 0.974827 
650 0.975899 
700 0.976776 
750 0.977349 
800 0.977913 
850 0.978646 
900 0.979321 
950 0.980138 
1000 0.980875 
1050 0.981536 
1100 0.982087 
1150 0.982413 
1200 0.982715 
1250 0.982994 
1300 0.98324 
1350 0.983465 
1400 0.983656 
1450 0.98381 
1500 0.983923 
1550 0.984015 
1600 0.98403 
1650 0.983928 
1700 0.983635 
1750 0.982952 
1800 0.980828 
1850 0.720715 
1900 0.842269 
1950 0.856257 
2000 0.864608 
2050 0.870446 
2100 0.87504 
2150 0.878792 
2200 0.881984 
2250 0.88474 
2300 0.887215 
2350 0.889418 
2400 0.891434 
2450 0.893301 
2500 0.895018 
2550 0.896612 
2600 0.898114 
2650 0.899535 
2700 0.900878 
2750 0.902149 
2800 0.90335 
2850 0.904495 
2900 0.905595 
2950 0.906647 
3000 0.907654 
3050 0.908622 
3100 0.909554 
3150 0.910451 
3200 0.911315 
3250 0.912148 
3300 0.912953 
3350 0.913731 
3400 0.914483 
3450 0.915211 
3500 0.915917 
3550 0.916601 
3600 0.917254 
3650 0.917888 
3700 0.918503 
3750 0.919102 
3800 0.919686 
3850 0.920254 
3900 0.920795 
3950 0.921318 
4000 0.92183 
4050 0.92233 
4100 0.922817 
4150 0.923275 
4200 0.923724 
4250 0.924166 
4300 0.924594 
4350 0.924996 
4400 0.925393 
4450 0.925785 
4500 0.926149 
4550 0.926504 
4600 0.926857 
4650 0.927188 
4700 0.927505 
4750 0.927821 
4800 0.928117 
4850 0.928399 
4900 0.928681 
4950 0.928938 
5000 0.92919 
5050 0.929437 
5100 0.929659 
5150 0.929883 
5200 0.93009 
5250 0.930283 
5300 0.930476 
5350 0.930641 
5400 0.93081 
5450 0.930958 
5500 0.931099 
5550 0.931229 
5600 0.931343 
5650 0.931459 
5700 0.931545 
5750 0.931638 
5800 0.9317 
5850 0.931765 
5900 0.931806 
5950 0.931845 
6000 0.931865 
6050 0.931877 
6100 0.931871 
6150 0.931855 
6200 0.931823 
6250 0.931779 
6300 0.931718 
6350 0.931645 
6400 0.931556 
6450 0.931454 
6500 0.931327 
6550 0.931192 
6600 0.931031 
6650 0.930863 
6700 0.930664 
6750 0.930461 
6800 0.930217 
6850 0.92997 
6900 0.929683 
6950 0.929386 
7000 0.929055 
7050 0.928702 
7100 0.928322 
7150 0.927906 
7200 0.927472 
7250 0.926986 
7300 0.926482 
7350 0.925924 
7400 0.925334 
7450 0.9247 
7500 0.924012 
7550 0.923288 
7600 0.922485 
7650 0.921638 
7700 0.920717 
7750 0.919723 
7800 0.918661 
7850 0.91749 
7900 0.916238 
7950 0.914866 
8000 0.913369 
8050 0.911747 
8100 0.909941 
8150 0.907969 
8200 0.905784 
8250 0.903343 
8300 0.900629 
8350 0.897552 
8400 0.894063 
8450 0.890077 
8500 0.885429 
8550 0.879984 
8600 0.873477 
8650 0.865519 
8700 0.85557 
8750 0.842658 
8800 0.825132 
8850 0.799894 
8900 0.760928 
8950 0.699674 
9000 0.619835 
9050 0.544333 
9100 0.483004 
9150 0.433946 
9200 0.394087 
9250 0.360859 
9300 0.332639 
9350 0.308459 
9400 0.287326 
9450 0.268668 
9500 0.252326 
9550 0.237641 
9600 0.224366 
9650 0.213151 
9700 0.202892 
9750 0.193433 
9800 0.183105 
9850 0.173372 
9900 0.164433 
9950 0.156045 
10000 0.14824 
10050 0.141018 
10100 0.134583 
10150 0.128852 
10200 0.123483 
10250 0.118445 
10300 0.113705 
10350 0.109243 
10400 0.105036 
10450 0.101084 
10500 0.0973489 
10550 0.0938131 
10600 0.0904692 
10650 0.087302 
10700 0.0842932 
10750 0.0814332 
10800 0.078718 
10850 0.0761311 
10900 0.0736645 
10950 0.0713142 
11000 0.0690713 
11050 0.0669273 
11100 0.0648771 
11150 0.062918 
11200 0.0610414 
11250 0.0592427 
11300 0.057519 
11350 0.055866 
11400 0.0542787 
11450 0.0527537 
11500 0.0512897 
11550 0.049882 
11600 0.0485273 
11650 0.0472233 
11700 0.0459684 
11750 0.0447592 
11800 0.0435934 
11850 0.0424696 
11900 0.041386 
11950 0.0403401 
12000 0.0393301 
12050 0.0383548 
12100 0.0374124 
12150 0.0365015 
12200 0.0356205 
12250 0.0347688 
12300 0.0339448 
12350 0.0331472 
12400 0.0323747 
12450 0.031627 
12500 0.0309026 
12550 0.0302005 
12600 0.0295197 
12650 0.0288599 
12700 0.0282199 
12750 0.027599 
12800 0.0269963 
12850 0.0264113 
12900 0.0258434 
12950 0.0252918 
13000 0.0247558 
13050 0.0242351 
13100 0.0237291 
13150 0.0232371 
13200 0.0227587 
13250 0.0222934 
13300 0.0218409 
13350 0.0214006 
13400 0.020972 
13450 0.0205548 
13500 0.0201487 
13550 0.0197533 
13600 0.0193681 
13650 0.0189928 
13700 0.0186272 
13750 0.0182709 
13800 0.0179236 
13850 0.0175849 
13900 0.0172547 
13950 0.0169329 
14000 0.0166188 
14050 0.0163125 
14100 0.0160136 
14150 0.0157219 
14200 0.0154373 
14250 0.0151594 
14300 0.0148881 
14350 0.0146231 
14400 0.0143644 
14450 0.0141117 
14500 0.0138648 
14550 0.0136235 
14600 0.0133877 
14650 0.0131574 
14700 0.0129322 
14750 0.012712 
14800 0.0124967 
14850 0.0122862 
14900 0.0120804 
14950 0.0118791 
15000 0.0116821 
15050 0.0114894 
15100 0.0113009 
15150 0.0111164 
15200 0.0109358 
15250 0.010759 
15300 0.0105859 
15350 0.0104165 
15400 0.0102507 
15450 0.0100882 
15500 0.00992912 
15550 0.00977329 
15600 0.00962066 
15650 0.00947113 
15700 0.00932461 
15750 0.00918102 
15800 0.00904029 
15850 0.00890241 
15900 0.00876723 
15950 0.00863471 
16000 0.00850479 
16050 0.00837739 
16100 0.00825247 
16150 0.00812995 
16200 0.00800978 
16250 0.00789191 
16300 0.00777627 
16350 0.00766288 
16400 0.00755162 
16450 0.00744245 
16500 0.00733531 
16550 0.00723016 
16600 0.00712696 
16650 0.00702566 
16700 0.00692622 
16750 0.00682858 
16800 0.00673273 
16850 0.00663861 
16900 0.00654622 
16950 0.00645549 
17000 0.00636637 
17050 0.00627884 
17100 0.00619286 
17150 0.00610839 
17200 0.0060254 
17250 0.00594387 
17300 0.00586375 
17350 0.00578502 
17400 0.00570765 
17450 0.00563161 
17500 0.00555687 
17550 0.0054834 
17600 0.00541118 
17650 0.00534018 
17700 0.0052704 
17750 0.0052018 
17800 0.00513434 
17850 0.00506801 
17900 0.00500277 
17950 0.00493861 
18000 0.00487551 
18050 0.00481344 
18100 0.00475239 
18150 0.00469232 
18200 0.00463323 
18250 0.00457509 
18300 0.0045179 
18350 0.00446163 
18400 0.00440625 
18450 0.00435175 
18500 0.00429811 
18550 0.00424532 
18600 0.00419336 
18650 0.00414221 
18700 0.00409186 
18750 0.0040423 
18800 0.0039935 
18850 0.00394545 
18900 0.00389816 
18950 0.00385159 
19000 0.00380573 
19050 0.00376056 
19100 0.00371609 
19150 0.00367228 
19200 0.00362914 
19250 0.00358665 
19300 0.0035448 
19350 0.00350357 
19400 0.00346295 
19450 0.00342293 
19500 0.0033835 
19550 0.00334465 
19600 0.00330637 
19650 0.00326865 
19700 0.00323148 
19750 0.00319485 
19800 0.00315874 
19850 0.00312316 
19900 0.00308809 
19950 0.00305352 
20000 0.00301944 
20050 0.00298585 
20100 0.00295273 
20150 0.00292009 
20200 0.00288791 
20250 0.00285618 
20300 0.0028249 
20350 0.00279405 
20400 0.00276363 
20450 0.00273363 
20500 0.00270405 
20550 0.00267488 
20600 0.00264611 
20650 0.00261774 
20700 0.00258975 
20750 0.00256214 
20800 0.00253491 
20850 0.00250804 
20900 0.00248154 
20950 0.00245539 
21000 0.00242959 
21050 0.00240414 
21100 0.00237903 
21150 0.00235425 
21200 0.0023298 
21250 0.00230567 
21300 0.00228186 
21350 0.00225836 
21400 0.00223517 
21450 0.00221228 
21500 0.00218969 
21550 0.0021674 
21600 0.0021454 
21650 0.00212368 
21700 0.00210223 
21750 0.00208107 
21800 0.00206017 
21850 0.00203955 
21900 0.00201918 
21950 0.00199908 
22000 0.00197923 
22050 0.00195963 
22100 0.00194027 
22150 0.00192116 
22200 0.00190229 
22250 0.00188365 
22300 0.00186524 
22350 0.00184706 
22400 0.00182911 
22450 0.00181138 
22500 0.00179386 
22550 0.00177656 
22600 0.00175948 
22650 0.0017426 
22700 0.00172592 
22750 0.00170945 
22800 0.00169318 
22850 0.0016771 
22900 0.00166122 
22950 0.00164553 
23000 0.00163002 
23050 0.0016147 
23100 0.00159957 
23150 0.00158461 
23200 0.00156983 
23250 0.00155523 
23300 0.0015408 
23350 0.00152654 
23400 0.00151245 
23450 0.00149852 
23500 0.00148475 
23550 0.00147114 
23600 0.0014577 
23650 0.00144441 
23700 0.00143127 
23750 0.00141829 
23800 0.00140545 
23850 0.00139276 
23900 0.00138022 
23950 0.00136782 
24000 0.00135556 
24050 0.00134343 
24100 0.00133145 
24150 0.0013196 
24200 0.00130788 
24250 0.0012963 
24300 0.00128484 
24350 0.00127351 
24400 0.00126231 
24450 0.00125124 
24500 0.00124029 
24550 0.00122946 
24600 0.00121875 
24650 0.00120815 
24700 0.00119768 
24750 0.00118732 
24800 0.00117707 
24850 0.00116694 
24900 0.00115691 
24950 0.001147 
25000 0.00113719 
25050 0.00112749 
25100 0.00111789 
25150 0.0011084 
25200 0.00109901 
25250 0.00108972 
25300 0.00108052 
25350 0.00107143 
25400 0.00106243 
25450 0.00105353 
25500 0.00104472 
25550 0.00103601 
25600 0.00102739 
25650 0.00101885 
25700 0.00101041 
25750 0.00100206 
25800 0.000993791 
25850 0.00098561 
25900 0.000977515 
25950 0.000969503 
26000 0.000961574 
26050 0.000953727 
26100 0.000945961 
26150 0.000938275 
26200 0.000930668 
26250 0.000923138 
26300 0.000915685 
26350 0.000908309 
26400 0.000901007 
26450 0.000893782 
26500 0.000886629 
26550 0.000879548 
26600 0.000872539 
26650 0.000865601 
26700 0.000858732 
26750 0.000851931 
26800 0.000845199 
26850 0.000838534 
26900 0.000831935 
26950 0.000825401 
27000 0.000818933 
27050 0.000812529 
27100 0.000806188 
27150 0.000799908 
27200 0.000793691 
27250 0.000787534 
27300 0.000781438 
27350 0.000775402 
27400 0.000769424 
27450 0.000763504 
27500 0.000757642 
27550 0.000751837 
27600 0.000746088 
27650 0.000740393 
27700 0.000734754 
27750 0.000729171 
27800 0.000723641 
27850 0.000718163 
27900 0.000712738 
27950 0.000707365 
28000 0.000702043 
28050 0.000696771 
28100 0.000691548 
28150 0.000686376 
28200 0.000681252 
28250 0.000676177 
28300 0.000671149 
28350 0.000666168 
28400 0.000661234 
28450 0.000656346 
28500 0.000651503 
28550 0.000646705 
28600 0.000641952 
28650 0.000637243 
28700 0.000632578 
28750 0.000627955 
28800 0.000623375 
28850 0.000618837 
28900 0.000614341 
28950 0.000609886 
29000 0.000605472 
29050 0.000601098 
29100 0.000596767 
29150 0.000592476 
29200 0.000588223 
29250 0.00058401 
29300 0.000579834 
29350 0.000575695 
29400 0.000571595 
29450 0.00056753 
29500 0.000563502 
29550 0.000559507 
29600 0.000555545 
29650 0.000551619 
29700 0.000547726 
29750 0.000543869 
29800 0.000540046 
29850 0.000536256 
29900 0.0005325 
29950 0.000528778 
30000 0.000525087 
30050 0.000521502 
30100 0.000517948 
30150 0.000514424 
30200 0.000510931 
30250 0.000507467 
30300 0.000504034 
30350 0.00050063 
30400 0.000497255 
30450 0.000493841 
30500 0.000490456 
30550 0.000487101 
30600 0.000483774 
30650 0.000480476 
30700 0.000477206 
30750 0.000473965 
30800 0.000470751 
30850 0.000467565 
30900 0.000464406 
30950 0.000461274 
31000 0.000458169 
31050 0.00045509 
31100 0.000452037 
31150 0.00044901 
31200 0.000446008 
31250 0.000443031 
31300 0.000440078 
31350 0.00043715 
31400 0.000434247 
31450 0.000431368 
31500 0.000428513 
31550 0.000425682 
31600 0.000422876 
31650 0.000420092 
31700 0.000417332 
31750 0.000414594 
31800 0.000411879 
31850 0.000409186 
31900 0.000406516 
31950 0.000403868 
32000 0.000401241 
32050 0.000398636 
32100 0.000396053 
32150 0.00039349 
32200 0.000390949 
32250 0.000388428 
32300 0.000385927 
32350 0.000383446 
32400 0.000380985 
32450 0.000378544 
32500 0.000376122 
32550 0.000373721 
32600 0.000371338 
32650 0.000368974 
32700 0.000366629 
32750 0.000364303 
32800 0.000361996 
32850 0.000359707 
32900 0.000357436 
32950 0.000355183 
33000 0.000352948 
33050 0.000350731 
33100 0.000348532 
33150 0.00034635 
33200 0.000344185 
33250 0.000342037 
33300 0.000339906 
33350 0.000337792 
33400 0.000335694 
33450 0.000333613 
33500 0.000331548 
33550 0.000329499 
33600 0.000327465 
33650 0.000325448 
33700 0.000323446 
33750 0.00032146 
33800 0.000319489 
33850 0.000317533 
33900 0.000315592 
33950 0.000313667 
34000 0.000311756 
34050 0.000309859 
34100 0.000307978 
34150 0.00030611 
34200 0.000304256 
34250 0.000302417 
34300 0.000300592 
34350 0.00029878 
34400 0.000296982 
34450 0.000295198 
34500 0.000293427 
34550 0.00029167 
34600 0.000289927 
34650 0.000288196 
34700 0.000286478 
34750 0.000284773 
34800 0.000283081 
34850 0.000281402 
34900 0.000279735 
34950 0.000278081 
35000 0.000276438 
35050 0.000274808 
35100 0.00027319 
35150 0.000271584 
35200 0.00026999 
35250 0.000268408 
35300 0.000266837 
35350 0.000265278 
35400 0.00026373 
35450 0.000262193 
35500 0.000260668 
35550 0.000259154 
35600 0.000257651 
35650 0.000256159 
35700 0.000254678 
35750 0.000253207 
35800 0.000251747 
35850 0.000250298 
35900 0.000248859 
35950 0.000247431 
36000 0.000246013 
36050 0.000244605 
36100 0.000243207 
36150 0.000241819 
36200 0.000240441 
36250 0.000239073 
36300 0.000237715 
36350 0.000236367 
36400 0.000235028 
36450 0.000233698 
36500 0.000232378 
36550 0.000231068 
36600 0.000229767 
36650 0.000228475 
36700 0.000227192 
36750 0.000225918 
36800 0.000224653 
36850 0.000223397 
36900 0.00022215 
36950 0.000220911 
37000 0.000219682 
37050 0.000218461 
37100 0.000217248 
37150 0.000216045 
37200 0.000214849 
37250 0.000213662 
37300 0.000212483 
37350 0.000211312 
37400 0.000210149 
37450 0.000208995 
37500 0.000207848 
37550 0.000206709 
37600 0.000205577 
37650 0.000204454 
37700 0.000203338 
37750 0.00020223 
37800 0.000201129 
37850 0.000200036 
37900 0.00019895 
37950 0.000197872 
38000 0.000196801 
38050 0.000195738 
38100 0.000194682 
38150 0.000193632 
38200 0.000192591 
38250 0.000191556 
38300 0.000190528 
38350 0.000189507 
38400 0.000188493 
38450 0.000187485 
38500 0.000186485 
38550 0.000185491 
38600 0.000184504 
38650 0.000183523 
38700 0.000182549 
38750 0.000181581 
38800 0.00018062 
38850 0.000179665 
38900 0.000178717 
38950 0.000177775 
39000 0.000176839 
39050 0.000175909 
39100 0.000174985 
39150 0.000174068 
39200 0.000173156 
39250 0.000172251 
39300 0.000171351 
39350 0.000170457 
39400 0.000169569 
39450 0.000168687 
39500 0.000167811 
39550 0.00016694 
39600 0.000166075 
39650 0.000165216 
39700 0.000164362 
39750 0.000163514 
39800 0.000162671 
39850 0.000161834 
39900 0.000161002 
39950 0.000160176 
40000 0.000159354 
40050 0.000158539 
40100 0.000157728 
40150 0.000156923 
40200 0.000156123 
40250 0.000155328 
40300 0.000154538 
40350 0.000153753 
40400 0.000152973 
40450 0.000152198 
40500 0.000151429 
40550 0.000150663 
40600 0.000149903 
40650 0.000149148 
40700 0.000148397 
40750 0.000147651 
40800 0.00014691 
40850 0.000146173 
40900 0.000145441 
40950 0.000144714 
41000 0.000143991 
41050 0.000143273 
41100 0.000142559 
41150 0.00014185 
41200 0.000141145 
41250 0.000140445 
41300 0.000139748 
41350 0.000139057 
41400 0.000138369 
41450 0.000137686 
41500 0.000137007 
41550 0.000136332 
41600 0.000135661 
41650 0.000134995 
41700 0.000134332 
41750 0.000133674 
41800 0.00013302 
41850 0.000132369 
41900 0.000131723 
41950 0.000131081 
42000 0.000130442 
42050 0.000129807 
42100 0.000129176 
42150 0.000128549 
42200 0.000127926 
42250 0.000127307 
42300 0.000126691 
42350 0.000126079 
42400 0.000125471 
42450 0.000124867 
42500 0.000124266 
42550 0.000123669 
42600 0.000123076 
42650 0.000122486 
42700 0.000121899 
42750 0.000121317 
42800 0.000120737 
42850 0.000120161 
42900 0.000119589 
42950 0.00011902 
43000 0.000118454 
43050 0.000117892 
43100 0.000117334 
43150 0.000116778 
43200 0.000116226 
43250 0.000115677 
43300 0.000115132 
43350 0.000114589 
43400 0.00011405 
43450 0.000113514 
43500 0.000112981 
43550 0.000112452 
43600 0.000111925 
43650 0.000111402 
43700 0.000110881 
43750 0.000110364 
43800 0.00010985 
43850 0.000109338 
43900 0.00010883 
43950 0.000108324 
44000 0.000107822 
44050 0.000107322 
44100 0.000106825 
44150 0.000106332 
44200 0.000105841 
44250 0.000105353 
44300 0.000104867 
44350 0.000104385 
44400 0.000103905 
44450 0.000103428 
44500 0.000102954 
44550 0.000102482 
44600 0.000102014 
44650 0.000101548 
44700 0.000101084 
44750 0.000100623 
44800 0.000100165 
44850 9.97096E-005 
44900 9.92567E-005 
44950 9.88063E-005 
45000 9.83585E-005 
45050 9.79132E-005 
45100 9.74705E-005 
45150 9.70302E-005 
45200 9.65925E-005 
45250 9.61572E-005 
45300 9.57244E-005 
45350 9.52941E-005 
45400 9.48661E-005 
45450 9.44406E-005 
45500 9.40175E-005 
45550 9.35967E-005 
45600 9.31783E-005 
45650 9.27622E-005 
45700 9.23485E-005 
45750 9.19371E-005 
45800 9.1528E-005 
45850 9.11211E-005 
45900 9.07166E-005 
45950 9.03142E-005 
46000 8.99141E-005 
46050 8.95163E-005 
46100 8.91207E-005 
46150 8.87273E-005 
46200 8.8336E-005 
46250 8.79469E-005 
46300 8.756E-005 
46350 8.71751E-005 
46400 8.67924E-005 
46450 8.64118E-005 
46500 8.60333E-005 
46550 8.5657E-005 
46600 8.52828E-005 
46650 8.49106E-005 
46700 8.45404E-005 
46750 8.41723E-005 
46800 8.38061E-005 
46850 8.3442E-005 
46900 8.30799E-005 
46950 8.27197E-005 
47000 8.23614E-005 
47050 8.2005E-005 
47100 8.16506E-005 
47150 8.1298E-005 
47200 8.09474E-005 
47250 8.05986E-005 
47300 8.02518E-005 
47350 7.99068E-005 
47400 7.95636E-005 
47450 7.92223E-005 
47500 7.88828E-005 
47550 7.85452E-005 
47600 7.82094E-005 
47650 7.78753E-005 
47700 7.75431E-005 
47750 7.72126E-005 
47800 7.68839E-005 
47850 7.6557E-005 
47900 7.62317E-005 
47950 7.59083E-005 
48000 7.55865E-005 
48050 7.52666E-005 
48100 7.49483E-005 
48150 7.46317E-005 
48200 7.43169E-005 
48250 7.40036E-005 
48300 7.36921E-005 
48350 7.33821E-005 
48400 7.30738E-005 
48450 7.27672E-005 
48500 7.24621E-005 
48550 7.21586E-005 
48600 7.18568E-005 
48650 7.15565E-005 
48700 7.12578E-005 
48750 7.09606E-005 
48800 7.0665E-005 
48850 7.03709E-005 
48900 7.00784E-005 
48950 6.97874E-005 
49000 6.94979E-005 
49050 6.92098E-005 
49100 6.89232E-005 
49150 6.86381E-005 
49200 6.83545E-005 
49250 6.80723E-005 
49300 6.77916E-005 
49350 6.75124E-005 
49400 6.72346E-005 
49450 6.69582E-005 
49500 6.66832E-005 
49550 6.64098E-005 
49600 6.61377E-005 
49650 6.58671E-005 
49700 6.55978E-005 
49750 6.53299E-005 
49800 6.50634E-005 
49850 6.47983E-005 
49900 6.45345E-005 
49950 6.4272E-005 
50000 6.40109E-005 
50050 6.37511E-005 
50100 6.34926E-005 
50150 6.32355E-005 
50200 6.29796E-005 
50250 6.2725E-005 
50300 6.24718E-005 
50350 6.22198E-005 
50400 6.19691E-005 
50450 6.17197E-005 
50500 6.14714E-005 
50550 6.12245E-005 
50600 6.09788E-005 
50650 6.07343E-005 
50700 6.04911E-005 
50750 6.02491E-005 
50800 6.00083E-005 
50850 5.97687E-005 
50900 5.95303E-005 
50950 5.92931E-005 
51000 5.9057E-005 
51050 5.88223E-005 
51100 5.85887E-005 
51150 5.83562E-005 
51200 5.81249E-005 
51250 5.78948E-005 
51300 5.76658E-005 
51350 5.74379E-005 
51400 5.72112E-005 
51450 5.69856E-005 
51500 5.67611E-005 
51550 5.65376E-005 
51600 5.63153E-005 
51650 5.6094E-005 
51700 5.58738E-005 
51750 5.56547E-005 
51800 5.54367E-005 
51850 5.52197E-005 
51900 5.50038E-005 
51950 5.4789E-005 
52000 5.45752E-005 
52050 5.43624E-005 
52100 5.41508E-005 
52150 5.394E-005 
52200 5.37304E-005 
52250 5.35218E-005 
52300 5.33141E-005 
52350 5.31076E-005 
52400 5.2902E-005 
52450 5.26973E-005 
52500 5.24937E-005 
52550 5.22911E-005 
52600 5.20894E-005 
52650 5.18888E-005 
52700 5.1689E-005 
52750 5.14903E-005 
52800 5.12925E-005 
52850 5.10957E-005 
52900 5.08998E-005 
52950 5.07048E-005 
53000 5.05108E-005 
53050 5.03177E-005 
53100 5.01256E-005 
53150 4.99343E-005 
53200 4.9744E-005 
53250 4.95545E-005 
53300 4.9366E-005 
53350 4.91784E-005 
53400 4.89916E-005 
53450 4.88058E-005 
53500 4.86208E-005 
53550 4.84368E-005 
53600 4.82536E-005 
53650 4.80714E-005 
53700 4.789E-005 
53750 4.77094E-005 
53800 4.75297E-005 
53850 4.73508E-005 
53900 4.71729E-005 
53950 4.69957E-005 
54000 4.68193E-005 
54050 4.66437E-005 
54100 4.6469E-005 
54150 4.6295E-005 
54200 4.61219E-005 
54250 4.59496E-005 
54300 4.57781E-005 
54350 4.56074E-005 
54400 4.54375E-005 
54450 4.52683E-005 
54500 4.51E-005 
54550 4.49324E-005 
54600 4.47656E-005 
54650 4.45997E-005 
54700 4.44346E-005 
54750 4.42703E-005 
54800 4.41068E-005 
54850 4.39441E-005 
54900 4.37815E-005 
54950 4.36202E-005 
55000 4.34597E-005 
55050 4.32997E-005 
55100 4.31405E-005 
55150 4.2982E-005 
55200 4.28242E-005 
55250 4.26672E-005 
55300 4.25108E-005 
55350 4.23554E-005 
55400 4.22008E-005 
55450 4.20468E-005 
55500 4.18935E-005 
55550 4.17407E-005 
55600 4.15886E-005 
55650 4.14373E-005 
55700 4.12866E-005 
55750 4.11366E-005 
55800 4.09872E-005 
55850 4.08386E-005 
55900 4.06906E-005 
55950 4.05433E-005 
56000 4.03967E-005 
56050 4.02508E-005 
56100 4.01055E-005 
56150 3.99609E-005 
56200 3.98169E-005 
56250 3.96736E-005 
56300 3.95309E-005 
56350 3.93889E-005 
56400 3.92475E-005 
56450 3.91068E-005 
56500 3.89666E-005 
56550 3.88271E-005 
56600 3.86883E-005 
56650 3.855E-005 
56700 3.84124E-005 
56750 3.82754E-005 
56800 3.8139E-005 
56850 3.80032E-005 
56900 3.7868E-005 
56950 3.77335E-005 
57000 3.75995E-005 
57050 3.74661E-005 
57100 3.73333E-005 
57150 3.72011E-005 
57200 3.70696E-005 
57250 3.69385E-005 
57300 3.68081E-005 
57350 3.66782E-005 
57400 3.65489E-005 
57450 3.64202E-005 
57500 3.62921E-005 
57550 3.61645E-005 
57600 3.60374E-005 
57650 3.5911E-005 
57700 3.57851E-005 
57750 3.56597E-005 
57800 3.55349E-005 
57850 3.54106E-005 
57900 3.52869E-005 
57950 3.51637E-005 
58000 3.5041E-005 
58050 3.49189E-005 
58100 3.47974E-005 
58150 3.46763E-005 
58200 3.45558E-005 
58250 3.44358E-005 
58300 3.43163E-005 
58350 3.41974E-005 
58400 3.4079E-005 
58450 3.3961E-005 
58500 3.38436E-005 
58550 3.37267E-005 
58600 3.36103E-005 
58650 3.34944E-005 
58700 3.3379E-005 
58750 3.32642E-005 
58800 3.31498E-005 
58850 3.30358E-005 
58900 3.29224E-005 
58950 3.28095E-005 
59000 3.26971E-005 
59050 3.25851E-005 
59100 3.24736E-005 
59150 3.23626E-005 
59200 3.22521E-005 
59250 3.2142E-005 
59300 3.20324E-005 
59350 3.19233E-005 
59400 3.18147E-005 
59450 3.17064E-005 
59500 3.15987E-005 
59550 3.14915E-005 
59600 3.13846E-005 
59650 3.12783E-005 
59700 3.11723E-005 
59750 3.10669E-005 
59800 3.09619E-005 
59850 3.08573E-005 
59900 3.07531E-005 
59950 3.06494E-005 
60000 3.05461E-005 
60050 3.04433E-005 
60100 3.03409E-005 
60150 3.0239E-005 
60200 3.01374E-005 
60250 3.00363E-005 
60300 2.99356E-005 
60350 2.98354E-005 
60400 2.97356E-005 
60450 2.96362E-005 
60500 2.95371E-005 
60550 2.94386E-005 
60600 2.93404E-005 
60650 2.92426E-005 
60700 2.91453E-005 
60750 2.90483E-005 
60800 2.89518E-005 
60850 2.88557E-005 
60900 2.87599E-005 
60950 2.86646E-005 
61000 2.85697E-005 
61050 2.84751E-005 
61100 2.8381E-005 
61150 2.82872E-005 
61200 2.81939E-005 
61250 2.81009E-005 
61300 2.80083E-005 
61350 2.7916E-005 
61400 2.78242E-005 
61450 2.77327E-005 
61500 2.76416E-005 
61550 2.75509E-005 
61600 2.74606E-005 
61650 2.73706E-005 
61700 2.7281E-005 
61750 2.71917E-005 
61800 2.71028E-005 
61850 2.70143E-005 
61900 2.69261E-005 
61950 2.68383E-005 
62000 2.67509E-005 
62050 2.66638E-005 
62100 2.65771E-005 
62150 2.64907E-005 
62200 2.64047E-005 
62250 2.6319E-005 
62300 2.62337E-005 
62350 2.61487E-005 
62400 2.60641E-005 
62450 2.59798E-005 
62500 2.58959E-005 
62550 2.58123E-005 
62600 2.5729E-005 
62650 2.56461E-005 
62700 2.55635E-005 
62750 2.54812E-005 
62800 2.53993E-005 
62850 2.53177E-005 
62900 2.52364E-005 
62950 2.51555E-005 
63000 2.50749E-005 
63050 2.49946E-005 
63100 2.49146E-005 
63150 2.48349E-005 
63200 2.47555E-005 
63250 2.46765E-005 
63300 2.45978E-005 
63350 2.45194E-005 
63400 2.44413E-005 
63450 2.43635E-005 
63500 2.4286E-005 
63550 2.42089E-005 
63600 2.4132E-005 
63650 2.40555E-005 
63700 2.39792E-005 
63750 2.39033E-005 
63800 2.38276E-005 
63850 2.37523E-005 
63900 2.36772E-005 
63950 2.36025E-005 
64000 2.3528E-005 
64050 2.34539E-005 
64100 2.338E-005 
64150 2.33065E-005 
64200 2.32332E-005 
64250 2.31602E-005 
64300 2.30875E-005 
64350 2.30151E-005 
64400 2.29429E-005 
64450 2.28711E-005 
64500 2.27995E-005 
64550 2.27283E-005 
64600 2.26573E-005 
64650 2.25865E-005 
64700 2.25161E-005 
64750 2.24459E-005 
64800 2.2376E-005 
64850 2.23064E-005 
64900 2.2237E-005 
64950 2.21679E-005 
65000 2.20991E-005 
65050 2.20305E-005 
65100 2.19622E-005 
65150 2.18942E-005 
65200 2.18264E-005 
65250 2.17589E-005 
65300 2.16917E-005 
65350 2.16247E-005 
65400 2.1558E-005 
65450 2.14915E-005 
65500 2.14253E-005 
65550 2.13594E-005 
65600 2.12937E-005 
65650 2.12282E-005 
65700 2.1163E-005 
65750 2.10981E-005 
65800 2.10334E-005 
65850 2.09689E-005 
65900 2.09047E-005 
65950 2.08408E-005 
66000 2.07771E-005 
66050 2.07136E-005 
66100 2.06504E-005 
66150 2.05874E-005 
66200 2.05247E-005 
66250 2.04622E-005 
66300 2.03999E-005 
66350 2.03379E-005 
66400 2.02761E-005 
66450 2.02145E-005 
66500 2.01532E-005 
66550 2.00921E-005 
66600 2.00313E-005 
66650 1.99706E-005 
66700 1.99103E-005 
66750 1.98501E-005 
66800 1.97901E-005 
66850 1.97304E-005 
66900 1.96709E-005 
66950 1.96117E-005 
67000 1.95526E-005 
67050 1.94938E-005 
67100 1.94352E-005 
67150 1.93768E-005 
67200 1.93186E-005 
67250 1.92607E-005 
67300 1.9203E-005 
67350 1.91455E-005 
67400 1.90882E-005 
67450 1.90311E-005 
67500 1.89743E-005 
67550 1.89176E-005 
67600 1.88612E-005 
67650 1.8805E-005 
67700 1.8749E-005 
67750 1.86932E-005 
67800 1.86377E-005 
67850 1.85823E-005 
67900 1.85271E-005 
67950 1.84722E-005 
68000 1.84174E-005 
68050 1.83628E-005 
68100 1.83084E-005 
68150 1.82543E-005 
68200 1.82003E-005 
68250 1.81465E-005 
68300 1.8093E-005 
68350 1.80396E-005 
68400 1.79864E-005 
68450 1.79334E-005 
68500 1.78806E-005 
68550 1.78281E-005 
68600 1.77757E-005 
68650 1.77235E-005 
68700 1.76714E-005 
68750 1.76196E-005 
68800 1.7568E-005 
68850 1.75165E-005 
68900 1.74653E-005 
68950 1.74142E-005 
69000 1.73633E-005 
69050 1.73126E-005 
69100 1.72621E-005 
69150 1.72118E-005 
69200 1.71617E-005 
69250 1.71117E-005 
69300 1.70619E-005 
69350 1.70123E-005 
69400 1.69629E-005 
69450 1.69137E-005 
69500 1.68646E-005 
69550 1.68157E-005 
69600 1.6767E-005 
69650 1.67185E-005 
69700 1.66702E-005 
69750 1.6622E-005 
69800 1.6574E-005 
69850 1.65262E-005 
69900 1.64785E-005 
69950 1.6431E-005 
70000 1.63837E-005 
70050 1.63366E-005 
70100 1.62896E-005 
70150 1.62428E-005 
70200 1.61962E-005 
70250 1.61498E-005 
70300 1.61035E-005 
70350 1.60573E-005 
70400 1.60114E-005 
70450 1.59656E-005 
70500 1.592E-005 
70550 1.58745E-005 
70600 1.58292E-005 
70650 1.5784E-005 
70700 1.57391E-005 
70750 1.56942E-005 
70800 1.56496E-005 
70850 1.56051E-005 
70900 1.55607E-005 
70950 1.55166E-005 
71000 1.54725E-005 
71050 1.54287E-005 
71100 1.53849E-005 
71150 1.53414E-005 
71200 1.5298E-005 
71250 1.52547E-005 
71300 1.52116E-005 
71350 1.51687E-005 
71400 1.51259E-005 
71450 1.50832E-005 
71500 1.50407E-005 
71550 1.49984E-005 
71600 1.49562E-005 
71650 1.49141E-005 
71700 1.48722E-005 
71750 1.48305E-005 
71800 1.47889E-005 
71850 1.47474E-005 
71900 1.47061E-005 
71950 1.46649E-005 
72000 1.46239E-005 
72050 1.4583E-005 
72100 1.45423E-005 
72150 1.45017E-005 
72200 1.44612E-005 
72250 1.44209E-005 
72300 1.43807E-005 
72350 1.43407E-005 
72400 1.43008E-005 
72450 1.4261E-005 
72500 1.42214E-005 
72550 1.41819E-005 
72600 1.41425E-005 
72650 1.41033E-005 
72700 1.40642E-005 
72750 1.40253E-005 
72800 1.39865E-005 
72850 1.39478E-005 
72900 1.39093E-005 
72950 1.38709E-005 
73000 1.38326E-005 
73050 1.37945E-005 
73100 1.37564E-005 
73150 1.37186E-005 
73200 1.36808E-005 
73250 1.36432E-005 
73300 1.36057E-005 
73350 1.35683E-005 
73400 1.35311E-005 
73450 1.3494E-005 
73500 1.3457E-005 
73550 1.34202E-005 
73600 1.33835E-005 
73650 1.33469E-005 
73700 1.33104E-005 
73750 1.32741E-005 
73800 1.32379E-005 
73850 1.32018E-005 
73900 1.31658E-005 
73950 1.313E-005 
74000 1.30943E-005 
74050 1.30587E-005 
74100 1.30232E-005 
74150 1.29878E-005 
74200 1.29526E-005 
74250 1.29175E-005 
74300 1.28824E-005 
74350 1.28476E-005 
74400 1.28128E-005 
74450 1.27781E-005 
74500 1.27436E-005 
74550 1.27092E-005 
74600 1.26749E-005 
74650 1.26407E-005 
74700 1.26066E-005 
74750 1.25726E-005 
74800 1.25388E-005 
74850 1.25051E-005 
74900 1.24714E-005 
74950 1.24379E-005 
75000 1.24045E-005 
75050 1.23713E-005 
75100 1.23381E-005 
75150 1.23051E-005 
75200 1.22721E-005 
75250 1.22393E-005 
75300 1.22066E-005 
75350 1.2174E-005 
75400 1.21415E-005 
75450 1.21091E-005 
75500 1.20768E-005 
75550 1.20446E-005 
75600 1.20125E-005 
75650 1.19806E-005 
75700 1.19487E-005 
75750 1.1917E-005 
75800 1.18853E-005 
75850 1.18538E-005 
75900 1.18223E-005 
75950 1.1791E-005 
76000 1.17598E-005 
76050 1.17287E-005 
76100 1.16976E-005 
76150 1.16667E-005 
76200 1.16359E-005 
76250 1.16052E-005 
76300 1.15746E-005 
76350 1.15441E-005 
76400 1.15136E-005 
76450 1.14833E-005 
76500 1.14531E-005 
76550 1.1423E-005 
76600 1.1393E-005 
76650 1.13631E-005 
76700 1.13333E-005 
76750 1.13036E-005 
76800 1.12739E-005 
76850 1.12444E-005 
76900 1.1215E-005 
76950 1.11857E-005 
77000 1.11564E-005 
77050 1.11273E-005 
77100 1.10982E-005 
77150 1.10693E-005 
77200 1.10404E-005 
77250 1.10117E-005 
77300 1.0983E-005 
77350 1.09544E-005 
77400 1.09259E-005 
77450 1.08976E-005 
77500 1.08693E-005 
77550 1.08411E-005 
77600 1.08129E-005 
77650 1.07849E-005 
77700 1.0757E-005 
77750 1.07291E-005 
77800 1.07014E-005 
77850 1.06737E-005 
77900 1.06462E-005 
77950 1.06187E-005 
78000 1.05913E-005 
78050 1.0564E-005 
78100 1.05368E-005 
78150 1.05096E-005 
78200 1.04826E-005 
78250 1.04556E-005 
78300 1.04288E-005 
78350 1.0402E-005 
78400 1.03753E-005 
78450 1.03487E-005 
78500 1.03221E-005 
78550 1.02957E-005 
78600 1.02694E-005 
78650 1.02431E-005 
78700 1.02169E-005 
78750 1.01908E-005 
78800 1.01647E-005 
78850 1.01388E-005 
78900 1.01129E-005 
78950 1.00872E-005 
79000 1.00615E-005 
79050 1.00359E-005 
79100 1.00103E-005 
79150 9.98487E-006 
79200 9.9595E-006 
79250 9.93421E-006 
79300 9.909E-006 
79350 9.88388E-006 
79400 9.85884E-006 
79450 9.83388E-006 
79500 9.809E-006 
79550 9.7842E-006 
79600 9.75947E-006 
79650 9.73483E-006 
79700 9.71026E-006 
79750 9.68577E-006 
79800 9.66135E-006 
79850 9.63702E-006 
79900 9.61276E-006 
79950 9.58857E-006 
80000 9.56447E-006 
80050 9.54044E-006 
80100 9.51648E-006 
80150 9.4926E-006 
80200 9.46879E-006 
80250 9.44506E-006 
80300 9.42141E-006 
80350 9.39783E-006 
80400 9.37432E-006 
80450 9.35088E-006 
80500 9.32752E-006 
80550 9.30423E-006 
80600 9.28102E-006 
80650 9.25787E-006 
80700 9.2348E-006 
80750 9.2118E-006 
80800 9.18888E-006 
80850 9.16602E-006 
80900 9.14323E-006 
80950 9.12052E-006 
81000 9.09788E-006 
81050 9.0753E-006 
81100 9.0528E-006 
81150 9.03036E-006 
81200 9.008E-006 
81250 8.98571E-006 
81300 8.96348E-006 
81350 8.94132E-006 
81400 8.91923E-006 
81450 8.89721E-006 
81500 8.87526E-006 
81550 8.85338E-006 
81600 8.83156E-006 
81650 8.80981E-006 
81700 8.78813E-006 
81750 8.76651E-006 
81800 8.74496E-006 
81850 8.72348E-006 
81900 8.70206E-006 
81950 8.68071E-006 
82000 8.65942E-006 
82050 8.6382E-006 
82100 8.61705E-006 
82150 8.59595E-006 
82200 8.57493E-006 
82250 8.55397E-006 
82300 8.53307E-006 
82350 8.51223E-006 
82400 8.49146E-006 
82450 8.47075E-006 
82500 8.45011E-006 
82550 8.42953E-006 
82600 8.40901E-006 
82650 8.38855E-006 
82700 8.36816E-006 
82750 8.34783E-006 
82800 8.32756E-006 
82850 8.30735E-006 
82900 8.2872E-006 
82950 8.26712E-006 
83000 8.24709E-006 
83050 8.22712E-006 
83100 8.20722E-006 
83150 8.18737E-006 
83200 8.16758E-006 
83250 8.14785E-006 
83300 8.12818E-006 
83350 8.10857E-006 
83400 8.08902E-006 
83450 8.06953E-006 
83500 8.0501E-006 
83550 8.03073E-006 
83600 8.01141E-006 
83650 7.99215E-006 
83700 7.97295E-006 
83750 7.95381E-006 
83800 7.93473E-006 
83850 7.9157E-006 
83900 7.89673E-006 
83950 7.87782E-006 
84000 7.85896E-006 
84050 7.84016E-006 
84100 7.82143E-006 
84150 7.80275E-006 
84200 7.78412E-006 
84250 7.76555E-006 
84300 7.74703E-006 
84350 7.72857E-006 
84400 7.71017E-006 
84450 7.69181E-006 
84500 7.67352E-006 
84550 7.65528E-006 
84600 7.63709E-006 
84650 7.61896E-006 
84700 7.60088E-006 
84750 7.58285E-006 
84800 7.56488E-006 
84850 7.54696E-006 
84900 7.5291E-006 
84950 7.51128E-006 
85000 7.49352E-006 
85050 7.47581E-006 
85100 7.45815E-006 
85150 7.44054E-006 
85200 7.42298E-006 
85250 7.40548E-006 
85300 7.38802E-006 
85350 7.37062E-006 
85400 7.35327E-006 
85450 7.33597E-006 
85500 7.31873E-006 
85550 7.30153E-006 
85600 7.28438E-006 
85650 7.26728E-006 
85700 7.25024E-006 
85750 7.23324E-006 
85800 7.21629E-006 
85850 7.19939E-006 
85900 7.18255E-006 
85950 7.16575E-006 
86000 7.149E-006 
86050 7.1323E-006 
86100 7.11564E-006 
86150 7.09904E-006 
86200 7.08249E-006 
86250 7.06598E-006 
86300 7.04952E-006 
86350 7.03311E-006 
86400 7.01675E-006 
86450 7.00043E-006 
86500 6.98417E-006 
86550 6.96795E-006 
86600 6.95178E-006 
86650 6.93566E-006 
86700 6.91958E-006 
86750 6.90355E-006 
86800 6.88757E-006 
86850 6.87163E-006 
86900 6.85574E-006 
86950 6.83989E-006 
87000 6.8241E-006 
87050 6.80834E-006 
87100 6.79263E-006 
87150 6.77697E-006 
87200 6.76135E-006 
87250 6.74578E-006 
87300 6.73025E-006 
87350 6.71477E-006 
87400 6.69933E-006 
87450 6.68394E-006 
87500 6.66859E-006 
87550 6.65328E-006 
87600 6.63802E-006 
87650 6.6228E-006 
87700 6.60763E-006 
87750 6.5925E-006 
87800 6.57741E-006 
87850 6.56236E-006 
87900 6.54736E-006 
87950 6.5324E-006 
88000 6.51749E-006 
88050 6.50261E-006 
88100 6.48778E-006 
88150 6.47298E-006 
88200 6.45824E-006 
88250 6.44353E-006 
88300 6.42886E-006 
88350 6.41424E-006 
88400 6.39966E-006 
88450 6.38512E-006 
88500 6.37062E-006 
88550 6.35616E-006 
88600 6.34174E-006 
88650 6.32737E-006 
88700 6.31303E-006 
88750 6.29873E-006 
88800 6.28448E-006 
88850 6.27026E-006 
88900 6.25609E-006 
88950 6.24196E-006 
89000 6.22786E-006 
89050 6.21381E-006 
89100 6.1998E-006 
89150 6.18583E-006 
89200 6.1719E-006 
89250 6.15801E-006 
89300 6.14416E-006 
89350 6.13034E-006 
89400 6.11656E-006 
89450 6.10283E-006 
89500 6.08913E-006 
89550 6.07547E-006 
89600 6.06185E-006 
89650 6.04827E-006 
89700 6.03472E-006 
89750 6.02122E-006 
89800 6.00775E-006 
89850 5.99431E-006 
89900 5.98092E-006 
89950 5.96756E-006 
90000 5.95424E-006 
90050 5.94096E-006 
90100 5.92771E-006 
90150 5.91451E-006 
90200 5.90133E-006 
90250 5.8882E-006 
90300 5.8751E-006 
90350 5.86203E-006 
90400 5.84901E-006 
90450 5.83602E-006 
90500 5.82306E-006 
90550 5.81014E-006 
90600 5.79726E-006 
90650 5.78441E-006 
90700 5.7716E-006 
90750 5.75883E-006 
90800 5.74608E-006 
90850 5.73338E-006 
90900 5.72071E-006 
90950 5.70807E-006 
91000 5.69548E-006 
91050 5.68291E-006 
91100 5.67038E-006 
91150 5.65788E-006 
91200 5.64542E-006 
91250 5.63299E-006 
91300 5.6206E-006 
91350 5.60824E-006 
91400 5.59591E-006 
91450 5.58362E-006 
91500 5.57137E-006 
91550 5.55914E-006 
91600 5.54695E-006 
91650 5.53479E-006 
91700 5.52267E-006 
91750 5.51058E-006 
91800 5.49852E-006 
91850 5.4865E-006 
91900 5.47451E-006 
91950 5.46255E-006 
92000 5.45062E-006 
92050 5.43873E-006 
92100 5.42687E-006 
92150 5.41504E-006 
92200 5.40324E-006 
92250 5.39148E-006 
92300 5.37974E-006 
92350 5.36804E-006 
92400 5.35637E-006 
92450 5.34474E-006 
92500 5.33313E-006 
92550 5.32156E-006 
92600 5.31002E-006 
92650 5.2985E-006 
92700 5.28702E-006 
92750 5.27558E-006 
92800 5.26416E-006 
92850 5.25277E-006 
92900 5.24142E-006 
92950 5.23009E-006 
93000 5.21879E-006 
93050 5.20753E-006 
93100 5.1963E-006 
93150 5.1851E-006 
93200 5.17392E-006 
93250 5.16278E-006 
93300 5.15167E-006 
93350 5.14059E-006 
93400 5.12953E-006 
93450 5.11851E-006 
93500 5.10752E-006 
93550 5.09656E-006 
93600 5.08562E-006 
93650 5.07472E-006 
93700 5.06384E-006 
93750 5.05299E-006 
93800 5.04218E-006 
93850 5.03139E-006 
93900 5.02063E-006 
93950 5.0099E-006 
94000 4.99919E-006 
94050 4.98852E-006 
94100 4.97788E-006 
94150 4.96726E-006 
94200 4.95667E-006 
94250 4.94611E-006 
94300 4.93558E-006 
94350 4.92507E-006 
94400 4.9146E-006 
94450 4.90415E-006 
94500 4.89373E-006 
94550 4.88334E-006 
94600 4.87297E-006 
94650 4.86263E-006 
94700 4.85233E-006 
94750 4.84204E-006 
94800 4.83179E-006 
94850 4.82156E-006 
94900 4.81136E-006 
94950 4.80118E-006 
95000 4.79103E-006 
95050 4.78091E-006 
95100 4.77082E-006 
95150 4.76075E-006 
95200 4.75071E-006 
95250 4.74069E-006 
95300 4.7307E-006 
95350 4.72074E-006 
95400 4.7108E-006 
95450 4.70089E-006 
95500 4.69101E-006 
95550 4.68115E-006 
95600 4.67132E-006 
95650 4.66151E-006 
95700 4.65173E-006 
95750 4.64198E-006 
95800 4.63225E-006 
95850 4.62254E-006 
95900 4.61286E-006 
95950 4.60321E-006 
96000 4.59358E-006 
96050 4.58398E-006 
96100 4.5744E-006 
96150 4.56485E-006 
96200 4.55532E-006 
96250 4.54582E-006 
96300 4.53634E-006 
96350 4.52689E-006 
96400 4.51746E-006 
96450 4.50805E-006 
96500 4.49867E-006 
96550 4.48932E-006 
96600 4.47999E-006 
96650 4.47068E-006 
96700 4.4614E-006 
96750 4.45215E-006 
96800 4.44292E-006 
96850 4.43371E-006 
96900 4.42452E-006 
96950 4.41536E-006 
97000 4.40623E-006 
97050 4.39711E-006 
97100 4.38802E-006 
97150 4.37896E-006 
97200 4.36991E-006 
97250 4.36089E-006 
97300 4.35189E-006 
97350 4.34292E-006 
97400 4.33397E-006 
97450 4.32505E-006 
97500 4.31614E-006 
97550 4.30726E-006 
97600 4.2984E-006 
97650 4.28957E-006 
97700 4.28075E-006 
97750 4.27196E-006 
97800 4.2632E-006 
97850 4.25445E-006 
97900 4.24573E-006 
97950 4.23703E-006 
98000 4.22835E-006 
98050 4.21969E-006 
98100 4.21106E-006 
98150 4.20245E-006 
98200 4.19385E-006 
98250 4.18529E-006 
98300 4.17674E-006 
98350 4.16821E-006 
98400 4.15971E-006 
98450 4.15123E-006 
98500 4.14277E-006 
98550 4.13433E-006 
98600 4.12592E-006 
98650 4.11752E-006 
98700 4.10915E-006 
98750 4.10079E-006 
98800 4.09246E-006 
98850 4.08415E-006 
98900 4.07586E-006 
98950 4.06759E-006 
99000 4.05935E-006 
99050 4.05112E-006 
99100 4.04291E-006 
99150 4.03472E-006 
99200 4.02655E-006 
99250 4.01841E-006 
99300 4.01028E-006 
99350 4.00218E-006 
99400 3.99409E-006 
99450 3.98603E-006 
99500 3.97799E-006 
99550 3.96997E-006 
99600 3.96197E-006 
99650 3.95399E-006 
99700 3.94604E-006 
99750 3.9381E-006 
99800 3.93018E-006 
99850 3.92228E-006 
99900 3.91441E-006 
99950 3.90655E-006 
100000 3.89871E-006 
