#F U:\Beamline I20\I20-2_EDE\ME2 and filters heat load\FINAL-83mm-wiggler\Filters\matlab\SiC-1p5mm.dat
#C SiC 1.5mm
#S 1 File written by xplot on Thu Oct 20 16:07:09 2011
#N 2
#L    Photon Energy [eV]  Intens after oe #1
50 0 
100 0 
150 0 
200 0 
250 0 
300 0 
350 0 
400 0 
450 0 
500 0 
550 0 
600 0 
650 0 
700 0 
750 0 
800 0 
850 0 
900 0 
950 0 
1000 0 
1050 0 
1100 0 
1150 0 
1200 0 
1250 0 
1300 0 
1350 0 
1400 0 
1450 0 
1500 0 
1550 0 
1600 0 
1650 0 
1700 0 
1750 0 
1800 0 
1850 0 
1900 0 
1950 0 
2000 0 
2050 0 
2100 0 
2150 0 
2200 0 
2250 0 
2300 0 
2350 0 
2400 0 
2450 0 
2500 0 
2550 0 
2600 0 
2650 0 
2700 0 
2750 0 
2800 0 
2850 0 
2900 0 
2950 0 
3000 0 
3050 0 
3100 0 
3150 0 
3200 0 
3250 0 
3300 0 
3350 0 
3400 0 
3450 0 
3500 0 
3550 0 
3600 0 
3650 0 
3700 0 
3750 0 
3800 0 
3850 0 
3900 0 
3950 0 
4000 0 
4050 0 
4100 0 
4150 0 
4200 0 
4250 0 
4300 0 
4350 0 
4400 0 
4450 0 
4500 0 
4550 0 
4600 0 
4650 0 
4700 1.12104E-044 
4750 1.98984E-043 
4800 3.49063E-042 
4850 5.17836E-041 
4900 7.25332E-040 
4950 8.91423E-039 
5000 1.02208E-037 
5050 1.05333E-036 
5100 1.00902E-035 
5150 8.82897E-035 
5200 7.20143E-034 
5250 5.41077E-033 
5300 3.82191E-032 
5350 2.49284E-031 
5400 1.54824E-030 
5450 8.85467E-030 
5500 4.90058E-029 
5550 2.47983E-028 
5600 1.23755E-027 
5650 5.59091E-027 
5700 2.52583E-026 
5750 1.03366E-025 
5800 4.20122E-025 
5850 1.59319E-024 
5900 5.86896E-024 
5950 2.0787E-023 
6000 6.99033E-023 
6050 2.32825E-022 
6100 7.19008E-022 
6150 2.22044E-021 
6200 6.46319E-021 
6250 1.84436E-020 
6300 5.133E-020 
6350 1.36061E-019 
6400 3.60653E-019 
6450 8.9987E-019 
6500 2.22722E-018 
6550 5.38119E-018 
6600 1.24939E-017 
6650 2.9008E-017 
6700 6.4133E-017 
6750 1.40305E-016 
6800 3.03254E-016 
6850 6.27761E-016 
6900 1.29953E-015 
6950 2.61301E-015 
7000 5.13747E-015 
7050 1.0101E-014 
7100 1.90605E-014 
7150 3.57232E-014 
7200 6.66601E-014 
7250 1.19487E-013 
7300 2.14176E-013 
7350 3.794E-013 
7400 6.52398E-013 
7450 1.12183E-012 
7500 1.89847E-012 
7550 3.14132E-012 
7600 5.1978E-012 
7650 8.45018E-012 
7700 1.34888E-011 
7750 2.15317E-011 
7800 3.37916E-011 
7850 5.21715E-011 
7900 8.05477E-011 
7950 1.22563E-010 
8000 1.83447E-010 
8050 2.74574E-010 
8100 4.06621E-010 
8150 5.91328E-010 
8200 8.59933E-010 
8250 1.24357E-009 
8300 1.76061E-009 
8350 2.49263E-009 
8400 3.529E-009 
8450 4.87472E-009 
8500 6.73139E-009 
8550 9.29522E-009 
8600 1.2629E-008 
8650 1.70404E-008 
8700 2.29927E-008 
8750 3.07893E-008 
8800 4.06575E-008 
8850 5.36885E-008 
8900 7.08961E-008 
8950 9.18819E-008 
9000 1.18931E-007 
9050 1.53944E-007 
9100 1.97581E-007 
9150 2.51034E-007 
9200 3.18947E-007 
9250 4.05233E-007 
9300 5.0687E-007 
9350 6.32976E-007 
9400 7.90456E-007 
9450 9.82574E-007 
9500 1.20749E-006 
9550 1.48388E-006 
9600 1.82355E-006 
9650 2.22112E-006 
9700 2.68919E-006 
9750 3.25591E-006 
9800 3.94206E-006 
9850 4.7179E-006 
9900 5.6336E-006 
9950 6.72703E-006 
10000 8.03267E-006 
10050 9.46941E-006 
10100 1.11631E-005 
10150 1.31598E-005 
10200 1.54968E-005 
10250 1.8051E-005 
10300 2.1026E-005 
10350 2.44914E-005 
10400 2.8496E-005 
10450 3.28295E-005 
10500 3.78221E-005 
10550 4.35738E-005 
10600 5.01806E-005 
10650 5.7219E-005 
10700 6.52446E-005 
10750 7.4396E-005 
10800 8.48308E-005 
10850 9.59055E-005 
10900 0.000108316 
10950 0.000122332 
11000 0.000138163 
11050 0.000155125 
11100 0.000173659 
11150 0.000194409 
11200 0.000217637 
11250 0.000242922 
11300 0.000269721 
11350 0.000299477 
11400 0.000332516 
11450 0.0003692 
11500 0.000406912 
11550 0.000448366 
11600 0.000494044 
11650 0.000544375 
11700 0.000597762 
11750 0.000654024 
11800 0.000715582 
11850 0.000782935 
11900 0.000856626 
11950 0.000931566 
12000 0.00101255 
12050 0.00110058 
12100 0.00119627 
12150 0.00129816 
12200 0.00140248 
12250 0.00151519 
12300 0.00163696 
12350 0.00176851 
12400 0.00190502 
12450 0.00204655 
12500 0.00219859 
12550 0.00236192 
12600 0.00253739 
12650 0.00271611 
12700 0.00290258 
12750 0.00310186 
12800 0.00331482 
12850 0.00354241 
12900 0.00377187 
12950 0.00401132 
13000 0.00426597 
13050 0.0045368 
13100 0.00482481 
13150 0.00511449 
13200 0.00541472 
13250 0.00573257 
13300 0.0060691 
13350 0.00642536 
13400 0.00678575 
13450 0.00715417 
13500 0.0075426 
13550 0.00795211 
13600 0.00838385 
13650 0.00882657 
13700 0.00926976 
13750 0.00973523 
13800 0.010224 
13850 0.0107374 
13900 0.0112752 
13950 0.0117987 
14000 0.0123465 
14050 0.0129197 
14100 0.0135196 
14150 0.0141472 
14200 0.0147746 
14250 0.0154092 
14300 0.016071 
14350 0.0167612 
14400 0.017481 
14450 0.0182287 
14500 0.0189532 
14550 0.0197065 
14600 0.0204897 
14650 0.0213042 
14700 0.0221509 
14750 0.0230043 
14800 0.02385 
14850 0.0247268 
14900 0.0256358 
14950 0.0265782 
15000 0.0275553 
15050 0.0285189 
15100 0.0294886 
15150 0.0304912 
15200 0.0315279 
15250 0.0325998 
15300 0.0337082 
15350 0.0347884 
15400 0.0358833 
15450 0.0370127 
15500 0.0381776 
15550 0.0393792 
15600 0.0406186 
15650 0.0418212 
15700 0.0430384 
15750 0.0442909 
15800 0.04558 
15850 0.0469065 
15900 0.0482717 
15950 0.0496052 
16000 0.0509412 
16050 0.0523134 
16100 0.0537224 
16150 0.0551694 
16200 0.0566554 
16250 0.0581293 
16300 0.0595782 
16350 0.0610632 
16400 0.0625852 
16450 0.0641452 
16500 0.0657441 
16550 0.0673688 
16600 0.068922 
16650 0.0705111 
16700 0.0721367 
16750 0.0737999 
16800 0.0755014 
16850 0.0772422 
16900 0.0789374 
16950 0.0806215 
17000 0.0823416 
17050 0.0840983 
17100 0.0858926 
17150 0.0877251 
17200 0.0895899 
17250 0.0913579 
17300 0.0931609 
17350 0.0949994 
17400 0.0968742 
17450 0.098786 
17500 0.100735 
17550 0.102676 
17600 0.104551 
17650 0.106461 
17700 0.108405 
17750 0.110385 
17800 0.112402 
17850 0.114455 
17900 0.116472 
17950 0.118439 
18000 0.12044 
18050 0.122475 
18100 0.124544 
18150 0.126647 
18200 0.128787 
18250 0.130886 
18300 0.132932 
18350 0.135011 
18400 0.137122 
18450 0.139266 
18500 0.141444 
18550 0.143656 
18600 0.145843 
18650 0.147952 
18700 0.150092 
18750 0.152262 
18800 0.154464 
18850 0.156698 
18900 0.158964 
18950 0.161249 
19000 0.163407 
19050 0.165594 
19100 0.167811 
19150 0.170057 
19200 0.172333 
19250 0.174639 
19300 0.176976 
19350 0.179226 
19400 0.181445 
19450 0.183691 
19500 0.185965 
19550 0.188268 
19600 0.190599 
19650 0.192959 
19700 0.195326 
19750 0.197564 
19800 0.199826 
19850 0.202115 
19900 0.20443 
19950 0.206771 
20000 0.209139 
20050 0.211535 
20100 0.213882 
20150 0.216149 
20200 0.21844 
20250 0.220755 
20300 0.223095 
20350 0.225459 
20400 0.227849 
20450 0.230264 
20500 0.232601 
20550 0.234882 
20600 0.237185 
20650 0.239511 
20700 0.24186 
20750 0.244231 
20800 0.246626 
20850 0.249045 
20900 0.251384 
20950 0.253665 
21000 0.255966 
21050 0.258288 
21100 0.260631 
21150 0.262996 
21200 0.265382 
21250 0.267789 
21300 0.270146 
21350 0.272413 
21400 0.274699 
21450 0.277004 
21500 0.279328 
21550 0.281672 
21600 0.284036 
21650 0.28642 
21700 0.28881 
21750 0.291052 
21800 0.293313 
21850 0.29559 
21900 0.297886 
21950 0.300199 
22000 0.302531 
22050 0.30488 
22100 0.307248 
22150 0.309528 
22200 0.311752 
22250 0.313991 
22300 0.316247 
22350 0.318519 
22400 0.320808 
22450 0.323113 
22500 0.325434 
22550 0.327772 
22600 0.329961 
22650 0.332154 
22700 0.334361 
22750 0.336584 
22800 0.338821 
22850 0.341072 
22900 0.343339 
22950 0.345621 
23000 0.347897 
23050 0.350037 
23100 0.35219 
23150 0.354356 
23200 0.356535 
23250 0.358728 
23300 0.360934 
23350 0.363154 
23400 0.365388 
23450 0.367613 
23500 0.369705 
23550 0.371808 
23600 0.373923 
23650 0.376051 
23700 0.37819 
23750 0.380342 
23800 0.382506 
23850 0.384682 
23900 0.386871 
23950 0.388914 
24000 0.390962 
24050 0.393021 
24100 0.39509 
24150 0.397171 
24200 0.399262 
24250 0.401365 
24300 0.403478 
24350 0.405603 
24400 0.40764 
24450 0.409625 
24500 0.41162 
24550 0.413625 
24600 0.41564 
24650 0.417664 
24700 0.419699 
24750 0.421743 
24800 0.423797 
24850 0.425848 
24900 0.427767 
24950 0.429695 
25000 0.431632 
25050 0.433577 
25100 0.435532 
25150 0.437495 
25200 0.439467 
25250 0.441447 
25300 0.443437 
25350 0.445381 
25400 0.447238 
25450 0.449103 
25500 0.450976 
25550 0.452857 
25600 0.454745 
25650 0.456642 
25700 0.458546 
25750 0.460458 
25800 0.462379 
25850 0.46424 
25900 0.466031 
25950 0.467829 
26000 0.469634 
26050 0.471446 
26100 0.473265 
26150 0.475091 
26200 0.476924 
26250 0.478764 
26300 0.480612 
26350 0.482416 
26400 0.484138 
26450 0.485867 
26500 0.487602 
26550 0.489343 
26600 0.49109 
26650 0.492844 
26700 0.494603 
26750 0.49637 
26800 0.498142 
26850 0.499912 
26900 0.501563 
26950 0.50322 
27000 0.504883 
27050 0.50655 
27100 0.508224 
27150 0.509903 
27200 0.511587 
27250 0.513277 
27300 0.514973 
27350 0.516674 
27400 0.518308 
27450 0.519893 
27500 0.521482 
27550 0.523076 
27600 0.524675 
27650 0.526278 
27700 0.527887 
27750 0.529501 
27800 0.531119 
27850 0.532743 
27900 0.534371 
27950 0.535899 
28000 0.537414 
28050 0.538934 
28100 0.540458 
28150 0.541987 
28200 0.543519 
28250 0.545056 
28300 0.546598 
28350 0.548144 
28400 0.549694 
28450 0.551248 
28500 0.552697 
28550 0.554143 
28600 0.555594 
28650 0.557048 
28700 0.558506 
28750 0.559967 
28800 0.561433 
28850 0.562902 
28900 0.564375 
28950 0.565852 
29000 0.567333 
29050 0.568727 
29100 0.570104 
29150 0.571485 
29200 0.572869 
29250 0.574256 
29300 0.575647 
29350 0.577041 
29400 0.578438 
29450 0.579839 
29500 0.581244 
29550 0.582651 
29600 0.584011 
29650 0.58532 
29700 0.586632 
29750 0.587947 
29800 0.589265 
29850 0.590585 
29900 0.591909 
29950 0.593235 
30000 0.594565 
30050 0.595897 
30100 0.597233 
30150 0.598572 
30200 0.599821 
30250 0.601065 
30300 0.602311 
30350 0.60356 
30400 0.604812 
30450 0.606066 
30500 0.607323 
30550 0.608582 
30600 0.609845 
30650 0.611109 
30700 0.612376 
30750 0.613634 
30800 0.614812 
30850 0.615992 
30900 0.617174 
30950 0.618358 
31000 0.619545 
31050 0.620733 
31100 0.621924 
31150 0.623118 
31200 0.624314 
31250 0.625512 
31300 0.626712 
31350 0.627905 
31400 0.62902 
31450 0.630137 
31500 0.631256 
31550 0.632377 
31600 0.6335 
31650 0.634625 
31700 0.635751 
31750 0.63688 
31800 0.638011 
31850 0.639144 
31900 0.640279 
31950 0.641416 
32000 0.642483 
32050 0.643539 
32100 0.644596 
32150 0.645655 
32200 0.646716 
32250 0.647779 
32300 0.648843 
32350 0.649909 
32400 0.650977 
32450 0.652047 
32500 0.653118 
32550 0.654192 
32600 0.655239 
32650 0.656235 
32700 0.657233 
32750 0.658233 
32800 0.659234 
32850 0.660237 
32900 0.661241 
32950 0.662246 
33000 0.663254 
33050 0.664262 
33100 0.665273 
33150 0.666284 
33200 0.667298 
33250 0.668266 
33300 0.669207 
33350 0.670148 
33400 0.671091 
33450 0.672036 
33500 0.672982 
33550 0.673928 
33600 0.674877 
33650 0.675827 
33700 0.676778 
33750 0.67773 
33800 0.678684 
33850 0.679639 
33900 0.680551 
33950 0.681437 
34000 0.682325 
34050 0.683214 
34100 0.684104 
34150 0.684995 
34200 0.685887 
34250 0.68678 
34300 0.687675 
34350 0.68857 
34400 0.689467 
34450 0.690365 
34500 0.691264 
34550 0.69214 
34600 0.692974 
34650 0.693809 
34700 0.694646 
34750 0.695483 
34800 0.696321 
34850 0.697161 
34900 0.698001 
34950 0.698842 
35000 0.699685 
35050 0.700528 
35100 0.701373 
35150 0.702218 
35200 0.703065 
35250 0.703857 
35300 0.704643 
35350 0.705429 
35400 0.706216 
35450 0.707004 
35500 0.707793 
35550 0.708583 
35600 0.709373 
35650 0.710165 
35700 0.710957 
35750 0.71175 
35800 0.712545 
35850 0.71334 
35900 0.714129 
35950 0.714867 
36000 0.715605 
36050 0.716344 
36100 0.717084 
36150 0.717824 
36200 0.718565 
36250 0.719307 
36300 0.72005 
36350 0.720793 
36400 0.721538 
36450 0.722283 
36500 0.723028 
36550 0.723775 
36600 0.724519 
36650 0.725211 
36700 0.725905 
36750 0.726599 
36800 0.727293 
36850 0.727989 
36900 0.728685 
36950 0.729381 
37000 0.730079 
37050 0.730776 
37100 0.731475 
37150 0.732174 
37200 0.732874 
37250 0.733575 
37300 0.734276 
37350 0.734939 
37400 0.735589 
37450 0.73624 
37500 0.736892 
37550 0.737544 
37600 0.738196 
37650 0.738849 
37700 0.739503 
37750 0.740157 
37800 0.740812 
37850 0.741468 
37900 0.742124 
37950 0.742781 
38000 0.743438 
38050 0.744088 
38100 0.744697 
38150 0.745307 
38200 0.745918 
38250 0.746529 
38300 0.747141 
38350 0.747753 
38400 0.748365 
38450 0.748978 
38500 0.749592 
38550 0.750206 
38600 0.750821 
38650 0.751436 
38700 0.752051 
38750 0.752667 
38800 0.753271 
38850 0.753842 
38900 0.754414 
38950 0.754986 
39000 0.755559 
39050 0.756132 
39100 0.756705 
39150 0.757279 
39200 0.757854 
39250 0.758428 
39300 0.759004 
39350 0.759579 
39400 0.760155 
39450 0.760732 
39500 0.761309 
39550 0.761881 
39600 0.762416 
39650 0.762952 
39700 0.763488 
39750 0.764024 
39800 0.764561 
39850 0.765098 
39900 0.765635 
39950 0.766173 
40000 0.766711 
40050 0.767249 
40100 0.767788 
40150 0.768328 
40200 0.768867 
40250 0.769407 
40300 0.769948 
40350 0.770462 
40400 0.770963 
40450 0.771465 
40500 0.771966 
40550 0.772468 
40600 0.772971 
40650 0.773473 
40700 0.773976 
40750 0.77448 
40800 0.774983 
40850 0.775487 
40900 0.775991 
40950 0.776496 
41000 0.777001 
41050 0.777506 
41100 0.778012 
41150 0.778485 
41200 0.778954 
41250 0.779423 
41300 0.779892 
41350 0.780362 
41400 0.780832 
41450 0.781302 
41500 0.781773 
41550 0.782244 
41600 0.782715 
41650 0.783186 
41700 0.783658 
41750 0.78413 
41800 0.784602 
41850 0.785075 
41900 0.785548 
41950 0.785993 
42000 0.786431 
42050 0.78687 
42100 0.787309 
42150 0.787748 
42200 0.788188 
42250 0.788628 
42300 0.789068 
42350 0.789508 
42400 0.789949 
42450 0.790389 
42500 0.79083 
42550 0.791272 
42600 0.791713 
42650 0.792155 
42700 0.792597 
42750 0.793025 
42800 0.793435 
42850 0.793845 
42900 0.794256 
42950 0.794666 
43000 0.795077 
43050 0.795488 
43100 0.795899 
43150 0.79631 
43200 0.796722 
43250 0.797134 
43300 0.797546 
43350 0.797958 
43400 0.79837 
43450 0.798783 
43500 0.799196 
43550 0.799609 
43600 0.8 
43650 0.800384 
43700 0.800767 
43750 0.80115 
43800 0.801534 
43850 0.801918 
43900 0.802302 
43950 0.802686 
44000 0.803071 
44050 0.803455 
44100 0.80384 
44150 0.804225 
44200 0.80461 
44250 0.804996 
44300 0.805381 
44350 0.805767 
44400 0.806153 
44450 0.80652 
44500 0.806878 
44550 0.807236 
44600 0.807594 
44650 0.807952 
44700 0.808311 
44750 0.80867 
44800 0.809028 
44850 0.809387 
44900 0.809747 
44950 0.810106 
45000 0.810465 
45050 0.810825 
45100 0.811185 
45150 0.811545 
45200 0.811905 
45250 0.812265 
45300 0.812618 
45350 0.812952 
45400 0.813286 
45450 0.813621 
45500 0.813955 
45550 0.81429 
45600 0.814625 
45650 0.81496 
45700 0.815296 
45750 0.815631 
45800 0.815966 
45850 0.816302 
45900 0.816638 
45950 0.816974 
46000 0.81731 
46050 0.817646 
46100 0.817982 
46150 0.818319 
46200 0.818641 
46250 0.818953 
46300 0.819265 
46350 0.819578 
46400 0.81989 
46450 0.820203 
46500 0.820516 
46550 0.820828 
46600 0.821141 
46650 0.821455 
46700 0.821768 
46750 0.822081 
46800 0.822395 
46850 0.822708 
46900 0.823022 
46950 0.823336 
47000 0.82365 
47050 0.823964 
47100 0.824266 
47150 0.824557 
47200 0.824849 
47250 0.82514 
47300 0.825432 
47350 0.825724 
47400 0.826016 
47450 0.826308 
47500 0.8266 
47550 0.826892 
47600 0.827184 
47650 0.827477 
47700 0.827769 
47750 0.828062 
47800 0.828355 
47850 0.828647 
47900 0.82894 
47950 0.829233 
48000 0.829523 
48050 0.829795 
48100 0.830068 
48150 0.83034 
48200 0.830612 
48250 0.830884 
48300 0.831157 
48350 0.831429 
48400 0.831702 
48450 0.831975 
48500 0.832247 
48550 0.83252 
48600 0.832793 
48650 0.833066 
48700 0.833339 
48750 0.833613 
48800 0.833886 
48850 0.834159 
48900 0.834433 
48950 0.834699 
49000 0.834953 
49050 0.835207 
49100 0.835461 
49150 0.835715 
49200 0.835969 
49250 0.836223 
49300 0.836477 
49350 0.836732 
49400 0.836986 
49450 0.837241 
49500 0.837495 
49550 0.83775 
49600 0.838005 
49650 0.838259 
49700 0.838514 
49750 0.838769 
49800 0.839024 
49850 0.839279 
49900 0.83953 
49950 0.839767 
50000 0.840004 
50050 0.840241 
50100 0.840478 
50150 0.840715 
50200 0.840952 
50250 0.84119 
50300 0.841427 
50350 0.841664 
50400 0.841902 
50450 0.842139 
50500 0.842377 
50550 0.842614 
50600 0.842852 
50650 0.84309 
50700 0.843328 
50750 0.843566 
50800 0.843804 
50850 0.844042 
50900 0.844267 
50950 0.844488 
51000 0.84471 
51050 0.844931 
51100 0.845152 
51150 0.845373 
51200 0.845594 
51250 0.845816 
51300 0.846037 
51350 0.846259 
51400 0.84648 
51450 0.846702 
51500 0.846924 
51550 0.847145 
51600 0.847367 
51650 0.847589 
51700 0.847811 
51750 0.848033 
51800 0.848255 
51850 0.848477 
51900 0.848686 
51950 0.848892 
52000 0.849098 
52050 0.849304 
52100 0.849511 
52150 0.849717 
52200 0.849924 
52250 0.85013 
52300 0.850337 
52350 0.850543 
52400 0.85075 
52450 0.850957 
52500 0.851164 
52550 0.85137 
52600 0.851577 
52650 0.851784 
52700 0.851991 
52750 0.852198 
52800 0.852405 
52850 0.852612 
52900 0.852811 
52950 0.853003 
53000 0.853196 
53050 0.853388 
53100 0.853581 
53150 0.853773 
53200 0.853966 
53250 0.854158 
53300 0.854351 
53350 0.854544 
53400 0.854736 
53450 0.854929 
53500 0.855122 
53550 0.855315 
53600 0.855508 
53650 0.855701 
53700 0.855893 
53750 0.856087 
53800 0.85628 
53850 0.856473 
53900 0.856666 
53950 0.856847 
54000 0.857026 
54050 0.857206 
54100 0.857385 
54150 0.857565 
54200 0.857744 
54250 0.857924 
54300 0.858104 
54350 0.858283 
54400 0.858463 
54450 0.858643 
54500 0.858823 
54550 0.859003 
54600 0.859182 
54650 0.859362 
54700 0.859542 
54750 0.859722 
54800 0.859902 
54850 0.860082 
54900 0.860263 
54950 0.860443 
55000 0.860613 
55050 0.86078 
55100 0.860947 
55150 0.861115 
55200 0.861282 
55250 0.86145 
55300 0.861617 
55350 0.861785 
55400 0.861952 
55450 0.86212 
55500 0.862288 
55550 0.862455 
55600 0.862623 
55650 0.862791 
55700 0.862959 
55750 0.863126 
55800 0.863294 
55850 0.863462 
55900 0.86363 
55950 0.863798 
56000 0.863966 
56050 0.86413 
56100 0.864286 
56150 0.864443 
56200 0.864599 
56250 0.864755 
56300 0.864911 
56350 0.865067 
56400 0.865224 
56450 0.86538 
56500 0.865536 
56550 0.865693 
56600 0.865849 
56650 0.866005 
56700 0.866162 
56750 0.866318 
56800 0.866475 
56850 0.866631 
56900 0.866788 
56950 0.866945 
57000 0.867101 
57050 0.867258 
57100 0.867415 
57150 0.867567 
57200 0.867712 
57250 0.867858 
57300 0.868004 
57350 0.868149 
57400 0.868295 
57450 0.868441 
57500 0.868587 
57550 0.868733 
57600 0.868878 
57650 0.869024 
57700 0.86917 
57750 0.869316 
57800 0.869462 
57850 0.869608 
57900 0.869754 
57950 0.8699 
58000 0.870046 
58050 0.870192 
58100 0.870338 
58150 0.870484 
58200 0.87063 
58250 0.870776 
58300 0.870911 
58350 0.871047 
58400 0.871183 
58450 0.871319 
58500 0.871455 
58550 0.871591 
58600 0.871727 
58650 0.871863 
58700 0.871999 
58750 0.872135 
58800 0.872272 
58850 0.872408 
58900 0.872544 
58950 0.87268 
59000 0.872816 
59050 0.872952 
59100 0.873089 
59150 0.873225 
59200 0.873361 
59250 0.873497 
59300 0.873634 
59350 0.87377 
59400 0.873904 
59450 0.87403 
59500 0.874157 
59550 0.874284 
59600 0.874411 
59650 0.874538 
59700 0.874665 
59750 0.874791 
59800 0.874918 
59850 0.875045 
59900 0.875172 
59950 0.875299 
60000 0.875426 
60050 0.875553 
60100 0.87568 
60150 0.875807 
60200 0.875934 
60250 0.876061 
60300 0.876188 
60350 0.876315 
60400 0.876443 
60450 0.87657 
60500 0.876697 
60550 0.876823 
60600 0.876942 
60650 0.87706 
60700 0.877178 
60750 0.877297 
60800 0.877415 
60850 0.877533 
60900 0.877652 
60950 0.87777 
61000 0.877889 
61050 0.878007 
61100 0.878126 
61150 0.878244 
61200 0.878363 
61250 0.878481 
61300 0.8786 
61350 0.878718 
61400 0.878837 
61450 0.878955 
61500 0.879074 
61550 0.879192 
61600 0.879311 
61650 0.87943 
61700 0.879548 
61750 0.879664 
61800 0.879774 
61850 0.879885 
61900 0.879995 
61950 0.880106 
62000 0.880216 
62050 0.880327 
62100 0.880437 
62150 0.880548 
62200 0.880658 
62250 0.880769 
62300 0.880879 
62350 0.88099 
62400 0.8811 
62450 0.881211 
62500 0.881322 
62550 0.881432 
62600 0.881543 
62650 0.881654 
62700 0.881764 
62750 0.881875 
62800 0.881986 
62850 0.882096 
62900 0.882207 
62950 0.882316 
63000 0.882419 
63050 0.882522 
63100 0.882625 
63150 0.882728 
63200 0.882832 
63250 0.882935 
63300 0.883038 
63350 0.883141 
63400 0.883244 
63450 0.883347 
63500 0.883451 
63550 0.883554 
63600 0.883657 
63650 0.88376 
63700 0.883864 
63750 0.883967 
63800 0.88407 
63850 0.884173 
63900 0.884277 
63950 0.88438 
64000 0.884483 
64050 0.884587 
64100 0.88469 
64150 0.884793 
64200 0.884892 
64250 0.884989 
64300 0.885085 
64350 0.885181 
64400 0.885278 
64450 0.885374 
64500 0.88547 
64550 0.885566 
64600 0.885663 
64650 0.885759 
64700 0.885856 
64750 0.885952 
64800 0.886048 
64850 0.886145 
64900 0.886241 
64950 0.886338 
65000 0.886434 
65050 0.88653 
65100 0.886627 
65150 0.886723 
65200 0.88682 
65250 0.886916 
65300 0.887013 
65350 0.887109 
65400 0.887206 
65450 0.887299 
65500 0.887389 
65550 0.887479 
65600 0.887569 
65650 0.887659 
65700 0.887749 
65750 0.887839 
65800 0.887929 
65850 0.888019 
65900 0.888109 
65950 0.888199 
66000 0.888289 
66050 0.888379 
66100 0.888469 
66150 0.888559 
66200 0.888649 
66250 0.888739 
66300 0.888829 
66350 0.888919 
66400 0.889009 
66450 0.889099 
66500 0.889189 
66550 0.88928 
66600 0.88937 
66650 0.88946 
66700 0.88955 
66750 0.889634 
66800 0.889718 
66850 0.889802 
66900 0.889886 
66950 0.889971 
67000 0.890055 
67050 0.890139 
67100 0.890223 
67150 0.890307 
67200 0.890391 
67250 0.890475 
67300 0.890559 
67350 0.890643 
67400 0.890727 
67450 0.890812 
67500 0.890896 
67550 0.89098 
67600 0.891064 
67650 0.891148 
67700 0.891232 
67750 0.891317 
67800 0.891401 
67850 0.891485 
67900 0.891569 
67950 0.891653 
68000 0.891738 
68050 0.891817 
68100 0.891895 
68150 0.891974 
68200 0.892053 
68250 0.892131 
68300 0.89221 
68350 0.892288 
68400 0.892367 
68450 0.892446 
68500 0.892524 
68550 0.892603 
68600 0.892681 
68650 0.89276 
68700 0.892839 
68750 0.892917 
68800 0.892996 
68850 0.893075 
68900 0.893153 
68950 0.893232 
69000 0.893311 
69050 0.893389 
69100 0.893468 
69150 0.893547 
69200 0.893626 
69250 0.893704 
69300 0.893783 
69350 0.89386 
69400 0.893934 
69450 0.894007 
69500 0.894081 
69550 0.894154 
69600 0.894228 
69650 0.894301 
69700 0.894375 
69750 0.894448 
69800 0.894522 
69850 0.894595 
69900 0.894669 
69950 0.894742 
70000 0.894816 
70050 0.894889 
70100 0.894963 
70150 0.895037 
70200 0.89511 
70250 0.895184 
70300 0.895257 
70350 0.895331 
70400 0.895405 
70450 0.895478 
70500 0.895552 
70550 0.895625 
70600 0.895699 
70650 0.895773 
70700 0.895845 
70750 0.895914 
70800 0.895983 
70850 0.896052 
70900 0.89612 
70950 0.896189 
71000 0.896258 
71050 0.896327 
71100 0.896395 
71150 0.896464 
71200 0.896533 
71250 0.896602 
71300 0.896671 
71350 0.896739 
71400 0.896808 
71450 0.896877 
71500 0.896946 
71550 0.897015 
71600 0.897083 
71650 0.897152 
71700 0.897221 
71750 0.89729 
71800 0.897359 
71850 0.897428 
71900 0.897496 
71950 0.897565 
72000 0.897634 
72050 0.897703 
72100 0.89777 
72150 0.897834 
72200 0.897898 
72250 0.897963 
72300 0.898027 
72350 0.898091 
72400 0.898156 
72450 0.89822 
72500 0.898284 
72550 0.898349 
72600 0.898413 
72650 0.898477 
72700 0.898542 
72750 0.898606 
72800 0.89867 
72850 0.898735 
72900 0.898799 
72950 0.898864 
73000 0.898928 
73050 0.898993 
73100 0.899057 
73150 0.899121 
73200 0.899186 
73250 0.89925 
73300 0.899315 
73350 0.899379 
73400 0.899444 
73450 0.899508 
73500 0.899571 
73550 0.899631 
73600 0.899692 
73650 0.899752 
73700 0.899812 
73750 0.899872 
73800 0.899933 
73850 0.899993 
73900 0.900053 
73950 0.900113 
74000 0.900174 
74050 0.900234 
74100 0.900294 
74150 0.900354 
74200 0.900415 
74250 0.900475 
74300 0.900535 
74350 0.900596 
74400 0.900656 
74450 0.900716 
74500 0.900777 
74550 0.900837 
74600 0.900897 
74650 0.900958 
74700 0.901018 
74750 0.901078 
74800 0.901139 
74850 0.901199 
74900 0.901259 
74950 0.901317 
75000 0.901374 
75050 0.90143 
75100 0.901486 
75150 0.901543 
75200 0.901599 
75250 0.901656 
75300 0.901712 
75350 0.901769 
75400 0.901825 
75450 0.901882 
75500 0.901938 
75550 0.901994 
75600 0.902051 
75650 0.902107 
75700 0.902164 
75750 0.90222 
75800 0.902277 
75850 0.902333 
75900 0.90239 
75950 0.902446 
76000 0.902503 
76050 0.902559 
76100 0.902616 
76150 0.902672 
76200 0.902729 
76250 0.902785 
76300 0.902842 
76350 0.902898 
76400 0.902954 
76450 0.903007 
76500 0.90306 
76550 0.903112 
76600 0.903165 
76650 0.903218 
76700 0.903271 
76750 0.903324 
76800 0.903377 
76850 0.90343 
76900 0.903483 
76950 0.903536 
77000 0.903589 
77050 0.903642 
77100 0.903695 
77150 0.903748 
77200 0.903801 
77250 0.903854 
77300 0.903907 
77350 0.90396 
77400 0.904013 
77450 0.904066 
77500 0.904119 
77550 0.904172 
77600 0.904225 
77650 0.904278 
77700 0.90433 
77750 0.904383 
77800 0.904436 
77850 0.904489 
77900 0.904541 
77950 0.904591 
78000 0.90464 
78050 0.90469 
78100 0.904739 
78150 0.904789 
78200 0.904839 
78250 0.904888 
78300 0.904938 
78350 0.904988 
78400 0.905037 
78450 0.905087 
78500 0.905137 
78550 0.905186 
78600 0.905236 
78650 0.905286 
78700 0.905335 
78750 0.905385 
78800 0.905435 
78850 0.905484 
78900 0.905534 
78950 0.905584 
79000 0.905633 
79050 0.905683 
79100 0.905733 
79150 0.905782 
79200 0.905832 
79250 0.905882 
79300 0.905931 
79350 0.905981 
79400 0.906031 
79450 0.906077 
79500 0.906124 
79550 0.906171 
79600 0.906217 
79650 0.906264 
79700 0.90631 
79750 0.906357 
79800 0.906403 
79850 0.90645 
79900 0.906497 
79950 0.906543 
80000 0.90659 
80050 0.906636 
80100 0.906683 
80150 0.90673 
80200 0.906776 
80250 0.906823 
80300 0.906869 
80350 0.906916 
80400 0.906963 
80450 0.907009 
80500 0.907056 
80550 0.907102 
80600 0.907149 
80650 0.907196 
80700 0.907242 
80750 0.907289 
80800 0.907336 
80850 0.907382 
80900 0.907429 
80950 0.907475 
81000 0.907519 
81050 0.907563 
81100 0.907607 
81150 0.907651 
81200 0.907694 
81250 0.907738 
81300 0.907782 
81350 0.907825 
81400 0.907869 
81450 0.907913 
81500 0.907957 
81550 0.908 
81600 0.908044 
81650 0.908088 
81700 0.908132 
81750 0.908175 
81800 0.908219 
81850 0.908263 
81900 0.908306 
81950 0.90835 
82000 0.908394 
82050 0.908438 
82100 0.908482 
82150 0.908525 
82200 0.908569 
82250 0.908613 
82300 0.908657 
82350 0.9087 
82400 0.908744 
82450 0.908788 
82500 0.908832 
82550 0.908875 
82600 0.908916 
82650 0.908957 
82700 0.908998 
82750 0.909039 
82800 0.90908 
82850 0.909121 
82900 0.909162 
82950 0.909203 
83000 0.909245 
83050 0.909286 
83100 0.909327 
83150 0.909368 
83200 0.909409 
83250 0.90945 
83300 0.909491 
83350 0.909532 
83400 0.909573 
83450 0.909615 
83500 0.909656 
83550 0.909697 
83600 0.909738 
83650 0.909779 
83700 0.90982 
83750 0.909861 
83800 0.909903 
83850 0.909944 
83900 0.909985 
83950 0.910026 
84000 0.910067 
84050 0.910108 
84100 0.910149 
84150 0.910191 
84200 0.910229 
84250 0.910268 
84300 0.910306 
84350 0.910345 
84400 0.910384 
84450 0.910422 
84500 0.910461 
84550 0.9105 
84600 0.910538 
84650 0.910577 
84700 0.910616 
84750 0.910654 
84800 0.910693 
84850 0.910731 
84900 0.91077 
84950 0.910809 
85000 0.910847 
85050 0.910886 
85100 0.910925 
85150 0.910963 
85200 0.911002 
85250 0.911041 
85300 0.911079 
85350 0.911118 
85400 0.911157 
85450 0.911195 
85500 0.911234 
85550 0.911273 
85600 0.911311 
85650 0.91135 
85700 0.911389 
85750 0.911427 
85800 0.911466 
85850 0.911502 
85900 0.911539 
85950 0.911575 
86000 0.911611 
86050 0.911648 
86100 0.911684 
86150 0.91172 
86200 0.911757 
86250 0.911793 
86300 0.911829 
86350 0.911866 
86400 0.911902 
86450 0.911939 
86500 0.911975 
86550 0.912011 
86600 0.912048 
86650 0.912084 
86700 0.91212 
86750 0.912157 
86800 0.912193 
86850 0.912229 
86900 0.912266 
86950 0.912302 
87000 0.912339 
87050 0.912375 
87100 0.912411 
87150 0.912448 
87200 0.912484 
87250 0.912521 
87300 0.912557 
87350 0.912593 
87400 0.91263 
87450 0.912666 
87500 0.912701 
87550 0.912736 
87600 0.91277 
87650 0.912804 
87700 0.912838 
87750 0.912872 
87800 0.912907 
87850 0.912941 
87900 0.912975 
87950 0.913009 
88000 0.913044 
88050 0.913078 
88100 0.913112 
88150 0.913146 
88200 0.91318 
88250 0.913215 
88300 0.913249 
88350 0.913283 
88400 0.913317 
88450 0.913352 
88500 0.913386 
88550 0.91342 
88600 0.913454 
88650 0.913489 
88700 0.913523 
88750 0.913557 
88800 0.913591 
88850 0.913626 
88900 0.91366 
88950 0.913694 
89000 0.913728 
89050 0.913763 
89100 0.913797 
89150 0.913831 
89200 0.913865 
89250 0.913897 
89300 0.913929 
89350 0.913962 
89400 0.913994 
89450 0.914026 
89500 0.914058 
89550 0.91409 
89600 0.914123 
89650 0.914155 
89700 0.914187 
89750 0.914219 
89800 0.914252 
89850 0.914284 
89900 0.914316 
89950 0.914348 
90000 0.914381 
90050 0.914413 
90100 0.914445 
90150 0.914478 
90200 0.91451 
90250 0.914542 
90300 0.914574 
90350 0.914607 
90400 0.914639 
90450 0.914671 
90500 0.914703 
90550 0.914736 
90600 0.914768 
90650 0.9148 
90700 0.914832 
90750 0.914865 
90800 0.914897 
90850 0.914929 
90900 0.914962 
90950 0.914993 
91000 0.915023 
91050 0.915054 
91100 0.915084 
91150 0.915115 
91200 0.915145 
91250 0.915175 
91300 0.915206 
91350 0.915236 
91400 0.915267 
91450 0.915297 
91500 0.915327 
91550 0.915358 
91600 0.915388 
91650 0.915419 
91700 0.915449 
91750 0.91548 
91800 0.91551 
91850 0.91554 
91900 0.915571 
91950 0.915601 
92000 0.915632 
92050 0.915662 
92100 0.915692 
92150 0.915723 
92200 0.915753 
92250 0.915784 
92300 0.915814 
92350 0.915845 
92400 0.915875 
92450 0.915905 
92500 0.915936 
92550 0.915966 
92600 0.915997 
92650 0.916027 
92700 0.916058 
92750 0.916086 
92800 0.916115 
92850 0.916144 
92900 0.916172 
92950 0.916201 
93000 0.91623 
93050 0.916259 
93100 0.916287 
93150 0.916316 
93200 0.916345 
93250 0.916373 
93300 0.916402 
93350 0.916431 
93400 0.916459 
93450 0.916488 
93500 0.916517 
93550 0.916545 
93600 0.916574 
93650 0.916603 
93700 0.916632 
93750 0.91666 
93800 0.916689 
93850 0.916718 
93900 0.916746 
93950 0.916775 
94000 0.916804 
94050 0.916832 
94100 0.916861 
94150 0.91689 
94200 0.916919 
94250 0.916947 
94300 0.916976 
94350 0.917005 
94400 0.917033 
94450 0.917062 
94500 0.917091 
94550 0.917118 
94600 0.917146 
94650 0.917173 
94700 0.9172 
94750 0.917227 
94800 0.917254 
94850 0.917281 
94900 0.917308 
94950 0.917335 
95000 0.917362 
95050 0.917389 
95100 0.917417 
95150 0.917444 
95200 0.917471 
95250 0.917498 
95300 0.917525 
95350 0.917552 
95400 0.917579 
95450 0.917606 
95500 0.917633 
95550 0.91766 
95600 0.917688 
95650 0.917715 
95700 0.917742 
95750 0.917769 
95800 0.917796 
95850 0.917823 
95900 0.91785 
95950 0.917877 
96000 0.917904 
96050 0.917931 
96100 0.917959 
96150 0.917986 
96200 0.918013 
96250 0.91804 
96300 0.918067 
96350 0.918094 
96400 0.91812 
96450 0.918146 
96500 0.918171 
96550 0.918197 
96600 0.918223 
96650 0.918248 
96700 0.918274 
96750 0.918299 
96800 0.918325 
96850 0.918351 
96900 0.918376 
96950 0.918402 
97000 0.918427 
97050 0.918453 
97100 0.918479 
97150 0.918504 
97200 0.91853 
97250 0.918555 
97300 0.918581 
97350 0.918607 
97400 0.918632 
97450 0.918658 
97500 0.918684 
97550 0.918709 
97600 0.918735 
97650 0.91876 
97700 0.918786 
97750 0.918812 
97800 0.918837 
97850 0.918863 
97900 0.918889 
97950 0.918914 
98000 0.91894 
98050 0.918965 
98100 0.918991 
98150 0.919017 
98200 0.919042 
98250 0.919068 
98300 0.919092 
98350 0.919116 
98400 0.91914 
98450 0.919165 
98500 0.919189 
98550 0.919213 
98600 0.919237 
98650 0.919262 
98700 0.919286 
98750 0.91931 
98800 0.919334 
98850 0.919358 
98900 0.919383 
98950 0.919407 
99000 0.919431 
99050 0.919455 
99100 0.919479 
99150 0.919504 
99200 0.919528 
99250 0.919552 
99300 0.919576 
99350 0.919601 
99400 0.919625 
99450 0.919649 
99500 0.919673 
99550 0.919698 
99600 0.919722 
99650 0.919746 
99700 0.91977 
99750 0.919794 
99800 0.919819 
99850 0.919843 
99900 0.919867 
99950 0.919891 
100000 0.919916 
