#F U:\Beamline I20\I20-2_EDE\!M2 and filters heat load\matlab\SiC-0p60mm.dat
#C SiC 0..6mm 
#S 1 File written by xplot on Tue May 05 10:28:10 2009
#N 2
#L    Photon Energy [eV]  Intens after oe #1
50 0 
100 0 
150 0 
200 0 
250 0 
300 0 
350 0 
400 0 
450 0 
500 0 
550 0 
600 0 
650 0 
700 0 
750 0 
800 0 
850 0 
900 0 
950 0 
1000 0 
1050 0 
1100 0 
1150 0 
1200 0 
1250 0 
1300 0 
1350 0 
1400 0 
1450 0 
1500 0 
1550 2.8026E-045 
1600 1.52265E-041 
1650 3.40251E-038 
1700 3.1275E-035 
1750 1.50126E-032 
1800 3.60907E-030 
1850 0 
1900 0 
1950 0 
2000 0 
2050 0 
2100 0 
2150 0 
2200 0 
2250 0 
2300 0 
2350 0 
2400 0 
2450 0 
2500 0 
2550 0 
2600 0 
2650 0 
2700 0 
2750 0 
2800 0 
2850 0 
2900 0 
2950 0 
3000 0 
3050 0 
3100 0 
3150 0 
3200 0 
3250 0 
3300 0 
3350 9.80909E-045 
3400 5.395E-043 
3450 2.28874E-041 
3500 7.54193E-040 
3550 2.09044E-038 
3600 5.00734E-037 
3650 1.03339E-035 
3700 1.76065E-034 
3750 2.69082E-033 
3800 3.71558E-032 
3850 4.34856E-031 
3900 4.65172E-030 
3950 4.60609E-029 
4000 3.96418E-028 
4050 3.18256E-027 
4100 2.38544E-026 
4150 1.58497E-025 
4200 1.0025E-024 
4250 5.83376E-024 
4300 3.13474E-023 
4350 1.62112E-022 
4400 7.52895E-022 
4450 3.38343E-021 
4500 1.41766E-020 
4550 5.6117E-020 
4600 2.13383E-019 
4650 7.53124E-019 
4700 2.61092E-018 
4750 8.31939E-018 
4800 2.61332E-017 
4850 7.68553E-017 
4900 2.20909E-016 
4950 6.02605E-016 
5000 1.5988E-015 
5050 4.06466E-015 
5100 1.0036E-014 
5150 2.38981E-014 
5200 5.53308E-014 
5250 1.23966E-013 
5300 2.70964E-013 
5350 5.7369E-013 
5400 1.19106E-012 
5450 2.39259E-012 
5500 4.7435E-012 
5550 9.07337E-012 
5600 1.72593E-011 
5650 3.15495E-011 
5700 5.76715E-011 
5750 1.01333E-010 
5800 1.77562E-010 
5850 3.02626E-010 
5900 5.09828E-010 
5950 8.45505E-010 
6000 1.37341E-009 
6050 2.22234E-009 
6100 3.48894E-009 
6150 5.47741E-009 
6200 8.39805E-009 
6250 1.27743E-008 
6300 1.92375E-008 
6350 2.84114E-008 
6400 4.196E-008 
6450 6.04883E-008 
6500 8.6917E-008 
6550 1.23695E-007 
6600 1.73252E-007 
6650 2.42665E-007 
6700 3.33298E-007 
6750 4.55858E-007 
6800 6.20472E-007 
6850 8.30075E-007 
6900 1.11049E-006 
6950 1.46844E-006 
7000 1.92442E-006 
7050 2.522E-006 
7100 3.25128E-006 
7150 4.18004E-006 
7200 5.36471E-006 
7250 6.77529E-006 
7300 8.55674E-006 
7350 1.07557E-005 
7400 1.336E-005 
7450 1.65948E-005 
7500 2.04815E-005 
7550 2.50521E-005 
7600 3.06427E-005 
7650 3.72174E-005 
7700 4.48734E-005 
7750 5.41042E-005 
7800 6.47923E-005 
7850 7.70856E-005 
7900 9.17109E-005 
7950 0.000108479 
8000 0.000127469 
8050 0.000149783 
8100 0.000175257 
8150 0.000203578 
8200 0.000236475 
8250 0.000274074 
8300 0.000314967 
8350 0.000361962 
8400 0.000415969 
8450 0.000473347 
8500 0.000538569 
8550 0.000612779 
8600 0.000692703 
8650 0.000780893 
8700 0.000880311 
8750 0.000989372 
8800 0.00110575 
8850 0.00123581 
8900 0.00138118 
8950 0.00153212 
9000 0.00169871 
9050 0.00188341 
9100 0.00208112 
9150 0.0022903 
9200 0.0025205 
9250 0.00277384 
9300 0.0030336 
9350 0.00331554 
9400 0.00362369 
9450 0.00395317 
9500 0.00429292 
9550 0.00466187 
9600 0.00506252 
9650 0.00547808 
9700 0.00591356 
9750 0.00638365 
9800 0.00689111 
9850 0.00740456 
9900 0.00794903 
9950 0.00853354 
10000 0.00916102 
10050 0.00978428 
10100 0.01045 
10150 0.0111609 
10200 0.0119151 
10250 0.0126648 
10300 0.0134618 
10350 0.0143089 
10400 0.0152025 
10450 0.0160881 
10500 0.0170254 
10550 0.0180173 
10600 0.019064 
10650 0.0200917 
10700 0.0211747 
10750 0.0223162 
10800 0.0235191 
10850 0.0247023 
10900 0.0259344 
10950 0.0272281 
11000 0.0285862 
11050 0.0299414 
11100 0.0313241 
11150 0.0327707 
11200 0.0342841 
11250 0.035825 
11300 0.0373565 
11350 0.0389534 
11400 0.0406186 
11450 0.042355 
11500 0.0440352 
11550 0.0457776 
11600 0.047589 
11650 0.049472 
11700 0.0513584 
11750 0.0532399 
11800 0.0551904 
11850 0.0572124 
11900 0.0593084 
11950 0.0613317 
12000 0.0634114 
12050 0.0655616 
12100 0.0677846 
12150 0.0700375 
12200 0.0722369 
12250 0.0745053 
12300 0.0768449 
12350 0.079258 
12400 0.0816507 
12450 0.084025 
12500 0.0864684 
12550 0.0889828 
12600 0.0915704 
12650 0.0940977 
12700 0.0966304 
12750 0.0992314 
12800 0.101902 
12850 0.104645 
12900 0.107306 
12950 0.10998 
13000 0.112722 
13050 0.115531 
13100 0.118411 
13150 0.121205 
13200 0.124002 
13250 0.126864 
13300 0.129792 
13350 0.132788 
13400 0.135719 
13450 0.138619 
13500 0.141582 
13550 0.144608 
13600 0.147699 
13650 0.150771 
13700 0.153754 
13750 0.156797 
13800 0.1599 
13850 0.163065 
13900 0.166284 
13950 0.16933 
14000 0.172432 
14050 0.175591 
14100 0.178807 
14150 0.182083 
14200 0.185271 
14250 0.188413 
14300 0.191609 
14350 0.19486 
14400 0.198165 
14450 0.201512 
14500 0.204679 
14550 0.207895 
14600 0.211161 
14650 0.214479 
14700 0.217849 
14750 0.221169 
14800 0.224386 
14850 0.22765 
14900 0.230961 
14950 0.23432 
15000 0.237729 
15050 0.24102 
15100 0.244265 
15150 0.247554 
15200 0.250887 
15250 0.254265 
15300 0.257688 
15350 0.26096 
15400 0.264215 
15450 0.26751 
15500 0.270847 
15550 0.274225 
15600 0.277645 
15650 0.280904 
15700 0.284146 
15750 0.287426 
15800 0.290743 
15850 0.294099 
15900 0.297493 
15950 0.300754 
16000 0.303968 
16050 0.307217 
16100 0.3105 
16150 0.313819 
16200 0.317173 
16250 0.320448 
16300 0.32362 
16350 0.326822 
16400 0.330057 
16450 0.333323 
16500 0.336622 
16550 0.339925 
16600 0.343039 
16650 0.346181 
16700 0.349351 
16750 0.352551 
16800 0.35578 
16850 0.359039 
16900 0.362171 
16950 0.365242 
17000 0.368339 
17050 0.371462 
17100 0.374612 
17150 0.377789 
17200 0.380981 
17250 0.383971 
17300 0.386984 
17350 0.390021 
17400 0.393082 
17450 0.396167 
17500 0.399276 
17550 0.402334 
17600 0.405258 
17650 0.408203 
17700 0.411169 
17750 0.414157 
17800 0.417166 
17850 0.420197 
17900 0.423144 
17950 0.425989 
18000 0.428853 
18050 0.431736 
18100 0.434639 
18150 0.437561 
18200 0.440503 
18250 0.44336 
18300 0.446121 
18350 0.448898 
18400 0.451693 
18450 0.454505 
18500 0.457334 
18550 0.460182 
18600 0.462972 
18650 0.465638 
18700 0.46832 
18750 0.471018 
18800 0.47373 
18850 0.476459 
18900 0.479203 
18950 0.481947 
19000 0.484517 
19050 0.4871 
19100 0.489697 
19150 0.492309 
19200 0.494934 
19250 0.497573 
19300 0.500226 
19350 0.502759 
19400 0.50524 
19450 0.507733 
19500 0.510238 
19550 0.512756 
19600 0.515286 
19650 0.517828 
19700 0.520361 
19750 0.522736 
19800 0.525123 
19850 0.527521 
19900 0.529929 
19950 0.532348 
20000 0.534779 
20050 0.537221 
20100 0.539597 
20150 0.541878 
20200 0.544168 
20250 0.546467 
20300 0.548777 
20350 0.551096 
20400 0.553425 
20450 0.555764 
20500 0.558013 
20550 0.560196 
20600 0.562387 
20650 0.564586 
20700 0.566794 
20750 0.569011 
20800 0.571236 
20850 0.57347 
20900 0.575619 
20950 0.577702 
21000 0.579793 
21050 0.581891 
21100 0.583997 
21150 0.58611 
21200 0.588231 
21250 0.59036 
21300 0.592433 
21350 0.594417 
21400 0.596407 
21450 0.598404 
21500 0.600407 
21550 0.602418 
21600 0.604435 
21650 0.606459 
21700 0.608478 
21750 0.610363 
21800 0.612255 
21850 0.614152 
21900 0.616056 
21950 0.617965 
22000 0.61988 
22050 0.621801 
22100 0.623728 
22150 0.625576 
22200 0.62737 
22250 0.629169 
22300 0.630973 
22350 0.632782 
22400 0.634597 
22450 0.636417 
22500 0.638242 
22550 0.640072 
22600 0.641778 
22650 0.643481 
22700 0.645188 
22750 0.6469 
22800 0.648616 
22850 0.650337 
22900 0.652063 
22950 0.653793 
23000 0.655512 
23050 0.657121 
23100 0.658735 
23150 0.660353 
23200 0.661974 
23250 0.6636 
23300 0.665229 
23350 0.666863 
23400 0.6685 
23450 0.670126 
23500 0.671648 
23550 0.673174 
23600 0.674704 
23650 0.676236 
23700 0.677773 
23750 0.679313 
23800 0.680856 
23850 0.682403 
23900 0.683953 
23950 0.685396 
24000 0.686837 
24050 0.688282 
24100 0.689729 
24150 0.69118 
24200 0.692633 
24250 0.69409 
24300 0.695549 
24350 0.697012 
24400 0.69841 
24450 0.699769 
24500 0.70113 
24550 0.702494 
24600 0.703861 
24650 0.70523 
24700 0.706602 
24750 0.707977 
24800 0.709354 
24850 0.710725 
24900 0.712005 
24950 0.713287 
25000 0.714571 
25050 0.715858 
25100 0.717147 
25150 0.718438 
25200 0.719731 
25250 0.721027 
25300 0.722325 
25350 0.72359 
25400 0.724795 
25450 0.726003 
25500 0.727212 
25550 0.728424 
25600 0.729638 
25650 0.730853 
25700 0.732071 
25750 0.733291 
25800 0.734512 
25850 0.735694 
25900 0.736828 
25950 0.737963 
26000 0.739101 
26050 0.740241 
26100 0.741382 
26150 0.742524 
26200 0.743669 
26250 0.744816 
26300 0.745964 
26350 0.747082 
26400 0.748148 
26450 0.749216 
26500 0.750285 
26550 0.751355 
26600 0.752427 
26650 0.753501 
26700 0.754576 
26750 0.755652 
26800 0.756731 
26850 0.757805 
26900 0.758805 
26950 0.759807 
27000 0.76081 
27050 0.761814 
27100 0.76282 
27150 0.763827 
27200 0.764835 
27250 0.765845 
27300 0.766856 
27350 0.767868 
27400 0.768839 
27450 0.769778 
27500 0.770718 
27550 0.77166 
27600 0.772602 
27650 0.773546 
27700 0.774491 
27750 0.775437 
27800 0.776384 
27850 0.777333 
27900 0.778282 
27950 0.779172 
28000 0.780052 
28050 0.780934 
28100 0.781817 
28150 0.7827 
28200 0.783585 
28250 0.78447 
28300 0.785357 
28350 0.786245 
28400 0.787133 
28450 0.788023 
28500 0.788851 
28550 0.789676 
28600 0.790502 
28650 0.791329 
28700 0.792157 
28750 0.792985 
28800 0.793815 
28850 0.794645 
28900 0.795476 
28950 0.796308 
29000 0.797141 
29050 0.797924 
29100 0.798696 
29150 0.799469 
29200 0.800243 
29250 0.801018 
29300 0.801793 
29350 0.802569 
29400 0.803346 
29450 0.804124 
29500 0.804902 
29550 0.805682 
29600 0.806433 
29650 0.807156 
29700 0.807879 
29750 0.808603 
29800 0.809327 
29850 0.810052 
29900 0.810778 
29950 0.811504 
30000 0.812231 
30050 0.812959 
30100 0.813687 
30150 0.814416 
30200 0.815096 
30250 0.815772 
30300 0.816448 
30350 0.817125 
30400 0.817802 
30450 0.81848 
30500 0.819158 
30550 0.819837 
30600 0.820517 
30650 0.821197 
30700 0.821878 
30750 0.822553 
30800 0.823184 
30850 0.823815 
30900 0.824447 
30950 0.82508 
31000 0.825713 
31050 0.826346 
31100 0.82698 
31150 0.827614 
31200 0.828249 
31250 0.828885 
31300 0.829521 
31350 0.830152 
31400 0.830741 
31450 0.831331 
31500 0.831921 
31550 0.832512 
31600 0.833103 
31650 0.833694 
31700 0.834286 
31750 0.834878 
31800 0.835471 
31850 0.836064 
31900 0.836658 
31950 0.837251 
32000 0.837808 
32050 0.838359 
32100 0.838909 
32150 0.839461 
32200 0.840012 
32250 0.840564 
32300 0.841116 
32350 0.841669 
32400 0.842222 
32450 0.842775 
32500 0.843328 
32550 0.843883 
32600 0.844423 
32650 0.844936 
32700 0.84545 
32750 0.845964 
32800 0.846478 
32850 0.846993 
32900 0.847508 
32950 0.848023 
33000 0.848539 
33050 0.849055 
33100 0.849571 
33150 0.850088 
33200 0.850605 
33250 0.851099 
33300 0.851577 
33350 0.852057 
33400 0.852536 
33450 0.853016 
33500 0.853496 
33550 0.853976 
33600 0.854456 
33650 0.854937 
33700 0.855418 
33750 0.855899 
33800 0.856381 
33850 0.856863 
33900 0.857323 
33950 0.857769 
34000 0.858216 
34050 0.858663 
34100 0.85911 
34150 0.859557 
34200 0.860005 
34250 0.860453 
34300 0.860901 
34350 0.861349 
34400 0.861798 
34450 0.862247 
34500 0.862696 
34550 0.863133 
34600 0.863549 
34650 0.863965 
34700 0.864381 
34750 0.864798 
34800 0.865215 
34850 0.865632 
34900 0.866049 
34950 0.866466 
35000 0.866884 
35050 0.867302 
35100 0.86772 
35150 0.868138 
35200 0.868556 
35250 0.868948 
35300 0.869336 
35350 0.869724 
35400 0.870112 
35450 0.8705 
35500 0.870888 
35550 0.871277 
35600 0.871666 
35650 0.872055 
35700 0.872444 
35750 0.872833 
35800 0.873222 
35850 0.873612 
35900 0.873999 
35950 0.87436 
36000 0.874721 
36050 0.875082 
36100 0.875443 
36150 0.875804 
36200 0.876166 
36250 0.876528 
36300 0.87689 
36350 0.877252 
36400 0.877614 
36450 0.877976 
36500 0.878339 
36550 0.878702 
36600 0.879063 
36650 0.879399 
36700 0.879735 
36750 0.880071 
36800 0.880408 
36850 0.880744 
36900 0.881081 
36950 0.881418 
37000 0.881755 
37050 0.882092 
37100 0.882429 
37150 0.882766 
37200 0.883104 
37250 0.883442 
37300 0.883779 
37350 0.884098 
37400 0.884411 
37450 0.884724 
37500 0.885037 
37550 0.88535 
37600 0.885663 
37650 0.885977 
37700 0.88629 
37750 0.886604 
37800 0.886918 
37850 0.887231 
37900 0.887545 
37950 0.887859 
38000 0.888174 
38050 0.888484 
38100 0.888775 
38150 0.889066 
38200 0.889358 
38250 0.889649 
38300 0.88994 
38350 0.890232 
38400 0.890524 
38450 0.890815 
38500 0.891107 
38550 0.891399 
38600 0.891691 
38650 0.891983 
38700 0.892276 
38750 0.892568 
38800 0.892854 
38850 0.893125 
38900 0.893396 
38950 0.893667 
39000 0.893938 
39050 0.894209 
39100 0.89448 
39150 0.894751 
39200 0.895023 
39250 0.895294 
39300 0.895566 
39350 0.895837 
39400 0.896109 
39450 0.896381 
39500 0.896653 
39550 0.896922 
39600 0.897174 
39650 0.897426 
39700 0.897678 
39750 0.897931 
39800 0.898183 
39850 0.898435 
39900 0.898688 
39950 0.89894 
40000 0.899192 
40050 0.899445 
40100 0.899698 
40150 0.89995 
40200 0.900203 
40250 0.900456 
40300 0.900709 
40350 0.90095 
40400 0.901184 
40450 0.901418 
40500 0.901653 
40550 0.901887 
40600 0.902122 
40650 0.902356 
40700 0.902591 
40750 0.902826 
40800 0.903061 
40850 0.903296 
40900 0.90353 
40950 0.903765 
41000 0.904 
41050 0.904236 
41100 0.904471 
41150 0.904691 
41200 0.904908 
41250 0.905126 
41300 0.905344 
41350 0.905563 
41400 0.905781 
41450 0.905999 
41500 0.906217 
41550 0.906435 
41600 0.906654 
41650 0.906872 
41700 0.907091 
41750 0.907309 
41800 0.907528 
41850 0.907746 
41900 0.907965 
41950 0.908171 
42000 0.908373 
42050 0.908576 
42100 0.908779 
42150 0.908981 
42200 0.909184 
42250 0.909387 
42300 0.90959 
42350 0.909793 
42400 0.909996 
42450 0.910199 
42500 0.910402 
42550 0.910605 
42600 0.910809 
42650 0.911012 
42700 0.911215 
42750 0.911412 
42800 0.911601 
42850 0.911789 
42900 0.911978 
42950 0.912166 
43000 0.912355 
43050 0.912543 
43100 0.912732 
43150 0.91292 
43200 0.913109 
43250 0.913298 
43300 0.913487 
43350 0.913675 
43400 0.913864 
43450 0.914053 
43500 0.914242 
43550 0.914431 
43600 0.91461 
43650 0.914786 
43700 0.914961 
43750 0.915136 
43800 0.915311 
43850 0.915487 
43900 0.915662 
43950 0.915837 
44000 0.916013 
44050 0.916188 
44100 0.916364 
44150 0.916539 
44200 0.916715 
44250 0.91689 
44300 0.917066 
44350 0.917242 
44400 0.917417 
44450 0.917584 
44500 0.917747 
44550 0.91791 
44600 0.918073 
44650 0.918236 
44700 0.918399 
44750 0.918562 
44800 0.918725 
44850 0.918888 
44900 0.919051 
44950 0.919214 
45000 0.919377 
45050 0.919541 
45100 0.919704 
45150 0.919867 
45200 0.92003 
45250 0.920193 
45300 0.920353 
45350 0.920505 
45400 0.920656 
45450 0.920807 
45500 0.920959 
45550 0.92111 
45600 0.921262 
45650 0.921414 
45700 0.921565 
45750 0.921717 
45800 0.921868 
45850 0.92202 
45900 0.922172 
45950 0.922323 
46000 0.922475 
46050 0.922627 
46100 0.922779 
46150 0.922931 
46200 0.923076 
46250 0.923216 
46300 0.923357 
46350 0.923498 
46400 0.923639 
46450 0.92378 
46500 0.923921 
46550 0.924062 
46600 0.924203 
46650 0.924344 
46700 0.924485 
46750 0.924626 
46800 0.924767 
46850 0.924908 
46900 0.925049 
46950 0.92519 
47000 0.925331 
47050 0.925472 
47100 0.925608 
47150 0.925738 
47200 0.925869 
47250 0.926 
47300 0.926131 
47350 0.926262 
47400 0.926393 
47450 0.926524 
47500 0.926655 
47550 0.926786 
47600 0.926917 
47650 0.927048 
47700 0.927179 
47750 0.92731 
47800 0.927441 
47850 0.927573 
47900 0.927704 
47950 0.927835 
48000 0.927965 
48050 0.928086 
48100 0.928208 
48150 0.92833 
48200 0.928452 
48250 0.928573 
48300 0.928695 
48350 0.928817 
48400 0.928939 
48450 0.929061 
48500 0.929182 
48550 0.929304 
48600 0.929426 
48650 0.929548 
48700 0.92967 
48750 0.929792 
48800 0.929914 
48850 0.930036 
48900 0.930158 
48950 0.930276 
49000 0.930389 
49050 0.930503 
49100 0.930616 
49150 0.930729 
49200 0.930842 
49250 0.930955 
49300 0.931069 
49350 0.931182 
49400 0.931295 
49450 0.931408 
49500 0.931522 
49550 0.931635 
49600 0.931748 
49650 0.931862 
49700 0.931975 
49750 0.932088 
49800 0.932202 
49850 0.932315 
49900 0.932426 
49950 0.932532 
50000 0.932637 
50050 0.932742 
50100 0.932847 
50150 0.932953 
50200 0.933058 
50250 0.933163 
50300 0.933268 
50350 0.933374 
50400 0.933479 
50450 0.933584 
50500 0.93369 
50550 0.933795 
50600 0.9339 
50650 0.934006 
50700 0.934111 
50750 0.934217 
50800 0.934322 
50850 0.934427 
50900 0.934527 
50950 0.934625 
51000 0.934723 
51050 0.934821 
51100 0.934919 
51150 0.935017 
51200 0.935115 
51250 0.935213 
51300 0.93531 
51350 0.935408 
51400 0.935506 
51450 0.935604 
51500 0.935702 
51550 0.9358 
51600 0.935898 
51650 0.935996 
51700 0.936094 
51750 0.936192 
51800 0.93629 
51850 0.936388 
51900 0.93648 
51950 0.936571 
52000 0.936662 
52050 0.936754 
52100 0.936845 
52150 0.936936 
52200 0.937027 
52250 0.937118 
52300 0.937209 
52350 0.9373 
52400 0.937391 
52450 0.937482 
52500 0.937573 
52550 0.937664 
52600 0.937755 
52650 0.937847 
52700 0.937938 
52750 0.938029 
52800 0.93812 
52850 0.938211 
52900 0.938299 
52950 0.938383 
53000 0.938468 
53050 0.938553 
53100 0.938637 
53150 0.938722 
53200 0.938807 
53250 0.938891 
53300 0.938976 
53350 0.939061 
53400 0.939145 
53450 0.93923 
53500 0.939315 
53550 0.9394 
53600 0.939484 
53650 0.939569 
53700 0.939654 
53750 0.939739 
53800 0.939823 
53850 0.939908 
53900 0.939993 
53950 0.940072 
54000 0.940151 
54050 0.94023 
54100 0.940309 
54150 0.940387 
54200 0.940466 
54250 0.940545 
54300 0.940624 
54350 0.940702 
54400 0.940781 
54450 0.94086 
54500 0.940939 
54550 0.941018 
54600 0.941096 
54650 0.941175 
54700 0.941254 
54750 0.941333 
54800 0.941412 
54850 0.941491 
54900 0.94157 
54950 0.941648 
55000 0.941723 
55050 0.941796 
55100 0.941869 
55150 0.941943 
55200 0.942016 
55250 0.942089 
55300 0.942162 
55350 0.942236 
55400 0.942309 
55450 0.942382 
55500 0.942456 
55550 0.942529 
55600 0.942602 
55650 0.942675 
55700 0.942749 
55750 0.942822 
55800 0.942895 
55850 0.942969 
55900 0.943042 
55950 0.943115 
56000 0.943189 
56050 0.943261 
56100 0.943329 
56150 0.943397 
56200 0.943465 
56250 0.943533 
56300 0.943601 
56350 0.94367 
56400 0.943738 
56450 0.943806 
56500 0.943874 
56550 0.943942 
56600 0.944011 
56650 0.944079 
56700 0.944147 
56750 0.944215 
56800 0.944283 
56850 0.944352 
56900 0.94442 
56950 0.944488 
57000 0.944556 
57050 0.944625 
57100 0.944693 
57150 0.944759 
57200 0.944823 
57250 0.944886 
57300 0.94495 
57350 0.945013 
57400 0.945076 
57450 0.94514 
57500 0.945203 
57550 0.945267 
57600 0.94533 
57650 0.945394 
57700 0.945457 
57750 0.945521 
57800 0.945584 
57850 0.945648 
57900 0.945711 
57950 0.945775 
58000 0.945838 
58050 0.945902 
58100 0.945965 
58150 0.946029 
58200 0.946092 
58250 0.946155 
58300 0.946214 
58350 0.946274 
58400 0.946333 
58450 0.946392 
58500 0.946451 
58550 0.94651 
58600 0.946569 
58650 0.946628 
58700 0.946687 
58750 0.946746 
58800 0.946805 
58850 0.946864 
58900 0.946923 
58950 0.946983 
59000 0.947042 
59050 0.947101 
59100 0.94716 
59150 0.947219 
59200 0.947278 
59250 0.947337 
59300 0.947396 
59350 0.947456 
59400 0.947514 
59450 0.947569 
59500 0.947623 
59550 0.947679 
59600 0.947733 
59650 0.947788 
59700 0.947843 
59750 0.947898 
59800 0.947953 
59850 0.948008 
59900 0.948063 
59950 0.948118 
60000 0.948173 
60050 0.948228 
60100 0.948283 
60150 0.948339 
60200 0.948394 
60250 0.948449 
60300 0.948504 
60350 0.948559 
60400 0.948614 
60450 0.948669 
60500 0.948724 
60550 0.948779 
60600 0.94883 
60650 0.948881 
60700 0.948932 
60750 0.948983 
60800 0.949035 
60850 0.949086 
60900 0.949137 
60950 0.949188 
61000 0.949239 
61050 0.949291 
61100 0.949342 
61150 0.949393 
61200 0.949444 
61250 0.949496 
61300 0.949547 
61350 0.949598 
61400 0.949649 
61450 0.949701 
61500 0.949752 
61550 0.949803 
61600 0.949854 
61650 0.949906 
61700 0.949957 
61750 0.950007 
61800 0.950054 
61850 0.950102 
61900 0.95015 
61950 0.950198 
62000 0.950245 
62050 0.950293 
62100 0.950341 
62150 0.950388 
62200 0.950436 
62250 0.950484 
62300 0.950532 
62350 0.950579 
62400 0.950627 
62450 0.950675 
62500 0.950723 
62550 0.95077 
62600 0.950818 
62650 0.950866 
62700 0.950913 
62750 0.950961 
62800 0.951009 
62850 0.951057 
62900 0.951104 
62950 0.951151 
63000 0.951196 
63050 0.95124 
63100 0.951285 
63150 0.951329 
63200 0.951374 
63250 0.951418 
63300 0.951463 
63350 0.951507 
63400 0.951552 
63450 0.951596 
63500 0.95164 
63550 0.951685 
63600 0.951729 
63650 0.951774 
63700 0.951818 
63750 0.951863 
63800 0.951907 
63850 0.951952 
63900 0.951996 
63950 0.952041 
64000 0.952085 
64050 0.95213 
64100 0.952174 
64150 0.952219 
64200 0.952261 
64250 0.952303 
64300 0.952344 
64350 0.952386 
64400 0.952427 
64450 0.952469 
64500 0.95251 
64550 0.952551 
64600 0.952593 
64650 0.952634 
64700 0.952676 
64750 0.952717 
64800 0.952759 
64850 0.9528 
64900 0.952842 
64950 0.952883 
65000 0.952925 
65050 0.952966 
65100 0.953008 
65150 0.953049 
65200 0.953091 
65250 0.953132 
65300 0.953174 
65350 0.953215 
65400 0.953256 
65450 0.953296 
65500 0.953335 
65550 0.953374 
65600 0.953412 
65650 0.953451 
65700 0.95349 
65750 0.953528 
65800 0.953567 
65850 0.953606 
65900 0.953644 
65950 0.953683 
66000 0.953722 
66050 0.95376 
66100 0.953799 
66150 0.953838 
66200 0.953876 
66250 0.953915 
66300 0.953954 
66350 0.953992 
66400 0.954031 
66450 0.95407 
66500 0.954108 
66550 0.954147 
66600 0.954186 
66650 0.954224 
66700 0.954263 
66750 0.954299 
66800 0.954335 
66850 0.954371 
66900 0.954408 
66950 0.954444 
67000 0.95448 
67050 0.954516 
67100 0.954552 
67150 0.954588 
67200 0.954624 
67250 0.95466 
67300 0.954696 
67350 0.954732 
67400 0.954768 
67450 0.954804 
67500 0.95484 
67550 0.954876 
67600 0.954912 
67650 0.954949 
67700 0.954985 
67750 0.955021 
67800 0.955057 
67850 0.955093 
67900 0.955129 
67950 0.955165 
68000 0.955201 
68050 0.955235 
68100 0.955269 
68150 0.955302 
68200 0.955336 
68250 0.95537 
68300 0.955403 
68350 0.955437 
68400 0.955471 
68450 0.955504 
68500 0.955538 
68550 0.955572 
68600 0.955605 
68650 0.955639 
68700 0.955673 
68750 0.955706 
68800 0.95574 
68850 0.955774 
68900 0.955807 
68950 0.955841 
69000 0.955875 
69050 0.955908 
69100 0.955942 
69150 0.955976 
69200 0.95601 
69250 0.956043 
69300 0.956077 
69350 0.95611 
69400 0.956141 
69450 0.956173 
69500 0.956204 
69550 0.956236 
69600 0.956267 
69650 0.956299 
69700 0.95633 
69750 0.956362 
69800 0.956393 
69850 0.956424 
69900 0.956456 
69950 0.956487 
70000 0.956519 
70050 0.95655 
70100 0.956582 
70150 0.956613 
70200 0.956645 
70250 0.956676 
70300 0.956707 
70350 0.956739 
70400 0.95677 
70450 0.956802 
70500 0.956833 
70550 0.956865 
70600 0.956896 
70650 0.956928 
70700 0.956959 
70750 0.956988 
70800 0.957018 
70850 0.957047 
70900 0.957076 
70950 0.957106 
71000 0.957135 
71050 0.957164 
71100 0.957194 
71150 0.957223 
71200 0.957253 
71250 0.957282 
71300 0.957311 
71350 0.957341 
71400 0.95737 
71450 0.957399 
71500 0.957429 
71550 0.957458 
71600 0.957488 
71650 0.957517 
71700 0.957546 
71750 0.957576 
71800 0.957605 
71850 0.957634 
71900 0.957664 
71950 0.957693 
72000 0.957723 
72050 0.957752 
72100 0.95778 
72150 0.957808 
72200 0.957835 
72250 0.957863 
72300 0.95789 
72350 0.957918 
72400 0.957945 
72450 0.957973 
72500 0.958 
72550 0.958027 
72600 0.958055 
72650 0.958082 
72700 0.95811 
72750 0.958137 
72800 0.958165 
72850 0.958192 
72900 0.95822 
72950 0.958247 
73000 0.958275 
73050 0.958302 
73100 0.95833 
73150 0.958357 
73200 0.958384 
73250 0.958412 
73300 0.958439 
73350 0.958467 
73400 0.958494 
73450 0.958522 
73500 0.958549 
73550 0.958574 
73600 0.9586 
73650 0.958626 
73700 0.958651 
73750 0.958677 
73800 0.958703 
73850 0.958728 
73900 0.958754 
73950 0.95878 
74000 0.958805 
74050 0.958831 
74100 0.958857 
74150 0.958883 
74200 0.958908 
74250 0.958934 
74300 0.95896 
74350 0.958985 
74400 0.959011 
74450 0.959037 
74500 0.959062 
74550 0.959088 
74600 0.959114 
74650 0.959139 
74700 0.959165 
74750 0.959191 
74800 0.959216 
74850 0.959242 
74900 0.959268 
74950 0.959293 
75000 0.959317 
75050 0.959341 
75100 0.959365 
75150 0.959389 
75200 0.959413 
75250 0.959437 
75300 0.959461 
75350 0.959485 
75400 0.959509 
75450 0.959533 
75500 0.959557 
75550 0.959581 
75600 0.959605 
75650 0.959629 
75700 0.959653 
75750 0.959677 
75800 0.959701 
75850 0.959725 
75900 0.959749 
75950 0.959773 
76000 0.959797 
76050 0.959821 
76100 0.959845 
76150 0.959869 
76200 0.959893 
76250 0.959917 
76300 0.959941 
76350 0.959965 
76400 0.959989 
76450 0.960011 
76500 0.960034 
76550 0.960056 
76600 0.960079 
76650 0.960101 
76700 0.960124 
76750 0.960146 
76800 0.960169 
76850 0.960191 
76900 0.960214 
76950 0.960236 
77000 0.960259 
77050 0.960281 
77100 0.960304 
77150 0.960326 
77200 0.960349 
77250 0.960371 
77300 0.960394 
77350 0.960416 
77400 0.960439 
77450 0.960461 
77500 0.960484 
77550 0.960507 
77600 0.960529 
77650 0.960552 
77700 0.960574 
77750 0.960597 
77800 0.960619 
77850 0.960642 
77900 0.960664 
77950 0.960685 
78000 0.960706 
78050 0.960727 
78100 0.960748 
78150 0.960769 
78200 0.96079 
78250 0.960811 
78300 0.960832 
78350 0.960853 
78400 0.960874 
78450 0.960895 
78500 0.960917 
78550 0.960938 
78600 0.960959 
78650 0.96098 
78700 0.961001 
78750 0.961022 
78800 0.961043 
78850 0.961064 
78900 0.961085 
78950 0.961106 
79000 0.961127 
79050 0.961148 
79100 0.96117 
79150 0.961191 
79200 0.961212 
79250 0.961233 
79300 0.961254 
79350 0.961275 
79400 0.961296 
79450 0.961316 
79500 0.961336 
79550 0.961355 
79600 0.961375 
79650 0.961395 
79700 0.961415 
79750 0.961434 
79800 0.961454 
79850 0.961474 
79900 0.961494 
79950 0.961514 
80000 0.961533 
80050 0.961553 
80100 0.961573 
80150 0.961593 
80200 0.961612 
80250 0.961632 
80300 0.961652 
80350 0.961672 
80400 0.961691 
80450 0.961711 
80500 0.961731 
80550 0.961751 
80600 0.961771 
80650 0.96179 
80700 0.96181 
80750 0.96183 
80800 0.96185 
80850 0.961869 
80900 0.961889 
80950 0.961909 
81000 0.961928 
81050 0.961946 
81100 0.961965 
81150 0.961983 
81200 0.962002 
81250 0.96202 
81300 0.962039 
81350 0.962057 
81400 0.962076 
81450 0.962094 
81500 0.962113 
81550 0.962131 
81600 0.96215 
81650 0.962169 
81700 0.962187 
81750 0.962206 
81800 0.962224 
81850 0.962243 
81900 0.962261 
81950 0.96228 
82000 0.962298 
82050 0.962317 
82100 0.962335 
82150 0.962354 
82200 0.962372 
82250 0.962391 
82300 0.962409 
82350 0.962428 
82400 0.962447 
82450 0.962465 
82500 0.962484 
82550 0.962502 
82600 0.962519 
82650 0.962537 
82700 0.962554 
82750 0.962572 
82800 0.962589 
82850 0.962606 
82900 0.962624 
82950 0.962641 
83000 0.962659 
83050 0.962676 
83100 0.962693 
83150 0.962711 
83200 0.962728 
83250 0.962746 
83300 0.962763 
83350 0.96278 
83400 0.962798 
83450 0.962815 
83500 0.962833 
83550 0.96285 
83600 0.962867 
83650 0.962885 
83700 0.962902 
83750 0.96292 
83800 0.962937 
83850 0.962955 
83900 0.962972 
83950 0.962989 
84000 0.963007 
84050 0.963024 
84100 0.963042 
84150 0.963059 
84200 0.963075 
84250 0.963092 
84300 0.963108 
84350 0.963124 
84400 0.963141 
84450 0.963157 
84500 0.963174 
84550 0.96319 
84600 0.963206 
84650 0.963223 
84700 0.963239 
84750 0.963255 
84800 0.963272 
84850 0.963288 
84900 0.963304 
84950 0.963321 
85000 0.963337 
85050 0.963353 
85100 0.96337 
85150 0.963386 
85200 0.963402 
85250 0.963419 
85300 0.963435 
85350 0.963452 
85400 0.963468 
85450 0.963484 
85500 0.963501 
85550 0.963517 
85600 0.963533 
85650 0.96355 
85700 0.963566 
85750 0.963582 
85800 0.963599 
85850 0.963614 
85900 0.963629 
85950 0.963645 
86000 0.96366 
86050 0.963675 
86100 0.963691 
86150 0.963706 
86200 0.963722 
86250 0.963737 
86300 0.963752 
86350 0.963768 
86400 0.963783 
86450 0.963798 
86500 0.963814 
86550 0.963829 
86600 0.963845 
86650 0.96386 
86700 0.963875 
86750 0.963891 
86800 0.963906 
86850 0.963921 
86900 0.963937 
86950 0.963952 
87000 0.963968 
87050 0.963983 
87100 0.963998 
87150 0.964014 
87200 0.964029 
87250 0.964044 
87300 0.96406 
87350 0.964075 
87400 0.964091 
87450 0.964106 
87500 0.964121 
87550 0.964135 
87600 0.96415 
87650 0.964164 
87700 0.964179 
87750 0.964193 
87800 0.964208 
87850 0.964222 
87900 0.964236 
87950 0.964251 
88000 0.964265 
88050 0.96428 
88100 0.964294 
88150 0.964309 
88200 0.964323 
88250 0.964338 
88300 0.964352 
88350 0.964367 
88400 0.964381 
88450 0.964396 
88500 0.96441 
88550 0.964424 
88600 0.964439 
88650 0.964453 
88700 0.964468 
88750 0.964482 
88800 0.964497 
88850 0.964511 
88900 0.964526 
88950 0.96454 
89000 0.964555 
89050 0.964569 
89100 0.964584 
89150 0.964598 
89200 0.964612 
89250 0.964626 
89300 0.964639 
89350 0.964653 
89400 0.964667 
89450 0.96468 
89500 0.964694 
89550 0.964708 
89600 0.964721 
89650 0.964735 
89700 0.964748 
89750 0.964762 
89800 0.964776 
89850 0.964789 
89900 0.964803 
89950 0.964816 
90000 0.96483 
90050 0.964844 
90100 0.964857 
90150 0.964871 
90200 0.964885 
90250 0.964898 
90300 0.964912 
90350 0.964925 
90400 0.964939 
90450 0.964953 
90500 0.964966 
90550 0.96498 
90600 0.964993 
90650 0.965007 
90700 0.965021 
90750 0.965034 
90800 0.965048 
90850 0.965062 
90900 0.965075 
90950 0.965088 
91000 0.965101 
91050 0.965114 
91100 0.965127 
91150 0.96514 
91200 0.965153 
91250 0.965165 
91300 0.965178 
91350 0.965191 
91400 0.965204 
91450 0.965217 
91500 0.96523 
91550 0.965242 
91600 0.965255 
91650 0.965268 
91700 0.965281 
91750 0.965294 
91800 0.965306 
91850 0.965319 
91900 0.965332 
91950 0.965345 
92000 0.965358 
92050 0.965371 
92100 0.965383 
92150 0.965396 
92200 0.965409 
92250 0.965422 
92300 0.965435 
92350 0.965448 
92400 0.96546 
92450 0.965473 
92500 0.965486 
92550 0.965499 
92600 0.965512 
92650 0.965525 
92700 0.965537 
92750 0.96555 
92800 0.965562 
92850 0.965574 
92900 0.965586 
92950 0.965598 
93000 0.96561 
93050 0.965622 
93100 0.965634 
93150 0.965646 
93200 0.965658 
93250 0.965671 
93300 0.965683 
93350 0.965695 
93400 0.965707 
93450 0.965719 
93500 0.965731 
93550 0.965743 
93600 0.965755 
93650 0.965767 
93700 0.965779 
93750 0.965791 
93800 0.965804 
93850 0.965816 
93900 0.965828 
93950 0.96584 
94000 0.965852 
94050 0.965864 
94100 0.965876 
94150 0.965888 
94200 0.9659 
94250 0.965912 
94300 0.965925 
94350 0.965937 
94400 0.965949 
94450 0.965961 
94500 0.965973 
94550 0.965985 
94600 0.965996 
94650 0.966007 
94700 0.966019 
94750 0.96603 
94800 0.966042 
94850 0.966053 
94900 0.966064 
94950 0.966076 
95000 0.966087 
95050 0.966099 
95100 0.96611 
95150 0.966121 
95200 0.966133 
95250 0.966144 
95300 0.966156 
95350 0.966167 
95400 0.966179 
95450 0.96619 
95500 0.966201 
95550 0.966213 
95600 0.966224 
95650 0.966236 
95700 0.966247 
95750 0.966258 
95800 0.96627 
95850 0.966281 
95900 0.966293 
95950 0.966304 
96000 0.966316 
96050 0.966327 
96100 0.966338 
96150 0.96635 
96200 0.966361 
96250 0.966373 
96300 0.966384 
96350 0.966395 
96400 0.966406 
96450 0.966417 
96500 0.966428 
96550 0.966439 
96600 0.96645 
96650 0.96646 
96700 0.966471 
96750 0.966482 
96800 0.966493 
96850 0.966504 
96900 0.966514 
96950 0.966525 
97000 0.966536 
97050 0.966547 
97100 0.966557 
97150 0.966568 
97200 0.966579 
97250 0.96659 
97300 0.9666 
97350 0.966611 
97400 0.966622 
97450 0.966633 
97500 0.966644 
97550 0.966654 
97600 0.966665 
97650 0.966676 
97700 0.966687 
97750 0.966698 
97800 0.966708 
97850 0.966719 
97900 0.96673 
97950 0.966741 
98000 0.966751 
98050 0.966762 
98100 0.966773 
98150 0.966784 
98200 0.966795 
98250 0.966805 
98300 0.966815 
98350 0.966826 
98400 0.966836 
98450 0.966846 
98500 0.966856 
98550 0.966866 
98600 0.966877 
98650 0.966887 
98700 0.966897 
98750 0.966907 
98800 0.966917 
98850 0.966928 
98900 0.966938 
98950 0.966948 
99000 0.966958 
99050 0.966968 
99100 0.966978 
99150 0.966989 
99200 0.966999 
99250 0.967009 
99300 0.967019 
99350 0.967029 
99400 0.96704 
99450 0.96705 
99500 0.96706 
99550 0.96707 
99600 0.96708 
99650 0.967091 
99700 0.967101 
99750 0.967111 
99800 0.967121 
99850 0.967131 
99900 0.967142 
99950 0.967152 
100000 0.967162 
