70.350	796	-905	0.029	0.037	0.03	0.038
66.898	812.6	-860	0.029	0.037	0.03	0.038
64.014	815.6	-784	0.029	0.037	0.03	0.038
61.513	815.5	-736.6	0.035	0.043	0.047	0.05
59.296	815.2	-709.1	0.052	0.06	0.066	0.075
57.301	816.6	-694.2	0.054	0.062	0.068	0.077
55.486	816.1	-703.5	0.045	0.052	0.062	0.071
53.821	814.6	-687.6	0.046	0.053	0.062	0.072
52.282	813.1	-694.8	0.047	0.054	0.063	0.073
50.852	811.1	-680.4	0.048	0.056	0.065	0.074
49.518	809.0	-687.1	0.05	0.058	0.069	0.078
48.267	806.9	-674.8	0.051	0.059	0.072	0.08
47.091	804.8	-673.6	0.051	0.059	0.074	0.081
45.982	801.9	-670.6	0.054	0.061	0.076	0.084
44.933	799.6	-669.5	0.055	0.063	0.084	0.09
43.939	797.1	-668.5	0.056	0.064	0.086	0.094
42.994	794.0	-666.3	0.056	0.064	0.086	0.094
42.095	790.9	-664.0	0.056	0.063	0.084	0.092
41.238	787.4	-662.1	0.052	0.06	0.078	0.086
39.638	783.1	-662.6	0.054	0.063	0.103	0.108
38.17	777.5	-660.0	0.054	0.064	0.102	0.109
36.817	771.9	-661.3	0.049	0.058	0.117	0.124
35.566	765.8	-657.9	0.051	0.061	0.117	0.125
34.404	758.0	-653.1	0.051	0.06	0.092	0.1
33.321	750.9	-651.3	0.048	0.058	0.087	0.095
32.309	744.4	-650.0	0.049	0.058	0.09	0.097
31.36	737.9	-648.7	0.048	0.057	0.094	0.1
30.469	731.3	-647.0	0.045	0.054	0.087	0.093
29.63	724.6	-645.7	0.043	0.054	0.087	0.095
28.838	718.3	-644.9	0.043	0.053	0.091	0.098
28.09	711.4	-643.9	0.044	0.053	0.095	0.102
27.381	704.0	-642.7	0.043	0.052	0.099	0.104
26.708	697.1	-641.4	0.042	0.051	0.099	0.105
26.07	689.9	-639.8	0.039	0.049	0.091	0.098
25.462	683.3	-639.2	0.04	0.051	0.1	0.108
24.883	677.9	-640.4	0.042	0.051	0.13	0.139
24.33	669.8	-639.1	0.028	0.039	0.106	0.113
23.803	663.0	-638.3	0.03	0.041	0.111	0.119
23.298	656.3	-637.6	0.032	0.042	0.117	0.125
22.815	645.9	-634.8	0.227	0.235	0.656	0.661
22.353	639.5	-634.9	0.243	0.251	0.721	0.724
21.073	619.4	-633.6	0.282	0.288	0.904	0.912
20.679	612.5	-633.0	0.293	0.3	0.944	0.95
19.584	589.6	-628.5	0.32	0.327	0.747	0.756
17.167	538.3	-634.5	0.26	0.271	0.954	0.955
16.907	530.6	-629.8	0.302	0.309	1.081	1.093
16.655	521.1	-624.8	0.341	0.35	0.94	0.942
16.41	514.0	-632.3	0.347	0.355	0.86	0.867
15.082	469.9	-628.7	0.374	0.384	0.715	0.717
14.312	442.7	-627.5	0.378	0.386	0.59	0.601
14.131	435.4	-618.3	0.373	0.38	0.546	0.548
13.956	427.5	-617.4	0.358	0.364	0.477	0.488
13.784	419.8	-616.3	0.344	0.354	0.431	0.437
13.617	412.5	-615.7	0.336	0.343	0.396	0.403
13.454	405.0	-615.2	0.323	0.334	0.368	0.374
13.294	397.8	-614.8	0.314	0.324	0.35	0.351
13.139	395.4	-618.9	0.33	0.336	0.594	0.611
12.987	387.7	-617.8	0.328	0.333	0.556	0.569
12.838	380.7	-617.3	0.325	0.332	0.538	0.551
12.693	372.5	-616.8	0.394	0.4	0.608	0.616
12.551	365.5	-616.3	0.387	0.396	0.591	0.592
12.413	358.5	-615.7	0.385	0.391	0.573	0.576
12.277	351.2	-615.2	0.372	0.38	0.542	0.552
12.145	344.2	-614.7	0.371	0.378	0.532	0.539
12.015	337.2	-614.0	0.365	0.377	0.516	0.519
11.888	329.9	-613.7	0.358	0.366	0.491	0.498
11.764	322.7	-612.9	0.349	0.358	0.466	0.475
11.642	315.3	-612.4	0.341	0.348	0.442	0.453
11.523	310.1	-614.1	0.343	0.354	0.503	0.505
11.406	303.1	-613.7	0.334	0.344	0.482	0.486
11.291	296.0	-613.5	0.33	0.336	0.468	0.479
11.179	289.1	-613.5	0.32	0.331	0.464	0.464
11.069	281.2	-611.9	0.311	0.321	0.426	0.429
10.962	276.6	-619.1	0.282	0.291	0.48	0.485
10.856	266.8	-612.3	0.275	0.284	0.415	0.419
10.752	259.7	-611.9	0.268	0.278	0.402	0.409
10.651	252.3	-611.4	0.263	0.271	0.387	0.393
10.551	245.0	-611.1	0.255	0.266	0.374	0.38
10.453	237.3	-610.6	0.247	0.259	0.355	0.359
10.357	229.0	-609.5	0.238	0.244	0.322	0.332
10.263	221.7	-609.0	0.229	0.239	0.308	0.314
10.17	214.4	-608.6	0.222	0.229	0.291	0.3
10.079	206.9	-608.0	0.213	0.224	0.28	0.284
9.99	195.8	-606.0	0.173	0.18	0.188	0.197
9.902	189.8	-606.3	0.185	0.195	0.214	0.223
9.816	183.4	-606.4	0.188	0.196	0.225	0.229
9.731	176.6	-606.4	0.185	0.197	0.226	0.233
9.648	169.3	-606.2	0.181	0.193	0.222	0.228
9.566	162.0	-605.7	0.175	0.184	0.211	0.219
9.486	157.4	-605.3	0.26	0.268	0.322	0.329
9.406	149.2	-604.5	0.242	0.252	0.292	0.296
9.329	140.5	-603.7	0.219	0.224	0.243	0.252
9.252	133.3	-601.7	0.186	0.196	0.199	0.208
9.177	130.4	-604.4	0.235	0.243	0.345	0.354
9.103	123.9	-604.8	0.236	0.246	0.362	0.371
9.03	117.1	-605.4	0.234	0.244	0.372	0.374
8.958	110.2	-605.6	0.23	0.238	0.367	0.378
8.888	103.1	-605.6	0.228	0.236	0.368	0.378
8.818	95.8	-605.8	0.218	0.23	0.361	0.368
8.75	88.3	-605.6	0.211	0.222	0.351	0.358
8.683	80.9	-605.4	0.202	0.215	0.34	0.344
8.616	73.2	-605.1	0.194	0.206	0.321	0.33
8.551	65.3	-604.7	0.184	0.195	0.305	0.311
8.487	62.1	-616.9	0.104	0.117	0.207	0.214
8.423	53.3	-613.8	0.127	0.141	0.296	0.304
8.361	44.3	-611.9	0.134	0.148	0.338	0.346
8.3	36.4	-611.1	0.129	0.141	0.343	0.35
8.239	31.2	-611.3	0.147	0.158	0.41	0.416
8.179	24.8	-612.5	0.122	0.134	0.349	0.356
8.121	14.1	-608.6	0.132	0.145	0.45	0.457
8.063	7.5	-604.5	0.13	0.142	0.304	0.311
8.005	-0.5	-603.6	0.123	0.134	0.28	0.291
7.949	-9.6	-603.9	0.139	0.152	0.355	0.364
7.893	-16.7	-602.9	0.142	0.157	0.357	0.364
7.839	-24.6	-602.1	0.132	0.143	0.317	0.323
7.785	-32.8	-601.0	0.119	0.13	0.272	0.282
7.731	-41.3	-600.0	0.104	0.117	0.23	0.238
7.679	-50.3	-598.9	0.088	0.103	0.187	0.195
7.627	-59.7	-597.8	0.068	0.086	0.145	0.152
7.576	-68.3	-597.2	0.054	0.075	0.118	0.126
7.525	-76.4	-596.9	0.051	0.07	0.11	0.118
7.476	-83.9	-596.5	0.045	0.064	0.101	0.109
7.426	-91.0	-596.2	0.04	0.061	0.093	0.1
7.378	-98.3	-595.8	0.034	0.058	0.086	0.093
7.33	-106.0	-595.5	0.03	0.054	0.079	0.085
7.283	-113.5	-595.3	0.029	0.051	0.074	0.082
7.236	-120.5	-594.7	0.024	0.048	0.069	0.076
7.19	-127.5	-594.3	0.022	0.046	0.064	0.072
7.145	-134.4	-594.0	0.02	0.046	0.06	0.067
7.1	-137.3	-598.5	0.081	0.092	0.201	0.208
7.056	-144.1	-598.4	0.076	0.092	0.198	0.206
7.012	-151.2	-598.2	0.074	0.09	0.195	0.204
6.969	-158.4	-598.1	0.072	0.089	0.193	0.202
6.926	-165.7	-598.2	0.068	0.087	0.189	0.195
6.884	-172.8	-598.0	0.066	0.084	0.184	0.192
6.842	-179.8	-597.9	0.063	0.081	0.177	0.185
6.801	-187.1	-597.6	0.062	0.082	0.177	0.184
6.76	-194.3	-597.4	0.06	0.079	0.172	0.179
6.72	-200.0	-597.2	0.039	0.063	0.133	0.141
6.68	-210.0	-595.5	0.051	0.072	0.14	0.146
6.641	-217.7	-595.0	0.047	0.069	0.129	0.137
6.602	-225.2	-594.6	0.043	0.064	0.119	0.124
6.564	-232.4	-594.2	0.038	0.06	0.109	0.117
6.526	-240.1	-593.8	0.034	0.057	0.102	0.109
6.489	-247.3	-593.7	0.031	0.057	0.098	0.105
6.452	-255.1	-593.4	0.029	0.054	0.093	0.101
6.415	-262.5	-593.1	0.028	0.051	0.089	0.097
6.379	-269.8	-592.9	0.025	0.05	0.086	0.092
6.343	-276.8	-592.9	0.023	0.049	0.083	0.09
6.308	-283.7	-592.5	0.021	0.047	0.079	0.086
6.273	-290.6	-592.4	0.021	0.045	0.079	0.087
6.238	-294.5	-595.3	0.035	0.055	0.115	0.124
6.204	-301.2	-595.2	0.032	0.055	0.112	0.12
6.17	-308.1	-595.1	0.029	0.054	0.109	0.118
6.136	-315.5	-595.1	0.029	0.053	0.109	0.116
6.103	-322.4	-594.8	0.025	0.051	0.105	0.11
6.071	-329.2	-594.6	0.024	0.049	0.101	0.107
6.038	-336.5	-594.6	0.023	0.047	0.099	0.105
6.006	-343.4	-594.5	0.021	0.047	0.094	0.102
5.974	-349.9	-594.2	0.018	0.046	0.09	0.098
5.943	-356.8	-594.2	0.017	0.044	0.087	0.095
5.912	-363.8	-594.0	0.014	0.043	0.083	0.091
5.881	-370.8	-593.7	0.012	0.042	0.08	0.087
5.851	-377.7	-593.6	0.011	0.04	0.077	0.083
5.821	-388.2	-587.6	-0.009	0.02	0.031	0.028
5.791	-392.7	-585.6	-0.012	0.013	0.02	0.018
5.761	-395.6	-583.8	-0.013	0.005	0.016	0.015
5.732	-397.3	-582.1	-0.014	0.001	0.017	0.012
