# bragg	idgap
Units	Deg	mm
17.397 6.00900
17.200 6.04981
17.190 6.05323
17.180 6.05665
17.170 6.06007
17.160 6.06350
17.150 6.06693
17.140 6.07037
17.130 6.07380
17.120 6.07724
17.110 6.08068
17.100 6.08413
17.090 6.08758
17.080 6.09103
17.070 6.09449
17.060 6.09794
17.050 6.10141
17.040 6.10487
17.030 6.10834
17.020 6.11181
17.010 6.11528
17.000 6.11876
16.990 6.12224
16.980 6.12572
16.970 6.12920
16.960 6.13269
16.950 6.13618
16.940 6.13968
16.930 6.14318
16.920 6.14668
16.910 6.15018
16.900 6.15369
16.890 6.15720
16.880 6.16071
16.870 6.16423
16.860 6.16775
16.850 6.17127
16.840 6.17479
16.830 6.17832
16.820 6.18185
16.810 6.18539
16.800 6.18892
16.790 6.19246
16.780 6.19601
16.770 6.19955
16.760 6.20310
16.750 6.20666
16.740 6.21021
16.730 6.21377
16.720 6.21733
16.710 6.22090
16.700 6.22446
16.690 6.22803
16.680 6.23161
16.670 6.23519
16.660 6.23877
16.650 6.24235
16.640 6.24594
16.630 6.24953
16.620 6.25312
16.610 6.25671
16.600 6.26637
16.590 6.26993
16.580 6.27349
16.570 6.27706
16.560 6.28063
16.550 6.28420
16.540 6.28778
16.530 6.29136
16.520 6.29494
16.510 6.29852
16.500 6.30211
16.490 6.30571
16.480 6.30931
16.470 6.31290
16.460 6.31651
16.450 6.32011
16.440 6.32372
16.430 6.32734
16.420 6.33096
16.410 6.33457
16.400 6.33820
16.390 6.34183
16.380 6.34546
16.370 6.34909
16.360 6.35273
16.350 6.35637
16.340 6.36001
16.330 6.36366
16.320 6.36731
16.310 6.37096
16.300 6.37462
16.290 6.37828
16.280 6.38195
16.270 6.38561
16.260 6.38929
16.250 6.39296
16.240 6.39664
16.230 6.40032
16.220 6.40401
16.210 6.40769
16.200 6.41138
16.190 6.41508
16.180 6.41878
16.170 6.42248
16.160 6.42618
16.150 6.42989
16.140 6.43360
16.130 6.43732
16.120 6.44104
16.110 6.44476
16.100 6.44848
16.090 6.45221
16.080 6.45595
16.070 6.45968
16.060 6.46342
16.050 6.46716
16.040 6.47091
16.030 6.47466
16.020 6.47841
16.010 6.48216
16.000 6.48592
15.990 6.48969
15.980 6.49345
15.970 6.49722
15.960 6.50099
15.950 6.50477
15.940 6.50855
15.930 6.51233
15.920 6.51612
15.910 6.51991
15.900 6.52370
15.890 6.52750
15.880 6.53130
15.870 6.53510
15.860 6.53891
15.850 6.54272
15.840 6.54653
15.830 6.55035
15.820 6.55417
15.810 6.55799
15.800 6.56182
15.790 6.56565
15.780 6.56948
15.770 6.57332
15.760 6.57716
15.750 6.58101
15.740 6.58485
15.730 6.58871
15.720 6.59256
15.710 6.59642
15.700 6.60028
15.690 6.60414
15.680 6.60801
15.670 6.61188
15.660 6.61576
15.650 6.61963
15.640 6.62351
15.630 6.62740
15.620 6.63129
15.610 6.63518
15.600 6.63907
15.590 6.64297
15.580 6.64687
15.570 6.65078
15.560 6.65469
15.550 6.65860
15.540 6.66251
15.530 6.66643
15.520 6.67035
15.510 6.67428
15.500 6.67821
15.490 6.68214
15.480 6.68608
15.470 6.69001
15.460 6.69396
15.450 6.69790
15.440 6.70185
15.430 6.70580
15.420 6.70976
15.410 6.71372
15.400 6.71768
15.390 6.72165
15.380 6.72562
15.370 6.72959
15.360 6.73357
15.350 6.73755
15.340 6.74153
15.330 6.74551
15.320 6.74951
15.310 6.75350
15.300 6.75749
15.290 6.76149
15.200 6.77378
15.190 6.77775
15.180 6.78173
15.170 6.78572
15.160 6.78971
15.150 6.79371
15.140 6.79772
15.130 6.80173
15.120 6.80574
15.110 6.80976
15.100 6.81379
15.090 6.81782
15.080 6.82186
15.070 6.82591
15.060 6.82996
15.050 6.83401
15.040 6.83807
15.030 6.84214
15.020 6.84621
15.010 6.85029
15.000 6.85438
14.990 6.85847
14.980 6.86256
14.970 6.86666
14.960 6.87077
14.950 6.87488
14.940 6.87900
14.930 6.88313
14.920 6.88726
14.910 6.89139
14.900 6.89554
14.890 6.89968
14.880 6.90384
14.870 6.90799
14.860 6.91216
14.850 6.91633
14.840 6.92050
14.830 6.92468
14.820 6.92887
14.810 6.93306
14.800 6.93726
14.790 6.94147
14.780 6.94568
14.770 6.94989
14.760 6.95411
14.750 6.95834
14.740 6.96258
14.730 6.96681
14.720 6.97106
14.710 6.97531
14.700 6.97956
14.690 6.98382
14.680 6.98809
14.670 6.99236
14.660 6.99664
14.650 7.00093
14.640 7.00522
14.630 7.00951
14.620 7.01381
14.610 7.01812
14.600 7.02244
14.590 7.02675
14.580 7.03108
14.570 7.03541
14.560 7.03974
14.550 7.04408
14.540 7.04843
14.530 7.05279
14.520 7.05714
14.510 7.06151
14.500 7.06588
14.490 7.07025
14.480 7.07463
14.470 7.07902
14.460 7.08341
14.450 7.08781
14.440 7.09222
14.430 7.09663
14.420 7.10104
14.410 7.10546
14.400 7.10989
14.390 7.11432
14.380 7.11876
14.370 7.12321
14.360 7.12766
14.350 7.13211
14.340 7.13657
14.330 7.14104
14.320 7.14551
14.310 7.14999
14.300 7.15448
14.290 7.15897
14.280 7.16346
14.270 7.16796
14.260 7.17247
14.250 7.17698
14.240 7.18150
14.230 7.18603
14.220 7.19056
14.210 7.19509
14.200 7.19963
14.190 7.20418
14.180 7.20873
14.170 7.21329
14.160 7.21785
14.150 7.22243
14.140 7.22700
14.130 7.23158
14.120 7.23617
14.110 7.24076
14.100 7.24536
14.090 7.24996
14.080 7.25457
14.070 7.25919
14.060 7.26381
14.050 7.26844
14.040 7.27307
14.030 7.27771
14.020 7.28235
14.010 7.28700
14.000 7.29166
13.990 7.29632
13.980 7.30099
13.970 7.30566
13.960 7.31034
13.950 7.31502
13.940 7.31971
13.930 7.32441
13.920 7.32911
13.910 7.33381
13.900 7.33853
13.890 7.34325
13.880 7.34797
13.870 7.35270
13.860 7.35744
13.850 7.36217
13.840 7.36692
13.830 7.37168
13.820 7.37643
13.810 7.38120
13.800 7.38597
13.790 7.39074
13.780 7.39552
13.770 7.40031
13.760 7.40510
13.750 7.40990
13.740 7.41471
13.730 7.41952
13.720 7.42433
13.710 7.42915
13.700 7.43398
13.690 7.43881
13.680 7.44365
13.670 7.44850
13.660 7.45335
13.650 7.45820
13.640 7.46306
13.630 7.46793
13.620 7.47280
13.610 7.47768
13.600 7.48256
13.590 7.48746
13.580 7.49235
13.570 7.49725
13.560 7.50216
13.550 7.50707
13.540 7.51199
13.530 7.51691
13.520 7.52184
13.510 7.52678
13.500 7.53172
13.490 7.53667
13.480 7.54162
13.470 7.54658
13.460 7.55154
13.450 7.55651
13.440 7.56149
13.430 7.56647
13.420 7.57145
13.410 7.57645
13.400 7.58144
13.390 7.58645
13.380 7.59146
13.370 7.59647
13.360 7.60150
13.350 7.60652
13.340 7.61156
13.330 7.61659
13.320 7.62164
13.310 7.62669
13.300 7.63174
13.290 7.63680
13.280 7.64187
13.270 7.64694
13.260 7.65202
13.250 7.65710
13.240 7.66220
13.230 7.66729
13.220 7.67239
13.210 7.67750
13.200 7.68261
13.190 7.68773
13.180 7.69285
13.170 7.69798
13.160 7.70312
13.150 7.70826
13.140 7.71340
13.130 7.71856
13.120 7.72371
13.110 7.72888
13.100 7.73405
13.090 7.73922
13.080 7.74441
13.070 7.74959
13.060 7.75479
13.050 7.75998
13.040 7.76519
13.030 7.77040
13.020 7.77561
13.010 7.78083
13.000 7.78606
12.990 7.79129
12.980 7.79653
12.970 7.80177
12.960 7.80702
12.950 7.81228
12.940 7.81754
12.930 7.82281
12.920 7.82808
12.910 7.83336
12.900 7.83864
12.890 7.84393
12.880 7.84923
12.870 7.85453
12.860 7.85984
12.850 7.86515
12.840 7.87046
12.830 7.87579
12.820 7.88112
12.810 7.88645
12.800 7.89180
12.790 7.89714
12.780 7.90249
12.770 7.90785
12.760 7.91322
12.750 7.91858
12.740 7.92396
12.730 7.92934
12.720 7.93473
12.710 7.94012
12.700 7.94552
12.690 7.95092
12.680 7.95633
12.670 7.96175
12.660 7.96717
12.650 7.97260
12.640 7.97803
12.630 7.98347
12.620 7.98891
12.610 7.99436
12.600 7.99981
12.590 8.03643
12.580 8.04198
12.570 8.04755
12.560 8.05312
12.550 8.05870
12.540 8.06428
12.530 8.06987
12.520 8.07547
12.510 8.08107
12.500 8.08668
12.490 8.09230
12.480 8.09792
12.470 8.10355
12.460 8.10919
12.450 8.11483
12.440 8.12048
12.430 8.12613
12.420 8.13179
12.410 8.13746
12.400 8.14314
12.390 8.14882
12.380 8.15450
12.370 8.16020
12.360 8.16590
12.350 8.17161
12.340 8.17732
12.330 8.18304
12.320 8.18876
12.310 8.19450
12.300 8.20024
12.290 8.20598
12.280 8.21173
12.270 8.21749
12.260 8.22326
12.250 8.22903
12.240 8.23481
12.230 8.24059
12.220 8.24638
12.210 8.25218
12.200 8.25798
12.190 8.26379
12.180 8.26961
12.170 8.27543
12.160 8.28126
12.150 8.28709
12.140 8.29294
12.130 8.29879
12.120 8.30464
12.110 8.31050
12.100 8.31637
12.090 8.32224
12.080 8.32812
12.070 8.33401
12.060 8.33990
12.050 8.34581
12.040 8.35171
12.030 8.35796
12.020 8.36392
12.010 8.36988
12.000 8.37586
11.990 8.38183
11.980 8.38782
11.970 8.39381
11.960 8.39981
11.950 8.40582
11.940 8.41183
11.930 8.41785
11.920 8.42388
11.910 8.42991
11.900 8.43595
11.890 8.44199
11.880 8.44805
11.870 8.45411
11.860 8.46017
11.850 8.46625
11.840 8.47233
11.830 8.47841
11.820 8.48451
11.810 8.49061
11.800 8.49671
11.790 8.50560
11.780 8.51183
11.770 8.51807
11.760 8.52433
11.750 8.53059
11.740 8.53685
11.730 8.54313
11.720 8.54941
11.710 8.55570
11.700 8.56200
11.690 8.56831
11.680 8.57463
11.670 8.58095
11.660 8.58728
11.650 8.59362
11.640 8.59997
11.630 8.60633
11.620 8.61269
11.610 8.61906
11.600 8.62544
11.590 8.63183
11.580 8.63823
11.570 8.64463
11.560 8.65104
11.550 8.65746
11.540 8.66389
11.530 8.67033
11.520 8.67677
11.510 8.68322
11.500 8.68969
11.490 8.69615
11.480 8.70263
11.470 8.70911
11.460 8.71561
11.450 8.72211
11.440 8.72861
11.430 8.73513
11.420 8.74166
11.410 8.74819
11.400 8.75473
11.390 8.76128
11.380 8.76783
11.370 8.77440
11.360 8.78097
11.350 8.78755
11.340 8.79414
11.330 8.80074
11.320 8.80734
11.310 8.81396
11.300 8.82058
11.290 8.82720
11.280 8.83384
11.270 8.84049
11.260 8.84714
11.250 8.85380
11.230 8.85612
11.220 8.86258
11.210 8.86904
11.200 8.87552
11.190 8.88200
11.180 8.88849
11.170 8.89499
11.160 8.90149
11.150 8.90800
11.140 8.91452
11.130 8.92104
11.120 8.92758
11.110 8.93411
11.100 8.94066
