# bragg	idgap
Units	Deg	mm
60.000 6.20850
59.000 6.25416
58.990 6.25480
58.980 6.25545
58.970 6.25610
58.960 6.25675
58.950 6.25740
58.940 6.25805
58.930 6.25870
58.920 6.25934
58.910 6.25999
58.900 6.26064
58.890 6.26129
58.880 6.26194
58.870 6.26259
58.860 6.26325
58.850 6.26390
58.840 6.26455
58.830 6.26520
58.820 6.26585
58.810 6.26651
58.800 6.26716
58.790 6.26781
58.780 6.26847
58.770 6.26912
58.760 6.26977
58.750 6.27042
58.740 6.27108
58.730 6.27173
58.720 6.27239
58.710 6.27304
58.700 6.27370
58.690 6.27435
58.680 6.27501
58.670 6.27567
58.660 6.27632
58.650 6.27698
58.600 6.29255
58.590 6.29320
58.580 6.29384
58.570 6.29449
58.560 6.29513
58.550 6.29578
58.540 6.29643
58.530 6.29707
58.520 6.29772
58.510 6.29837
58.500 6.30572
58.490 6.30639
58.480 6.30706
58.470 6.30772
58.460 6.30839
58.450 6.30906
58.440 6.30972
58.430 6.31039
58.420 6.31106
58.410 6.31173
58.400 6.31239
58.390 6.31306
58.380 6.31373
58.370 6.31440
58.360 6.31507
58.350 6.31574
58.340 6.31641
58.330 6.31708
58.320 6.31775
58.310 6.31842
58.300 6.31909
58.290 6.31976
58.280 6.32043
58.270 6.32110
58.260 6.32177
58.000 6.32193
57.990 6.32257
57.980 6.32322
57.970 6.32386
57.960 6.32451
57.950 6.32516
57.940 6.32580
57.930 6.32645
57.920 6.32710
57.910 6.32775
57.900 6.32840
57.890 6.32905
57.880 6.32970
57.870 6.33035
57.860 6.33100
57.850 6.33165
57.840 6.33230
57.830 6.33295
57.820 6.33360
57.810 6.33426
57.800 6.33491
57.790 6.33556
57.780 6.33622
57.770 6.33687
57.760 6.33752
57.750 6.33818
57.740 6.33883
57.730 6.33949
57.720 6.34014
57.710 6.34080
57.700 6.34146
57.690 6.34211
57.680 6.34277
57.670 6.34343
57.660 6.34409
57.650 6.34475
57.640 6.34540
57.630 6.34606
57.620 6.34672
57.610 6.34738
57.600 6.34804
57.590 6.34870
57.580 6.34937
57.570 6.35003
57.560 6.35069
57.550 6.35135
57.540 6.35201
57.530 6.35268
57.520 6.35334
57.510 6.35400
57.500 6.35467
57.490 6.35533
57.480 6.35600
57.470 6.35666
57.460 6.35733
57.450 6.35799
57.440 6.35866
57.430 6.35933
57.420 6.35999
57.410 6.36066
57.400 6.36133
57.390 6.36200
57.380 6.36267
57.370 6.36334
57.360 6.36401
57.350 6.36468
57.340 6.36535
57.330 6.36602
57.320 6.36669
57.310 6.36736
57.300 6.36803
57.290 6.36871
57.280 6.36938
57.270 6.37005
57.260 6.37073
57.250 6.37140
57.240 6.37207
57.230 6.37275
57.220 6.37342
57.210 6.37410
57.200 6.37477
57.190 6.37545
57.180 6.37613
57.170 6.37680
57.160 6.37748
57.150 6.37816
57.140 6.37884
57.130 6.37951
57.120 6.38019
57.110 6.38087
57.100 6.38155
57.090 6.38223
57.080 6.38291
57.070 6.38359
57.060 6.38427
57.050 6.38496
57.040 6.38564
57.030 6.38632
57.020 6.38700
57.010 6.38769
57.000 6.38837
56.990 6.38905
56.980 6.38974
56.970 6.39042
56.960 6.39111
56.950 6.39179
56.940 6.39248
56.930 6.39316
56.920 6.39385
56.910 6.39454
56.900 6.39522
56.890 6.39591
56.880 6.39660
56.870 6.39729
56.860 6.39798
56.850 6.39867
56.840 6.39935
56.830 6.40005
56.820 6.40074
56.810 6.40143
56.800 6.40212
56.790 6.40281
56.780 6.40350
56.770 6.40419
56.760 6.40489
56.750 6.40558
56.740 6.40627
56.730 6.40697
56.720 6.40766
56.710 6.40835
56.700 6.40905
56.690 6.40975
56.680 6.41044
56.670 6.41114
56.660 6.41183
56.650 6.41253
56.640 6.41323
56.630 6.41392
56.620 6.41462
56.610 6.41532
56.600 6.41602
56.590 6.41672
56.580 6.41742
56.570 6.41812
56.560 6.41882
56.550 6.41952
56.540 6.42022
56.530 6.42092
56.520 6.42162
56.510 6.42233
56.500 6.42303
56.490 6.42373
56.480 6.42443
56.470 6.42514
56.460 6.42584
56.450 6.42655
56.440 6.42725
56.430 6.42796
56.420 6.42866
56.410 6.42937
56.400 6.43007
56.390 6.43078
56.380 6.43149
56.370 6.43220
56.360 6.43291
56.350 6.43361
56.340 6.43432
56.330 6.43503
56.320 6.43574
56.310 6.43645
56.300 6.43716
56.290 6.43787
56.280 6.43858
56.270 6.43929
56.260 6.44001
56.250 6.44072
56.240 6.44143
56.230 6.44214
56.220 6.44286
56.210 6.44357
56.200 6.44428
56.190 6.44500
56.180 6.44571
56.170 6.44643
56.160 6.44714
56.150 6.44786
56.140 6.44858
56.130 6.44929
56.120 6.45001
56.110 6.45073
56.100 6.45145
56.090 6.45216
56.080 6.45288
56.070 6.45360
56.060 6.45432
56.050 6.45504
56.040 6.45576
56.030 6.45648
56.020 6.45720
56.010 6.45792
56.000 6.45865
55.990 6.45937
55.980 6.46009
55.970 6.46081
55.960 6.46154
55.950 6.46226
55.940 6.46299
55.930 6.46371
55.920 6.46444
55.910 6.46516
55.900 6.46589
55.890 6.46661
55.880 6.46734
55.870 6.46806
55.860 6.46879
55.850 6.46952
55.840 6.47025
55.830 6.47098
55.820 6.47170
55.810 6.47243
55.800 6.47316
55.790 6.47389
55.780 6.47462
55.770 6.47535
55.760 6.47608
55.750 6.47682
55.740 6.47755
55.730 6.47828
55.720 6.47901
55.710 6.47974
55.700 6.48048
55.690 6.48121
55.680 6.48195
55.670 6.48268
55.660 6.48342
55.650 6.48415
55.640 6.48489
55.630 6.48562
55.620 6.48636
55.610 6.48709
55.600 6.48783
55.590 6.48857
55.580 6.48931
55.570 6.49005
55.560 6.49078
55.550 6.49152
55.540 6.49226
55.530 6.49300
55.520 6.49374
55.510 6.49448
55.500 6.49522
55.490 6.49597
55.480 6.49671
55.470 6.49745
55.460 6.49819
55.450 6.49894
55.440 6.49968
55.430 6.50042
55.420 6.50117
55.410 6.50191
55.400 6.50266
55.390 6.50340
55.380 6.50415
55.370 6.50489
55.360 6.50564
55.350 6.50639
55.340 6.50713
55.330 6.50788
55.320 6.50863
55.310 6.50937
55.300 6.51012
55.290 6.51087
55.280 6.51162
55.270 6.51237
55.260 6.51312
55.250 6.51387
55.240 6.51462
55.230 6.51538
55.220 6.51613
55.210 6.51688
55.200 6.51763
55.190 6.51838
55.180 6.51914
55.170 6.51989
55.160 6.52065
55.150 6.52140
55.140 6.52215
55.130 6.52291
55.120 6.52367
55.110 6.52442
55.100 6.52518
55.090 6.52593
55.080 6.52669
55.070 6.52745
55.060 6.52821
55.050 6.52896
55.040 6.52972
55.030 6.53048
55.020 6.53124
55.010 6.53200
55.000 6.53276
54.990 6.53352
54.980 6.53428
54.970 6.53504
54.960 6.53581
54.950 6.53657
54.940 6.53733
54.930 6.53809
54.920 6.53886
54.910 6.53962
54.900 6.54038
54.890 6.54115
54.880 6.54191
54.870 6.54268
54.860 6.54344
54.850 6.54421
54.840 6.54498
54.830 6.54574
54.820 6.54651
54.810 6.54728
54.800 6.54804
54.790 6.54881
54.780 6.54958
54.770 6.55035
54.760 6.55112
54.750 6.55189
54.740 6.55266
54.730 6.55343
54.720 6.55420
54.710 6.55497
54.700 6.55574
54.690 6.55652
54.680 6.55729
54.670 6.55806
54.660 6.55883
54.650 6.55961
54.640 6.56038
54.630 6.56116
54.620 6.56193
54.610 6.56271
54.600 6.56348
54.590 6.56426
54.580 6.56503
54.570 6.56581
54.560 6.56659
54.550 6.56736
54.540 6.56814
54.530 6.56892
54.520 6.56970
54.510 6.57048
54.500 6.57126
54.490 6.57204
54.480 6.57282
54.470 6.57360
54.460 6.57438
54.450 6.57516
54.440 6.57594
54.430 6.57672
54.420 6.57751
54.410 6.57829
54.400 6.57907
54.390 6.57986
54.380 6.58064
54.370 6.58142
54.360 6.58221
54.350 6.58299
54.340 6.58378
54.330 6.58457
54.320 6.58535
54.310 6.58614
54.300 6.58693
54.290 6.58771
54.280 6.58850
54.270 6.58929
54.260 6.59008
54.250 6.59087
54.240 6.59165
54.230 6.59245
54.220 6.59324
54.210 6.59402
54.200 6.59482
54.190 6.59561
54.180 6.59640
54.170 6.59719
54.160 6.59798
54.150 6.59878
54.140 6.59957
54.130 6.60036
54.120 6.60116
54.110 6.60195
54.100 6.60275
54.090 6.60354
54.080 6.60434
54.070 6.60513
54.060 6.60593
54.050 6.60672
54.040 6.60752
54.030 6.60832
54.020 6.60912
54.010 6.60991
54.000 6.61046
53.990 6.61135
53.980 6.61223
53.970 6.61311
53.960 6.61399
53.950 6.61487
53.940 6.61575
53.930 6.61663
53.920 6.61751
53.910 6.61838
53.900 6.61926
53.890 6.62013
53.880 6.62100
53.870 6.62188
53.860 6.62275
53.850 6.62362
53.840 6.62449
53.830 6.62535
53.820 6.62622
53.810 6.62708
53.800 6.62795
53.790 6.62881
53.780 6.62967
53.770 6.63054
53.760 6.63140
53.750 6.63226
53.740 6.63311
53.730 6.63397
53.720 6.63482
53.710 6.63568
53.700 6.63653
53.690 6.63739
53.680 6.63824
53.670 6.63909
53.660 6.63994
53.650 6.64078
53.640 6.64163
53.630 6.64248
53.620 6.64332
53.610 6.64417
53.600 6.64501
53.590 6.64585
53.580 6.64669
53.570 6.64753
53.560 6.64837
53.550 6.64921
53.540 6.65004
53.530 6.65088
53.520 6.65171
53.510 6.65255
53.500 6.65338
53.490 6.65421
53.480 6.65504
53.470 6.65587
53.460 6.65670
53.450 6.65752
53.440 6.65835
53.430 6.65917
53.420 6.66000
53.410 6.66082
53.400 6.66164
53.390 6.66246
53.380 6.66328
53.370 6.66410
53.360 6.66491
53.350 6.66573
53.340 6.66655
53.330 6.66736
53.320 6.66817
53.310 6.66898
53.300 6.66979
53.290 6.67060
53.280 6.67141
53.270 6.67222
53.260 6.67302
53.250 6.67383
53.240 6.67463
53.230 6.67543
53.220 6.67624
53.210 6.67704
53.200 6.67784
53.190 6.67864
53.180 6.67943
53.170 6.68023
53.160 6.68103
53.150 6.68182
53.140 6.68261
53.130 6.68341
53.120 6.68420
53.110 6.68499
53.100 6.68578
53.090 6.68656
53.080 6.68735
53.070 6.68814
53.060 6.68892
53.050 6.68970
53.040 6.69049
53.030 6.69127
53.020 6.69205
53.010 6.69283
53.000 6.69361
52.990 6.69439
52.980 6.69516
52.970 6.69594
52.960 6.69671
52.950 6.69748
52.940 6.69825
52.930 6.69902
52.920 6.69980
52.910 6.70056
52.900 6.70133
52.890 6.70210
52.880 6.70286
52.870 6.70363
52.860 6.70439
52.850 6.70515
52.840 6.70591
52.830 6.70667
52.820 6.70743
52.810 6.70819
52.800 6.70895
52.790 6.70970
52.780 6.71046
52.770 6.71121
52.760 6.71196
52.750 6.71271
52.740 6.71346
52.730 6.71421
52.720 6.71496
52.710 6.71571
52.700 6.71645
52.690 6.71720
52.680 6.71794
52.670 6.71869
52.660 6.71943
52.650 6.72017
52.640 6.72091
52.630 6.72165
52.620 6.72238
52.610 6.72312
52.600 6.72385
52.590 6.72459
52.580 6.72532
52.570 6.72605
52.560 6.72678
52.550 6.72751
52.540 6.72824
52.530 6.72897
52.520 6.72970
52.510 6.73042
52.500 6.73115
52.490 6.73678
52.480 6.73764
52.470 6.73848
52.460 6.73933
52.450 6.74017
52.440 6.74102
52.430 6.74186
52.420 6.74270
52.410 6.74354
52.400 6.74437
52.390 6.74521
52.380 6.74604
52.370 6.74687
52.360 6.74770
52.350 6.74852
52.340 6.74935
52.330 6.75017
52.320 6.75100
52.310 6.75182
52.300 6.75263
52.290 6.75345
52.280 6.75426
52.270 6.75507
52.260 6.75588
52.250 6.75669
52.240 6.75750
52.230 6.75830
52.220 6.75911
52.210 6.75991
52.200 6.76070
52.190 6.76150
52.180 6.76230
52.170 6.76309
52.160 6.76388
52.150 6.76467
52.140 6.76546
52.130 6.76625
52.120 6.76703
52.110 6.76782
52.100 6.76860
52.090 6.76938
52.080 6.77015
52.070 6.77093
52.060 6.77170
52.050 6.77247
52.040 6.77324
52.030 6.77401
52.020 6.77478
52.010 6.77554
52.000 6.77630
51.990 6.77706
51.980 6.77783
51.970 6.77858
51.960 6.77934
51.950 6.78009
51.940 6.78084
51.930 6.78159
51.920 6.78234
51.910 6.78308
51.900 6.78383
51.890 6.78457
51.880 6.78531
51.870 6.78605
51.860 6.78678
51.850 6.78752
51.840 6.78825
51.830 6.78898
51.820 6.78971
51.810 6.79044
51.800 6.79117
51.790 6.81433
51.780 6.81520
51.770 6.81606
51.760 6.81692
51.750 6.81778
51.740 6.81864
51.730 6.81951
51.720 6.82037
51.710 6.82123
51.700 6.82209
51.690 6.82295
51.680 6.82381
51.670 6.82467
51.660 6.82554
51.650 6.82640
51.640 6.82726
51.630 6.82812
51.620 6.82898
51.610 6.82984
51.600 6.83070
51.590 6.83156
51.580 6.83242
51.570 6.83328
51.560 6.83414
51.550 6.83500
51.540 6.83586
51.530 6.83672
51.520 6.83758
51.510 6.83843
51.500 6.83929
51.490 6.84015
51.480 6.84101
51.470 6.84187
51.460 6.84273
51.450 6.84359
51.440 6.84444
51.430 6.84530
51.420 6.84616
51.410 6.84702
51.400 6.84788
51.390 6.84873
51.380 6.84959
51.370 6.85045
51.360 6.85131
51.350 6.85216
51.340 6.85302
51.330 6.85388
51.320 6.85473
51.310 6.85559
51.300 6.85645
