# bragg	idgap
Units	Deg	mm
17.397 6.00900
17.195 6.07499
17.185 6.07731
17.175 6.07972
17.165 6.08220
17.155 6.08476
17.145 6.08743
17.135 6.09014
17.125 6.09296
17.115 6.09585
17.105 6.09882
17.095 6.10188
17.085 6.10500
17.075 6.10822
17.065 6.11153
17.055 6.11491
17.045 6.11837
17.035 6.12191
17.025 6.12553
17.015 6.12924
17.005 6.13300
16.995 6.13687
16.985 6.14082
16.975 6.14480
16.965 6.14896
16.955 6.15315
16.945 6.15742
16.700 6.22230
16.690 6.22578
16.680 6.22927
16.670 6.23277
16.660 6.23626
16.650 6.24148
16.640 6.24494
16.630 6.24841
16.620 6.25188
16.610 6.25536
16.600 6.25884
16.590 6.26233
16.580 6.26582
16.570 6.26932
16.560 6.27282
16.550 6.27632
16.540 6.27983
16.530 6.28334
16.520 6.28686
16.510 6.29038
16.500 6.29391
16.490 6.29744
16.480 6.30098
16.470 6.30452
16.460 6.30806
16.450 6.31161
16.440 6.31516
16.430 6.31872
16.420 6.32228
16.410 6.32584
16.400 6.32941
16.390 6.33299
16.380 6.33657
16.370 6.34015
16.360 6.34374
16.350 6.34733
16.340 6.35093
16.330 6.35453
16.320 6.35814
16.310 6.36175
16.300 6.36536
16.290 6.36898
16.280 6.37260
16.270 6.37623
16.260 6.37986
16.250 6.38350
16.240 6.38714
16.230 6.39078
16.220 6.39443
16.210 6.39809
16.200 6.40174
16.190 6.40541
16.180 6.40908
16.170 6.41275
16.160 6.41642
16.150 6.42010
16.140 6.42379
16.130 6.42748
16.120 6.43117
16.110 6.43487
16.100 6.43857
16.090 6.44228
16.080 6.44599
16.070 6.44971
16.060 6.45343
16.050 6.45715
16.040 6.46088
16.030 6.46461
16.020 6.46835
16.010 6.47209
16.000 6.47584
15.990 6.47959
15.980 6.48335
15.970 6.48710
15.960 6.49087
15.950 6.49464
15.940 6.49841
15.930 6.50219
15.920 6.50597
15.910 6.50976
15.900 6.51355
15.890 6.51734
15.880 6.52114
15.870 6.52495
15.860 6.52875
15.850 6.53257
15.840 6.53638
15.830 6.54020
15.820 6.54403
15.810 6.54786
15.800 6.55169
15.790 6.55553
15.780 6.55938
15.770 6.56322
15.760 6.56708
15.750 6.57093
15.740 6.57480
15.730 6.57866
15.720 6.58253
15.710 6.58641
15.700 6.59028
15.690 6.59417
15.680 6.59805
15.670 6.60195
15.660 6.60584
15.650 6.60974
15.640 6.61365
15.630 6.61756
15.620 6.62147
15.610 6.62539
15.600 6.62931
15.590 6.63324
15.580 6.63717
15.570 6.64111
15.560 6.64505
15.550 6.64899
15.540 6.65294
15.530 6.65690
15.520 6.66085
15.510 6.66482
15.500 6.66878
15.490 6.67275
15.480 6.67673
15.470 6.68071
15.460 6.68469
15.450 6.68868
15.440 6.69267
15.430 6.69667
15.420 6.70068
15.410 6.70468
15.400 6.70869
15.390 6.71271
15.380 6.71673
15.370 6.72075
15.360 6.72478
15.350 6.72881
15.340 6.73285
15.330 6.73689
15.320 6.74094
15.310 6.74499
15.300 6.74904
15.290 6.75310
15.280 6.75717
15.270 6.76123
15.260 6.76531
15.250 6.76938
15.240 6.77347
15.230 6.77755
15.220 6.78164
15.210 6.78574
15.200 6.78984
15.190 6.79394
15.180 6.79805
15.170 6.80216
15.160 6.80628
15.150 6.81040
15.140 6.81452
15.130 6.81865
15.120 6.82279
15.110 6.82692
15.100 6.83107
15.090 6.83521
15.080 6.83937
15.070 6.84352
15.060 6.84768
15.050 6.85185
15.040 6.85602
15.030 6.86019
15.020 6.86437
15.010 6.86855
15.000 6.87274
14.990 6.87693
14.980 6.88113
14.970 6.88533
14.960 6.88953
14.950 6.89374
14.940 6.89795
14.930 6.90217
14.920 6.90639
14.910 6.91062
14.900 6.91485
14.890 6.91909
14.880 6.92333
14.870 6.92757
14.860 6.93182
14.850 6.93607
14.840 6.94033
14.830 6.94460
14.820 6.94886
14.810 6.95313
14.800 6.95741
14.790 6.96169
14.780 6.96597
14.770 6.97026
14.760 6.97455
14.750 6.97885
14.740 6.98315
14.730 6.98746
14.720 6.99177
14.710 6.99608
14.700 7.00040
14.690 7.00472
14.680 7.00905
14.670 7.01338
14.660 7.01772
14.650 7.02206
14.640 7.02641
14.630 7.03076
14.620 7.03511
14.610 7.03947
14.600 7.04383
14.590 7.04820
14.580 7.05258
14.570 7.05695
14.560 7.06133
14.550 7.06572
14.540 7.07011
14.530 7.07450
14.520 7.07890
14.510 7.08330
14.500 7.08771
14.490 7.09212
14.480 7.09654
14.470 7.10096
14.460 7.10538
14.450 7.10981
14.440 7.11465
14.430 7.11909
14.420 7.12354
14.410 7.12799
14.400 7.13245
14.390 7.13691
14.380 7.14138
14.370 7.14585
14.360 7.15032
14.350 7.15480
14.340 7.15928
14.330 7.16377
14.320 7.16826
14.310 7.17276
14.300 7.17726
14.290 7.18176
14.280 7.18627
14.270 7.19078
14.260 7.19530
14.250 7.19982
14.240 7.20435
14.230 7.20888
14.220 7.21341
14.210 7.21795
14.200 7.22250
14.190 7.22705
14.180 7.23160
14.170 7.23615
14.160 7.24071
14.150 7.24528
14.140 7.24985
14.130 7.25442
14.120 7.25900
14.110 7.26358
14.100 7.26676
14.090 7.27137
14.080 7.27598
14.070 7.28059
14.060 7.28522
14.050 7.28985
14.040 7.29448
14.030 7.29912
14.020 7.30377
14.010 7.30842
14.000 7.31308
13.990 7.31775
13.980 7.32242
13.970 7.32709
13.960 7.33177
13.950 7.33646
13.940 7.34116
13.930 7.34586
13.920 7.35056
13.910 7.35528
13.900 7.35999
13.890 7.36472
13.880 7.36945
13.870 7.37418
13.860 7.37893
13.850 7.38367
13.840 7.38843
13.830 7.39319
13.820 7.39795
13.810 7.40272
13.800 7.40750
13.790 7.41228
13.780 7.41707
13.770 7.42187
13.760 7.42667
13.750 7.43148
13.740 7.43629
13.730 7.44111
13.720 7.44593
13.710 7.45077
13.700 7.45560
13.690 7.46044
13.680 7.46529
13.670 7.47015
13.660 7.47501
13.650 7.47988
13.640 7.48475
13.630 7.48962
13.620 7.49451
13.610 7.49940
13.600 7.50430
13.590 7.50920
13.580 7.51411
13.570 7.51902
13.560 7.52394
13.550 7.52886
13.540 7.53380
13.530 7.53874
13.520 7.54368
13.510 7.54863
13.500 7.55358
13.490 7.55855
13.480 7.56351
13.470 7.56849
13.450 7.57247
13.440 7.57744
13.430 7.58243
13.420 7.58742
13.410 7.59242
13.400 7.59742
13.390 7.60243
13.380 7.60745
13.370 7.61248
13.360 7.61751
13.350 7.62255
13.340 7.62760
13.330 7.63265
13.320 7.63771
13.310 7.64278
13.300 7.64785
13.290 7.65294
13.280 7.65803
13.270 7.66312
13.260 7.66822
13.250 7.67333
13.240 7.67845
13.230 7.68357
13.220 7.68870
13.210 7.69384
13.200 7.69898
13.190 7.70413
13.180 7.70929
13.170 7.71446
13.160 7.71963
13.150 7.72481
13.140 7.72999
13.130 7.73518
13.120 7.74038
13.110 7.74559
13.100 7.75080
13.090 7.75602
13.080 7.76125
13.070 7.76648
13.060 7.77173
13.050 7.77697
13.040 7.78223
13.030 7.78749
13.020 7.79276
13.010 7.79803
13.000 7.80332
12.990 7.80861
12.980 7.81390
12.970 7.81921
12.960 7.82452
12.950 7.82984
12.940 7.83516
12.930 7.84049
12.920 7.84583
12.910 7.85117
12.900 7.85653
12.890 7.86188
12.880 7.86725
12.870 7.87262
12.860 7.87800
12.850 7.88339
12.840 7.88878
12.830 7.89418
12.820 7.89959
12.810 7.90501
12.800 7.91043
12.790 7.91586
12.780 7.92129
12.770 7.92673
12.760 7.93218
12.750 7.93764
12.740 7.94310
12.730 7.94857
12.720 7.95405
12.710 7.95953
12.700 7.96502
12.690 7.97052
12.680 7.97602
12.670 7.98154
12.660 7.98705
12.650 7.99258
12.640 7.99811
12.630 8.00365
12.620 8.00920
12.610 8.01475
12.600 8.02031
12.590 8.02588
12.580 8.03145
12.570 8.03703
12.560 8.04262
12.550 8.04821
12.540 8.05697
12.530 8.06250
12.520 8.06804
12.510 8.07358
12.500 8.07913
12.490 8.08357
12.480 8.08922
12.470 8.09488
12.460 8.10055
12.450 8.10623
12.440 8.11191
12.430 8.11760
12.420 8.12329
12.410 8.12900
12.400 8.13471
12.390 8.14043
12.380 8.14615
12.370 8.15188
12.360 8.15762
12.350 8.16337
12.340 8.16912
12.330 8.17488
12.320 8.18065
12.310 8.18642
12.300 8.19220
12.290 8.19799
12.280 8.20379
12.270 8.20959
12.260 8.21540
12.250 8.22122
12.240 8.22704
12.230 8.23287
12.220 8.23871
12.210 8.24456
12.200 8.25041
12.190 8.25627
12.180 8.26214
12.170 8.26801
12.160 8.27389
12.150 8.27978
12.140 8.28567
12.130 8.29158
12.120 8.29749
12.110 8.30340
12.100 8.30933
12.090 8.31526
12.080 8.32120
12.070 8.32714
12.060 8.33309
12.050 8.33905
12.040 8.34502
12.030 8.35099
12.020 8.35697
12.010 8.36296
12.000 8.36895
11.990 8.37496
11.980 8.38097
11.970 8.38698
11.960 8.39300
11.950 8.39903
11.940 8.40507
11.930 8.41112
11.920 8.41717
11.910 8.42323
11.900 8.42929
