# bragg	idgap
Units	Deg	mm
55.800 5.01568
55.790 5.01630
55.780 5.01693
55.770 5.01755
55.760 5.01818
55.750 5.01880
55.740 5.01942
55.730 5.02005
55.720 5.02067
55.710 5.02130
55.700 5.02192
55.690 5.02255
55.680 5.02318
55.670 5.02381
55.660 5.02443
55.650 5.02506
55.640 5.02569
55.630 5.02632
55.620 5.02695
55.610 5.02758
55.600 5.02821
55.590 5.02884
55.580 5.02947
55.570 5.03010
55.560 5.03073
55.550 5.03136
55.540 5.03199
55.530 5.03263
55.520 5.03326
55.510 5.03389
55.500 5.03453
55.490 5.03516
55.480 5.03580
55.470 5.03643
55.460 5.03707
55.450 5.03770
55.440 5.03834
55.430 5.03897
55.420 5.03961
55.410 5.04025
55.400 5.04343
55.390 5.04402
55.380 5.04461
55.370 5.04520
55.360 5.04579
55.350 5.04638
55.340 5.04697
55.330 5.04757
55.320 5.04816
55.310 5.04875
55.300 5.04935
55.290 5.04994
55.280 5.05054
55.270 5.05113
55.260 5.05173
55.250 5.05232
55.240 5.05292
55.230 5.05352
55.220 5.05412
55.210 5.05471
55.200 5.05531
55.190 5.05591
55.180 5.05651
55.170 5.05711
55.160 5.05771
55.150 5.05831
55.140 5.05891
55.130 5.05952
55.120 5.06012
55.110 5.06072
55.100 5.06133
55.090 5.06193
55.080 5.06253
55.070 5.06314
55.060 5.06374
55.050 5.06435
55.040 5.06495
55.030 5.06556
55.020 5.06617
55.010 5.06678
55.000 5.06738
54.990 5.06799
54.980 5.06860
54.970 5.06921
54.960 5.06982
54.950 5.07043
54.940 5.07104
54.930 5.07165
54.920 5.07226
54.910 5.07287
54.900 5.07349
54.890 5.07410
54.880 5.07471
54.870 5.07533
54.860 5.07594
54.850 5.07655
54.840 5.07717
54.830 5.07779
54.820 5.07840
54.810 5.07902
54.800 5.07964
54.790 5.08025
54.780 5.08087
54.770 5.08149
54.760 5.08211
54.750 5.08273
54.740 5.08335
54.730 5.08397
54.720 5.08459
54.710 5.08521
54.700 5.08583
54.690 5.08645
54.680 5.08708
54.670 5.08770
54.660 5.08832
54.650 5.08894
54.640 5.08957
54.630 5.09019
54.620 5.09082
54.610 5.09145
54.600 5.09207
54.590 5.09270
54.580 5.09332
54.570 5.09395
54.560 5.09458
54.550 5.09521
54.540 5.09584
54.530 5.09647
54.520 5.09710
54.510 5.09773
54.500 5.09836
54.490 5.09899
54.480 5.09962
54.470 5.10025
54.460 5.10089
54.450 5.10152
54.440 5.10215
54.430 5.10279
54.420 5.10342
54.410 5.10406
54.400 5.10469
54.390 5.10533
54.380 5.10596
54.370 5.10660
54.360 5.10724
54.350 5.10787
54.340 5.10851
54.330 5.10915
54.320 5.10979
54.310 5.11043
54.300 5.11107
54.290 5.11171
54.280 5.11235
54.270 5.11299
54.260 5.11363
54.250 5.11427
54.240 5.11492
54.230 5.11556
54.220 5.11621
54.210 5.11685
54.200 5.11749
54.190 5.11814
54.180 5.11878
54.170 5.11943
54.160 5.12008
54.150 5.12072
54.140 5.12137
54.130 5.12202
54.120 5.12267
54.110 5.12331
54.100 5.12396
54.090 5.12461
54.080 5.12526
54.070 5.12591
54.060 5.12656
54.050 5.12722
54.040 5.12787
54.030 5.12852
54.020 5.12917
54.010 5.12983
54.000 5.13048
53.990 5.13113
53.980 5.13179
53.970 5.13244
53.960 5.13310
53.950 5.13375
53.940 5.13441
53.930 5.13507
53.920 5.13573
53.910 5.13638
53.900 5.13704
53.890 5.13770
53.880 5.13836
53.870 5.13902
53.860 5.13968
53.850 5.14034
53.840 5.14100
53.830 5.14166
53.820 5.14232
53.810 5.14299
53.800 5.14365
53.790 5.14431
53.780 5.14498
53.770 5.14564
53.760 5.14630
53.750 5.14697
53.740 5.14763
53.730 5.14830
53.720 5.14897
53.710 5.14964
53.700 5.15030
53.690 5.15097
53.680 5.15164
53.670 5.15231
53.660 5.15298
53.650 5.15364
53.640 5.15431
53.630 5.15499
53.620 5.15566
53.610 5.15633
53.600 5.15700
53.590 5.15767
53.580 5.15835
53.570 5.15902
53.560 5.15969
53.550 5.16037
53.540 5.16104
53.530 5.16172
53.520 5.16239
53.510 5.16307
53.500 5.16375
53.490 5.16442
53.480 5.16510
53.470 5.16578
53.460 5.16646
53.450 5.16714
53.440 5.16781
53.430 5.16849
53.420 5.16917
53.410 5.16986
53.400 5.17054
53.390 5.17122
53.380 5.17190
53.370 5.17258
53.360 5.17327
53.350 5.17395
53.340 5.17463
53.330 5.17532
53.320 5.17600
53.310 5.17669
53.300 5.17737
53.290 5.17806
53.280 5.17875
53.270 5.17943
53.260 5.18012
53.250 5.18081
53.240 5.18150
53.230 5.18219
53.220 5.18287
53.210 5.18356
53.200 5.18425
53.190 5.18494
53.180 5.18564
53.170 5.18633
53.160 5.18702
53.150 5.18771
53.140 5.18841
53.130 5.18910
53.120 5.18979
53.110 5.19049
53.100 5.19118
53.090 5.19188
53.080 5.19257
53.070 5.19327
53.060 5.19397
53.050 5.19466
53.040 5.19536
53.030 5.19606
53.020 5.19676
53.010 5.19746
53.000 5.19816
52.990 5.19886
52.980 5.19956
52.970 5.20026
52.960 5.20096
52.950 5.20166
52.940 5.20236
52.930 5.20307
52.920 5.20377
52.910 5.20447
52.900 5.20518
52.890 5.20588
52.880 5.20659
52.870 5.20729
52.860 5.20800
52.850 5.20870
52.840 5.20941
52.830 5.21012
52.820 5.21082
52.810 5.21153
52.800 5.21224
52.790 5.21295
52.780 5.21366
52.770 5.21437
52.760 5.21508
52.750 5.21579
52.740 5.21650
52.730 5.21721
52.720 5.21793
52.710 5.21864
52.700 5.21935
52.690 5.22007
52.680 5.22078
52.670 5.22149
52.660 5.22221
52.650 5.22293
52.640 5.22364
52.630 5.22436
52.620 5.22508
52.610 5.22579
52.600 5.22651
52.590 5.22723
52.580 5.22795
52.570 5.22867
52.560 5.22939
52.550 5.23011
52.540 5.23083
52.530 5.23155
52.520 5.23227
52.510 5.23299
52.500 5.23371
52.490 5.23444
52.480 5.23516
52.470 5.23588
52.460 5.23661
52.450 5.23733
52.440 5.23806
52.430 5.23878
52.420 5.23951
52.410 5.24023
52.400 5.24096
52.390 5.24169
52.380 5.24242
52.370 5.24314
52.360 5.24387
52.350 5.24460
52.340 5.24533
52.330 5.24606
52.320 5.24679
52.310 5.24752
52.300 5.24826
52.290 5.24899
52.280 5.24972
52.270 5.25045
52.260 5.25119
52.250 5.25192
52.240 5.25266
52.230 5.25339
52.220 5.25412
52.210 5.25486
52.200 5.25560
52.190 5.25633
52.180 5.25707
52.170 5.25781
52.160 5.25854
52.150 5.25928
52.140 5.26002
52.130 5.26076
52.120 5.26150
52.110 5.26224
52.100 5.26298
52.090 5.26372
52.080 5.26447
52.070 5.26521
52.060 5.26595
52.050 5.26669
52.040 5.26744
52.030 5.26818
52.020 5.26892
52.010 5.26967
52.000 5.27041
51.990 5.27116
51.980 5.27191
51.970 5.27265
51.960 5.27340
51.950 5.27415
51.940 5.27490
51.930 5.27564
51.920 5.27639
51.910 5.27714
51.900 5.27789
51.890 5.27864
51.880 5.27939
51.870 5.28015
51.860 5.28090
51.850 5.28165
51.840 5.28240
51.830 5.28315
51.820 5.28391
51.810 5.28466
51.800 5.28542
51.790 5.28617
51.780 5.28693
51.770 5.28768
51.760 5.28844
51.750 5.28920
51.740 5.28995
51.730 5.29071
51.720 5.29147
51.710 5.29223
51.700 5.29299
51.690 5.29375
51.680 5.29450
51.670 5.29527
51.660 5.29603
51.650 5.29679
51.640 5.29755
51.630 5.29831
51.620 5.29907
51.610 5.29984
51.600 5.30060
51.590 5.30136
51.580 5.30213
51.570 5.30289
51.560 5.30366
51.550 5.30442
51.540 5.30519
51.530 5.30596
51.520 5.30673
51.510 5.30749
51.500 5.30826
51.490 5.30903
51.480 5.30980
51.470 5.31057
51.460 5.31134
51.450 5.31211
51.440 5.31288
51.430 5.31365
51.420 5.31442
51.410 5.31520
51.400 5.31597
51.390 5.31674
51.380 5.31751
51.370 5.31829
51.360 5.31906
51.350 5.31984
51.340 5.32061
51.330 5.32139
51.320 5.32217
51.310 5.32294
51.300 5.32372
51.290 5.32450
51.280 5.32528
51.270 5.32606
51.260 5.32684
51.250 5.32761
51.240 5.32839
51.230 5.32917
51.220 5.32996
51.210 5.33074
51.200 5.33152
51.190 5.33230
51.180 5.33308
51.170 5.33387
51.160 5.33465
51.150 5.33544
51.140 5.33622
51.130 5.33701
51.120 5.33779
51.110 5.33858
51.100 5.33936
51.090 5.34015
51.080 5.34094
51.070 5.34172
51.060 5.34251
51.050 5.34330
51.040 5.34409
51.030 5.34488
51.020 5.34567
51.010 5.34646
51.000 5.34725
50.990 5.34804
50.980 5.34884
50.970 5.34963
50.960 5.35042
50.950 5.35122
50.940 5.35201
50.930 5.35280
50.920 5.35360
50.910 5.35439
50.900 5.35519
50.890 5.35598
50.880 5.35678
50.870 5.35758
50.860 5.35838
50.850 5.35917
50.840 5.35997
50.830 5.36077
50.820 5.36157
50.810 5.36237
50.800 5.36317
50.790 5.36397
50.780 5.36477
50.770 5.36557
50.760 5.36638
50.750 5.36718
50.740 5.36798
50.730 5.36879
50.720 5.36959
50.710 5.37039
50.700 5.37120
50.690 5.37200
50.680 5.37281
50.670 5.37362
50.660 5.37442
50.650 5.37523
50.640 5.37604
50.630 5.37684
50.620 5.37765
50.610 5.37846
50.600 5.37927
50.590 5.38008
50.580 5.38089
50.570 5.38170
50.560 5.38251
50.550 5.38333
50.540 5.38414
50.530 5.38495
50.520 5.38576
50.510 5.38658
50.500 5.38739
50.490 5.38820
50.480 5.38902
50.470 5.38983
50.460 5.39065
50.450 5.39147
50.440 5.39228
50.430 5.39310
50.420 5.39392
50.410 5.39474
50.400 5.39555
50.390 5.39637
50.380 5.39719
50.370 5.39801
50.360 5.39883
50.350 5.39965
50.340 5.40048
50.330 5.40130
50.320 5.40212
50.310 5.40294
50.300 5.40376
50.290 5.40459
50.280 5.40541
50.270 5.40624
50.260 5.40706
50.250 5.40789
50.240 5.40871
50.230 5.40954
50.220 5.41037
50.210 5.41119
50.200 5.41202
50.190 5.41285
50.180 5.41368
50.170 5.41451
50.160 5.41534
50.150 5.41617
50.140 5.41700
50.130 5.41783
50.120 5.41866
50.110 5.41949
50.100 5.42032
50.090 5.42116
50.080 5.42199
50.070 5.42282
50.060 5.42366
50.050 5.42449
50.040 5.42533
50.030 5.42616
50.020 5.42700
50.010 5.42784
50.000 5.42867
49.990 5.42951
49.980 5.43035
49.970 5.43119
49.960 5.43202
49.950 5.43286
49.940 5.43370
49.930 5.43454
49.920 5.43538
49.910 5.43622
49.900 5.43707
49.890 5.43791
49.880 5.43875
49.870 5.43959
49.860 5.44044
49.850 5.44128
49.840 5.44213
49.830 5.44297
49.820 5.44382
49.810 5.44466
49.800 5.44551
49.790 5.44635
49.780 5.44720
49.770 5.44805
49.760 5.44889
49.750 5.44974
49.740 5.45059
49.730 5.45144
49.720 5.45229
49.710 5.45314
49.700 5.45399
49.690 5.45484
49.680 5.45569
49.670 5.45655
49.660 5.45740
49.650 5.45825
49.640 5.45911
49.630 5.45996
49.620 5.46081
49.610 5.46167
49.600 5.46252
49.590 5.46338
49.580 5.46423
49.570 5.46509
49.560 5.46595
49.550 5.46681
49.540 5.46766
49.530 5.46852
49.520 5.46938
49.510 5.47024
49.500 5.47110
49.490 5.47196
49.480 5.47282
49.470 5.47368
49.460 5.47454
49.450 5.47541
49.440 5.47627
49.430 5.47713
49.420 5.47799
49.410 5.47886
49.400 5.47972
49.390 5.48059
49.380 5.48145
49.370 5.48232
49.360 5.48318
49.350 5.48405
49.340 5.48492
49.330 5.48579
49.320 5.48665
49.310 5.48752
49.300 5.48839
49.290 5.48926
49.280 5.49013
49.270 5.49100
49.260 5.49187
49.250 5.49274
49.240 5.49362
49.230 5.49449
49.220 5.49536
49.210 5.49623
49.200 5.49711
49.190 5.49798
49.180 5.49885
49.170 5.49973
49.160 5.50060
49.150 5.50148
49.140 5.50236
49.130 5.50323
49.120 5.50411
49.110 5.50499
49.100 5.50587
49.090 5.50674
49.080 5.50762
49.070 5.50850
49.060 5.50938
49.050 5.51026
49.040 5.51114
49.030 5.51203
49.020 5.51291
49.010 5.51379
49.000 5.51467
48.990 5.51556
48.980 5.51644
48.970 5.51732
48.960 5.51821
48.950 5.51909
48.940 5.51998
48.930 5.52086
48.920 5.52175
48.910 5.52264
48.900 5.52352
48.890 5.52441
48.880 5.52530
48.870 5.52619
48.860 5.52708
48.850 5.52797
48.840 5.52886
48.830 5.52975
48.820 5.53064
48.810 5.53153
48.800 5.53242
48.790 5.53331
48.780 5.53421
48.770 5.53510
48.760 5.53599
48.750 5.53689
48.740 5.53778
48.730 5.53868
48.720 5.53957
48.710 5.54047
48.700 5.54137
48.690 5.54226
48.680 5.54316
48.670 5.54406
48.660 5.54496
48.650 5.54585
48.640 5.54675
48.630 5.54765
48.620 5.54855
48.610 5.54945
48.600 5.55036
48.590 5.55126
48.580 5.55216
48.570 5.55306
48.560 5.55396
48.550 5.55487
48.540 5.55577
48.530 5.55667
48.520 5.55758
48.510 5.55849
48.500 5.55939
48.490 5.56030
48.480 5.56120
48.470 5.56211
48.460 5.56302
48.450 5.56392
48.440 5.56483
48.430 5.56574
48.420 5.56665
48.410 5.56756
48.400 5.56847
48.390 5.56938
48.380 5.57029
48.370 5.57121
48.360 5.57212
48.350 5.57303
48.340 5.57394
48.330 5.57485
48.320 5.57577
48.310 5.57668
48.300 5.57760
48.290 5.57851
48.280 5.57943
48.270 5.58035
48.260 5.58126
48.250 5.58218
48.240 5.58310
48.230 5.58401
48.220 5.58493
48.210 5.58585
48.200 5.58677
48.190 5.58769
48.180 5.58861
48.170 5.58953
48.160 5.59045
48.150 5.59137
48.140 5.59230
48.130 5.59322
48.120 5.59414
48.110 5.59507
48.100 5.59599
48.090 5.59691
48.080 5.59784
48.070 5.59876
48.060 5.59969
48.050 5.60062
48.040 5.60154
48.030 5.60247
48.020 5.60340
48.010 5.60432
48.000 5.60525
47.990 5.60618
47.980 5.60711
47.970 5.60804
47.960 5.60897
47.950 5.60990
47.940 5.61083
47.930 5.61176
47.920 5.61270
47.910 5.61363
47.900 5.61456
47.890 5.61550
47.880 5.61643
47.870 5.61736
47.860 5.61830
47.850 5.61924
47.840 5.62017
47.830 5.62111
47.820 5.62204
47.810 5.62298
47.800 5.62392
47.790 5.62486
47.780 5.62580
47.770 5.62673
47.760 5.62767
47.750 5.62861
47.740 5.62955
47.730 5.63050
47.720 5.63144
47.710 5.63238
47.700 5.63332
47.690 5.63426
47.680 5.63521
47.670 5.63615
47.660 5.63709
47.650 5.63804
47.640 5.63898
47.630 5.63993
47.620 5.64087
47.610 5.64182
47.600 5.64277
47.590 5.64371
47.580 5.64466
47.570 5.64561
47.560 5.64656
47.550 5.64751
47.540 5.64846
47.530 5.64941
47.520 5.65036
47.510 5.65131
47.500 5.65226
47.490 5.65321
47.480 5.65417
47.470 5.65512
47.460 5.65607
47.450 5.65702
47.440 5.65798
47.430 5.65893
47.420 5.65989
47.410 5.66084
47.400 5.66180
47.390 5.66276
47.380 5.66371
47.370 5.66467
47.360 5.66563
47.350 5.66659
47.340 5.66755
47.330 5.66850
47.320 5.66946
47.310 5.67042
47.300 5.67138
47.290 5.67235
47.280 5.67331
47.270 5.67427
47.260 5.67523
47.250 5.67619
47.240 5.67716
47.230 5.67812
47.220 5.67909
47.210 5.68005
47.200 5.68102
47.190 5.68198
47.180 5.68295
47.170 5.68391
47.160 5.68488
47.150 5.68585
47.140 5.68682
47.130 5.68778
47.120 5.68875
47.110 5.68972
47.100 5.69069
47.090 5.69166
47.080 5.69263
47.070 5.69360
47.060 5.69458
47.050 5.69555
47.040 5.69652
47.030 5.69749
47.020 5.69847
47.010 5.69944
47.000 5.70041
46.990 5.70139
46.980 5.70236
46.970 5.70334
46.960 5.70432
46.950 5.70529
46.940 5.70627
46.930 5.70725
46.920 5.70823
46.910 5.70920
46.900 5.71018
46.890 5.71116
46.880 5.71214
46.870 5.71312
46.860 5.71410
46.850 5.71508
46.840 5.71606
46.830 5.71705
46.820 5.71803
46.810 5.71901
46.800 5.72000
46.790 5.72098
46.780 5.72196
46.770 5.72295
46.760 5.72393
46.750 5.72492
46.740 5.72591
46.730 5.72689
46.720 5.72788
46.710 5.72887
46.700 5.72986
46.690 5.73084
46.680 5.73183
46.670 5.73282
46.660 5.73381
46.650 5.73480
46.640 5.73579
46.630 5.73678
46.620 5.73778
46.610 5.73877
46.600 5.73976
46.590 5.74076
46.580 5.74175
46.570 5.74274
46.560 5.74374
46.550 5.74473
46.540 5.74573
46.530 5.74672
46.520 5.74772
46.510 5.74872
46.500 5.74971
46.490 5.75071
46.480 5.75171
46.470 5.75271
46.460 5.75371
46.450 5.75471
46.440 5.75570
46.430 5.75671
46.420 5.75771
46.410 5.75871
46.400 5.75971
46.390 5.76071
46.380 5.76171
46.370 5.76272
46.360 5.76372
46.350 5.76472
46.340 5.76573
46.330 5.76674
46.320 5.76774
46.310 5.76875
46.300 5.76975
46.290 5.77076
46.280 5.77177
46.270 5.77277
46.260 5.77378
46.250 5.77479
46.240 5.77580
46.230 5.77681
46.220 5.77782
46.210 5.77883
46.200 5.77984
46.190 5.78085
46.180 5.78186
46.170 5.78288
46.160 5.78389
46.150 5.78490
46.140 5.78592
46.130 5.78693
46.120 5.78794
46.110 5.78896
46.100 5.78998
46.090 5.79099
46.080 5.79201
46.070 5.79302
46.060 5.79404
46.050 5.79506
46.040 5.79608
46.030 5.79710
46.020 5.79812
46.010 5.79914
46.000 5.80016
45.990 5.80118
45.980 5.80220
45.970 5.80322
45.960 5.80424
45.950 5.80526
45.940 5.80629
45.930 5.80731
45.920 5.80833
45.910 5.80936
45.900 5.81038
45.890 5.81141
45.880 5.81243
45.870 5.81346
45.860 5.81449
45.850 5.81551
45.840 5.81654
45.830 5.81757
45.820 5.81860
45.810 5.81962
45.800 5.82065
45.790 5.82168
45.780 5.82271
45.770 5.82374
45.760 5.82478
45.750 5.82581
45.740 5.82684
45.730 5.82787
45.720 5.82891
45.710 5.82994
45.700 5.83097
45.690 5.83201
45.680 5.83304
45.670 5.83408
45.660 5.83511
45.650 5.83615
45.640 5.83718
45.630 5.83822
45.620 5.83926
45.610 5.84030
45.600 5.84134
45.590 5.84237
45.580 5.84341
45.570 5.84445
45.560 5.84549
45.550 5.84653
45.540 5.84758
45.530 5.84862
45.520 5.84966
45.510 5.85070
45.500 5.85175
45.490 5.85279
45.480 5.85383
45.470 5.85488
45.460 5.85592
45.450 5.85697
45.440 5.85801
45.430 5.85906
45.420 5.86011
45.410 5.86115
45.400 5.86220
45.390 5.86325
45.380 5.86430
45.370 5.86535
45.360 5.86639
45.350 5.86744
45.340 5.86849
45.330 5.86955
45.320 5.87060
45.310 5.87165
45.300 5.87270
45.290 5.87375
45.280 5.87481
45.270 5.87586
45.260 5.87691
45.250 5.87797
45.240 5.87902
45.230 5.88008
45.220 5.88113
45.210 5.88219
45.200 5.88325
45.190 5.88430
45.180 5.88536
45.170 5.88642
45.160 5.88748
45.150 5.88854
45.140 5.88960
45.130 5.89066
45.120 5.89172
45.110 5.89278
45.100 5.89384
45.090 5.89490
45.080 5.89596
45.070 5.89703
45.060 5.89809
45.050 5.89915
45.040 5.90022
45.030 5.90128
45.020 5.90235
45.010 5.90341
45.000 5.90448
44.990 5.90554
44.980 5.90661
44.970 5.90768
44.960 5.90875
44.950 5.90981
44.940 5.91088
44.930 5.91195
44.920 5.91302
44.910 5.91409
44.900 5.91516
44.890 5.91623
44.880 5.91730
44.870 5.91838
44.860 5.91945
44.850 5.92052
44.840 5.92160
44.830 5.92267
44.820 5.92374
44.810 5.92482
44.800 5.92589
44.790 5.92697
44.780 5.92804
44.770 5.92912
44.760 5.93020
44.750 5.93127
44.740 5.93235
44.730 5.93343
44.720 5.93451
44.710 5.93559
44.700 5.93667
44.690 5.93775
44.680 5.93883
44.670 5.93991
44.660 5.94099
44.650 5.94207
44.640 5.94316
44.630 5.94424
44.620 5.94532
44.610 5.94641
44.600 5.94749
44.590 5.94857
44.580 5.94966
44.570 5.95075
44.560 5.95183
44.550 5.95292
44.540 5.95401
44.530 5.95509
44.520 5.95618
44.510 5.95727
44.500 5.95836
44.490 5.95945
44.480 5.96054
44.470 5.96163
44.460 5.96272
44.450 5.96381
44.440 5.96490
44.430 5.96599
44.420 5.96708
44.410 5.96818
44.400 5.96927
44.390 5.97036
44.380 5.97146
44.370 5.97255
44.360 5.97365
44.350 5.97474
44.340 5.97584
44.330 5.97694
44.320 5.97803
44.310 5.97913
44.300 5.98023
44.290 5.98133
44.280 5.98243
44.270 5.98353
44.260 5.98463
44.250 5.98573
44.240 5.98683
44.230 5.98793
44.220 5.98903
44.210 5.99013
44.200 5.99123
44.190 5.99234
44.180 5.99344
44.170 5.99454
44.160 5.99565
44.150 5.99675
44.140 5.99786
44.130 5.99897
44.120 6.00007
44.110 6.00118
44.100 6.00229
44.090 6.00339
44.080 6.00450
44.070 6.00561
44.060 6.00672
44.050 6.00783
44.040 6.00894
44.030 6.01005
44.020 6.01116
44.010 6.01227
44.000 6.01338
43.990 6.01449
43.980 6.01561
43.970 6.01672
43.960 6.01783
43.950 6.01895
43.940 6.02006
43.930 6.02118
43.920 6.02229
43.910 6.02341
43.900 6.02452
43.890 6.02564
43.880 6.02676
43.870 6.02788
43.860 6.02899
43.850 6.03011
43.840 6.03123
43.830 6.03235
43.820 6.03347
43.810 6.03459
43.800 6.03571
43.790 6.03683
43.780 6.03796
43.770 6.03908
43.760 6.04020
43.750 6.04132
43.740 6.04245
43.730 6.04357
43.720 6.04469
43.710 6.04582
43.700 6.04695
43.690 6.04807
43.680 6.04920
43.670 6.05033
43.660 6.05145
43.650 6.05258
43.640 6.05371
43.630 6.05484
43.620 6.05597
43.610 6.05710
43.600 6.05823
43.590 6.05936
43.580 6.06049
43.570 6.06162
43.560 6.06275
43.550 6.06388
43.540 6.06502
43.530 6.06615
43.520 6.06728
43.510 6.06842
43.500 6.06955
43.490 6.07069
43.480 6.07182
43.470 6.07296
43.460 6.07409
43.450 6.07523
43.440 6.07637
43.430 6.07751
43.420 6.07864
43.410 6.07978
43.400 6.08092
43.390 6.08206
43.380 6.08320
43.370 6.08434
43.360 6.08548
43.350 6.08663
43.340 6.08777
43.330 6.08891
43.320 6.09005
43.310 6.09120
43.300 6.09234
43.290 6.09348
43.280 6.09463
43.270 6.09577
43.260 6.09692
43.250 6.09807
43.240 6.09921
43.230 6.10036
43.220 6.10151
43.210 6.10265
43.200 6.10380
43.190 6.10495
43.180 6.10610
43.170 6.10725
43.160 6.10840
43.150 6.10955
43.140 6.11070
43.130 6.11185
43.120 6.11301
43.110 6.11416
43.100 6.11531
43.090 6.11646
43.080 6.11762
43.070 6.11877
43.060 6.11993
43.050 6.12108
43.040 6.12224
43.030 6.12339
43.020 6.12455
43.010 6.12571
43.000 6.12687
42.990 6.12802
42.980 6.12918
42.970 6.13034
42.960 6.13150
42.950 6.13266
42.940 6.13382
42.930 6.13498
42.920 6.13614
42.910 6.13730
42.900 6.13847
42.890 6.13963
42.880 6.14079
42.870 6.14196
42.860 6.14312
42.850 6.14428
42.840 6.14545
42.830 6.14661
42.820 6.14778
42.810 6.14894
42.800 6.15011
42.790 6.15128
42.780 6.15245
42.770 6.15361
42.760 6.15478
42.750 6.15595
42.740 6.15712
42.730 6.15829
42.720 6.15946
42.710 6.16063
42.700 6.16180
42.690 6.16298
42.680 6.16415
42.670 6.16532
42.660 6.16649
42.650 6.16767
42.640 6.16884
42.630 6.17002
42.620 6.17119
42.610 6.17237
42.600 6.17354
42.590 6.17472
42.580 6.17589
42.570 6.17707
42.560 6.17825
42.550 6.17943
42.540 6.18061
42.530 6.18179
42.520 6.18296
42.510 6.18414
42.500 6.18533
42.490 6.18651
42.480 6.18769
42.470 6.18887
42.460 6.19005
42.450 6.19123
42.440 6.19242
42.430 6.19360
42.420 6.19479
42.410 6.19597
42.400 6.19715
42.390 6.19834
42.380 6.19953
42.370 6.20071
42.360 6.20190
42.350 6.20309
42.340 6.20427
42.330 6.20546
42.320 6.20665
42.310 6.20784
42.300 6.20903
42.290 6.21022
42.280 6.21141
42.270 6.21260
42.260 6.21379
42.250 6.21498
42.240 6.21618
42.230 6.21737
42.220 6.21856
42.210 6.21976
42.200 6.22095
42.190 6.22215
42.180 6.22334
42.170 6.22454
42.160 6.22573
42.150 6.22693
42.140 6.22812
42.130 6.22932
42.120 6.23052
42.110 6.23172
42.100 6.23292
42.090 6.23412
42.080 6.23532
42.070 6.23652
42.060 6.23772
42.050 6.23892
42.040 6.24012
42.030 6.24132
42.020 6.24252
42.010 6.24373
42.000 6.24493
41.990 6.24613
41.980 6.24734
41.970 6.24854
41.960 6.24975
41.950 6.25095
41.940 6.25216
41.930 6.25337
41.920 6.25457
41.910 6.25578
41.900 6.25699
41.890 6.25820
41.880 6.25941
41.870 6.26062
41.860 6.26182
41.850 6.26303
41.840 6.26425
41.830 6.26546
41.820 6.26667
41.810 6.26788
41.800 6.26909
41.790 6.27031
41.780 6.27152
41.770 6.27273
41.760 6.27395
41.750 6.27516
41.740 6.27638
41.730 6.27759
41.720 6.27881
41.710 6.28003
41.700 6.28124
41.690 6.28246
41.680 6.28368
41.670 6.28490
41.660 6.28611
41.650 6.28733
41.640 6.28855
41.630 6.28977
41.620 6.29100
41.610 6.29222
41.600 6.29344
41.590 6.29466
41.580 6.29588
41.570 6.29711
41.560 6.29833
41.550 6.29955
41.540 6.30078
41.530 6.30200
41.520 6.30323
41.510 6.30445
41.500 6.30568
41.490 6.30691
41.480 6.30813
41.470 6.30936
41.460 6.31059
41.450 6.31182
41.440 6.31305
41.430 6.31428
41.420 6.31551
41.410 6.31674
41.400 6.31797
41.390 6.31920
41.380 6.32043
41.370 6.32166
41.360 6.32290
41.350 6.32413
41.340 6.32536
41.330 6.32660
41.320 6.32783
41.310 6.32907
41.300 6.33030
41.290 6.33154
41.280 6.33277
41.270 6.33401
41.260 6.33525
41.250 6.33648
41.240 6.33772
41.230 6.33896
41.220 6.34020
41.210 6.34144
41.200 6.34268
41.190 6.34392
41.180 6.34516
41.170 6.34640
41.160 6.34764
41.150 6.34889
41.140 6.35013
41.130 6.35137
41.120 6.35262
41.110 6.35386
41.100 6.35510
41.090 6.35635
41.080 6.35759
41.070 6.35884
41.060 6.36009
41.050 6.36133
41.040 6.36258
41.030 6.36383
41.020 6.36508
41.010 6.36633
41.000 6.36758
40.990 6.36882
40.980 6.37008
40.970 6.37132
40.960 6.37258
40.950 6.37383
40.940 6.37508
40.930 6.37633
40.920 6.37758
40.910 6.37884
40.900 6.38009
40.890 6.38135
40.880 6.38260
40.870 6.38386
40.860 6.38511
40.850 6.38637
40.840 6.38762
40.830 6.38888
40.820 6.39014
40.810 6.39140
40.800 6.39265
40.790 6.39391
40.780 6.39517
40.770 6.39643
40.760 6.39769
40.750 6.39895
40.740 6.40021
40.730 6.40147
40.720 6.40274
40.710 6.40400
40.700 6.40526
40.690 6.40653
40.680 6.40779
40.670 6.40905
40.660 6.41032
40.650 6.41158
40.640 6.41285
40.630 6.41411
40.620 6.41538
40.610 6.41665
40.600 6.41792
40.590 6.41918
40.580 6.42045
40.570 6.42172
40.560 6.42299
40.550 6.42426
40.540 6.42553
40.530 6.42680
40.520 6.42807
40.510 6.42934
40.500 6.43062
40.490 6.43189
40.480 6.43316
40.470 6.43443
40.460 6.43571
40.450 6.43698
40.440 6.43826
40.430 6.43953
40.420 6.44081
40.410 6.44209
40.400 6.44336
40.390 6.44464
40.380 6.44592
40.370 6.44719
40.360 6.44847
40.350 6.44975
40.340 6.45103
40.330 6.45231
40.320 6.45359
40.310 6.45487
40.300 6.45615
40.290 6.45743
40.280 6.45872
40.270 6.46000
40.260 6.46128
40.250 6.46257
40.240 6.46385
40.230 6.46513
40.220 6.46642
40.210 6.46770
40.200 6.46899
40.190 6.47028
40.180 6.47156
40.170 6.47285
40.160 6.47414
40.150 6.47542
40.140 6.47671
40.130 6.47800
40.120 6.47929
40.110 6.48058
40.100 6.48187
40.090 6.48316
40.080 6.48445
40.070 6.48575
40.060 6.48704
40.050 6.48833
40.040 6.48962
40.030 6.49092
40.020 6.49221
40.010 6.49351
40.000 6.49480
39.990 6.49610
39.980 6.49739
39.970 6.49869
39.960 6.49998
39.950 6.50128
39.940 6.50258
39.930 6.50388
39.920 6.50518
39.910 6.50648
39.900 6.50778
39.890 6.50908
39.880 6.51038
39.870 6.51168
39.860 6.51298
39.850 6.51428
39.840 6.51558
39.830 6.51688
39.820 6.51819
39.810 6.51949
39.800 6.52080
39.790 6.52210
39.780 6.52341
39.770 6.52471
39.760 6.52602
39.750 6.52732
39.740 6.52863
39.730 6.52994
39.720 6.53125
39.710 6.53255
39.700 6.53386
39.690 6.53517
39.680 6.53648
39.670 6.53779
39.660 6.53910
39.650 6.54041
39.640 6.54172
39.630 6.54304
39.620 6.54435
39.610 6.54566
39.600 6.54697
39.590 6.54829
39.580 6.54960
39.570 6.55092
39.560 6.55223
39.550 6.55355
39.540 6.55486
39.530 6.55618
39.520 6.55750
39.510 6.55881
39.500 6.56013
39.490 6.56145
39.480 6.56277
39.470 6.56409
39.460 6.56541
39.450 6.56673
39.440 6.56805
39.430 6.56937
39.420 6.57069
39.410 6.57201
39.400 6.57333
39.390 6.57466
39.380 6.57598
39.370 6.57730
39.360 6.57863
39.350 6.57995
39.340 6.58128
39.330 6.58261
39.320 6.58393
39.310 6.58526
39.300 6.58658
39.290 6.58791
39.280 6.58924
39.270 6.59057
39.260 6.59190
39.250 6.59323
39.240 6.59456
39.230 6.59589
39.220 6.59722
39.210 6.59855
39.200 6.59988
39.190 6.60121
39.180 6.60254
39.170 6.60388
39.160 6.60521
39.150 6.60654
39.140 6.60788
39.130 6.60921
39.120 6.61055
39.110 6.61188
39.100 6.61322
39.090 6.61456
39.080 6.61589
39.070 6.61723
39.060 6.61857
39.050 6.61991
39.040 6.62125
39.030 6.62259
39.020 6.62393
39.010 6.62527
39.000 6.62661
38.990 6.62795
38.980 6.62929
38.970 6.63063
38.960 6.63198
38.950 6.63332
38.940 6.63466
38.930 6.63601
38.920 6.63735
38.910 6.63869
38.900 6.64004
38.890 6.64139
38.880 6.64273
38.870 6.64408
38.860 6.64543
38.850 6.64677
38.840 6.64812
38.830 6.64947
38.820 6.65082
38.810 6.65217
38.800 6.65352
38.790 6.65487
38.780 6.65622
38.770 6.65757
38.760 6.65892
38.750 6.66027
38.740 6.66163
38.730 6.66298
38.720 6.66433
38.710 6.66569
38.700 6.66704
38.690 6.66840
38.680 6.66975
38.670 6.67111
38.660 6.67247
38.650 6.67382
38.640 6.67518
38.630 6.67654
38.620 6.67790
38.610 6.67925
38.600 6.68061
38.590 6.68197
38.580 6.68333
38.570 6.68469
38.560 6.68605
38.550 6.68742
38.540 6.68878
38.530 6.69014
38.520 6.69150
38.510 6.69286
38.500 6.69423
38.490 6.69559
38.480 6.69696
38.470 6.69832
38.460 6.69969
38.450 6.70105
38.440 6.70242
38.430 6.70379
38.420 6.70515
38.410 6.70652
38.400 6.70789
38.390 6.70926
38.380 6.71063
38.370 6.71200
38.360 6.71337
38.350 6.71474
38.340 6.71611
38.330 6.71748
38.320 6.71885
38.310 6.72022
38.300 6.72160
38.290 6.72297
38.280 6.72434
38.270 6.72572
38.260 6.72709
38.250 6.72847
38.240 6.72984
38.230 6.73122
38.220 6.73260
38.210 6.73397
38.200 6.73535
38.190 6.73673
38.180 6.73811
38.170 6.73949
38.160 6.74086
38.150 6.74224
38.140 6.74362
38.130 6.74500
38.120 6.74639
38.110 6.74777
38.100 6.74915
38.090 6.75053
38.080 6.75191
38.070 6.75330
38.060 6.75468
38.050 6.75607
38.040 6.75745
38.030 6.75884
38.020 6.76022
38.010 6.76161
38.000 6.76299
37.990 6.76438
37.980 6.76577
37.970 6.76716
37.960 6.76855
37.950 6.76993
37.940 6.77132
37.930 6.77271
37.920 6.77410
37.910 6.77549
37.900 6.77689
37.890 6.77828
37.880 6.77967
37.870 6.78106
37.860 6.78245
37.850 6.78385
37.840 6.78524
37.830 6.78664
37.820 6.78803
37.810 6.78943
37.800 6.79082
37.790 6.79222
37.780 6.79361
37.770 6.79501
37.760 6.79641
37.750 6.79781
37.740 6.79920
37.730 6.80060
37.720 6.80200
37.710 6.80340
37.700 6.80480
37.690 6.80620
37.680 6.80761
37.670 6.80901
37.660 6.81041
37.650 6.81181
37.640 6.81322
37.630 6.81462
37.620 6.81602
37.610 6.81743
37.600 6.81883
37.590 6.82024
37.580 6.82164
37.570 6.82305
37.560 6.82446
37.550 6.82586
37.540 6.82727
37.530 6.82868
37.520 6.83009
37.510 6.83150
37.500 6.83291
37.490 6.83432
37.480 6.83573
37.470 6.83714
37.460 6.83855
37.450 6.83996
37.440 6.84137
37.430 6.84278
37.420 6.84420
37.410 6.84561
37.400 6.84702
37.390 6.84844
37.380 6.84986
37.370 6.85127
37.360 6.85269
37.350 6.85410
37.340 6.85552
37.330 6.85694
37.320 6.85835
37.310 6.85977
37.300 6.86119
37.290 6.86261
37.280 6.86403
37.270 6.86545
37.260 6.86687
37.250 6.86829
37.240 6.86971
37.230 6.87113
37.220 6.87256
37.210 6.87398
37.200 6.87540
37.190 6.87683
37.180 6.87825
37.170 6.87967
37.160 6.88110
37.150 6.88252
37.140 6.88395
37.130 6.88538
37.120 6.88680
37.110 6.88823
37.100 6.88966
37.090 6.89109
37.080 6.89252
37.070 6.89395
37.060 6.89537
37.050 6.89680
37.040 6.89824
37.030 6.89967
37.020 6.90110
37.010 6.90253
37.000 6.90396
36.990 6.90540
36.980 6.90683
36.970 6.90826
36.960 6.90970
36.950 6.91113
36.940 6.91257
36.930 6.91400
36.920 6.91544
36.910 6.91687
36.900 6.91831
36.890 6.91975
36.880 6.92119
36.870 6.92262
36.860 6.92406
36.850 6.92550
36.840 6.92694
36.830 6.92838
36.820 6.92982
36.810 6.93126
36.800 6.93271
36.790 6.93415
36.780 6.93559
36.770 6.93703
36.760 6.93848
36.750 6.93992
36.740 6.94136
36.730 6.94281
36.720 6.94425
36.710 6.94570
36.700 6.94715
36.690 6.94859
36.680 6.95004
36.670 6.95149
36.660 6.95293
36.650 6.95438
36.640 6.95583
36.630 6.95728
36.620 6.95873
36.610 6.96018
36.600 6.96163
36.590 6.96308
36.580 6.96453
36.570 6.96599
36.560 6.96744
36.550 6.96889
36.540 6.97034
36.530 6.97180
36.520 6.97325
36.510 6.97471
36.500 6.97616
36.490 6.97762
36.480 6.97908
36.470 6.98053
36.460 6.98199
36.450 6.98345
36.440 6.98491
36.430 6.98636
36.420 6.98782
36.410 6.98928
36.400 6.99074
36.390 6.99220
36.380 6.99366
36.370 6.99512
36.360 6.99658
36.350 6.99805
36.340 6.99951
36.330 7.00097
36.320 7.00244
36.310 7.00390
36.300 7.00537
36.290 7.00683
36.280 7.00830
36.270 7.00976
36.260 7.01123
36.250 7.01269
36.240 7.01416
36.230 7.01563
36.220 7.01710
36.210 7.01857
36.200 7.02003
36.190 7.02150
36.180 7.02297
36.170 7.02444
36.160 7.02591
36.150 7.02739
36.140 7.02886
36.130 7.03033
36.120 7.03180
36.110 7.03328
36.100 7.03475
36.090 7.03622
36.080 7.03770
36.070 7.03917
36.060 7.04065
36.050 7.04212
36.040 7.04360
36.030 7.04508
36.020 7.04655
36.010 7.04803
36.000 7.04951
35.990 7.05099
35.980 7.05247
35.970 7.05395
35.960 7.05543
35.950 7.05691
35.940 7.05839
35.930 7.05987
35.920 7.06135
35.910 7.06283
35.900 7.06432
35.890 7.06580
35.880 7.06728
35.870 7.06877
35.860 7.07025
35.850 7.07174
35.840 7.07322
35.830 7.07471
35.820 7.07620
35.810 7.07768
35.800 7.07917
35.790 7.08066
35.780 7.08215
35.770 7.08363
35.760 7.08512
35.750 7.08661
35.740 7.08810
35.730 7.08959
35.720 7.09109
35.710 7.09258
35.700 7.09407
35.690 7.09556
35.680 7.09705
35.670 7.09855
35.660 7.10004
35.650 7.10153
35.640 7.10303
35.630 7.10452
35.620 7.10602
35.610 7.10752
35.600 7.10901
35.590 7.11051
35.580 7.11201
35.570 7.11350
35.560 7.11500
35.550 7.11650
35.540 7.11800
35.530 7.11950
35.520 7.12100
35.510 7.12250
35.500 7.12400
35.490 7.12550
35.480 7.12701
35.470 7.12851
35.460 7.13001
35.450 7.13151
35.440 7.13302
35.430 7.13452
35.420 7.13603
35.410 7.13753
35.400 7.13904
35.396 7.20522
35.386 7.20690
35.376 7.20858
35.366 7.21025
35.356 7.21193
35.346 7.21361
35.336 7.21529
35.326 7.21696
35.316 7.21864
35.306 7.22033
35.296 7.22201
35.286 7.22369
35.276 7.22537
35.266 7.22705
35.256 7.22874
35.246 7.23042
35.236 7.23211
35.226 7.23379
35.216 7.23548
35.206 7.23716
35.196 7.23885
35.186 7.24054
35.176 7.24223
35.166 7.24392
35.156 7.24561
35.146 7.24730
35.136 7.24899
35.126 7.25068
35.116 7.25237
35.106 7.25406
35.096 7.25576
35.086 7.25745
35.076 7.25914
35.066 7.26084
35.056 7.26254
35.046 7.26423
35.036 7.26593
35.026 7.26763
35.016 7.26933
35.006 7.27102
34.996 7.27272
34.986 7.27442
34.976 7.27612
34.966 7.27783
34.956 7.27953
34.946 7.28123
34.936 7.28293
34.926 7.28464
34.916 7.28634
34.906 7.28805
34.896 7.28975
34.886 7.29146
34.876 7.29317
34.866 7.29488
34.856 7.29658
34.846 7.29829
34.836 7.30000
34.826 7.30171
34.816 7.30342
34.806 7.30513
34.796 7.30685
34.786 7.30856
34.776 7.31027
34.766 7.31199
34.756 7.31370
34.746 7.31542
34.736 7.31713
34.726 7.31885
34.716 7.32056
34.706 7.32228
34.696 7.32400
34.686 7.32572
34.676 7.32744
34.666 7.32916
34.656 7.33088
34.646 7.33260
34.636 7.33432
34.626 7.33605
34.616 7.33777
34.606 7.33949
34.596 7.34122
34.586 7.34294
34.576 7.34467
34.566 7.34639
34.556 7.34812
34.546 7.34985
34.536 7.35158
34.526 7.35331
34.516 7.35503
34.506 7.35676
34.496 7.35849
34.486 7.36023
34.476 7.36196
34.466 7.36369
34.456 7.36542
34.446 7.36716
34.436 7.36889
34.426 7.37063
34.416 7.37236
34.406 7.37410
34.396 7.37584
34.386 7.37757
34.376 7.37931
34.366 7.38105
34.356 7.38279
34.346 7.38453
34.336 7.38627
34.326 7.38801
34.316 7.38975
34.306 7.39149
34.296 7.39324
34.286 7.39498
34.276 7.39673
34.266 7.39847
34.256 7.40022
34.246 7.40196
34.236 7.40371
34.226 7.40546
34.216 7.40720
34.206 7.40895
34.196 7.41070
34.186 7.41245
34.176 7.41420
34.166 7.41595
34.156 7.41771
34.146 7.41946
34.136 7.42121
34.126 7.42296
34.116 7.42472
34.106 7.42647
34.096 7.42823
34.086 7.42998
34.076 7.43174
34.066 7.43350
34.056 7.43526
34.046 7.43701
34.036 7.43877
34.026 7.44053
34.016 7.44229
34.006 7.44405
33.996 7.44582
33.986 7.44758
33.976 7.44934
33.966 7.45111
33.956 7.45287
33.946 7.45463
33.936 7.45640
33.926 7.45817
33.916 7.45993
33.906 7.46170
33.896 7.46347
33.886 7.46523
33.876 7.46700
33.866 7.46877
33.856 7.47054
33.846 7.47231
33.836 7.47409
33.826 7.47586
33.816 7.47763
33.806 7.47941
33.796 7.48118
33.786 7.48295
33.776 7.48473
33.766 7.48651
33.756 7.48828
33.746 7.49006
33.736 7.49184
33.726 7.49362
33.716 7.49539
33.706 7.49717
33.696 7.49895
33.686 7.50073
33.676 7.50252
33.666 7.50430
33.656 7.50608
33.646 7.50787
33.636 7.50965
33.626 7.51143
33.616 7.51322
33.606 7.51501
33.596 7.51679
33.586 7.51858
33.576 7.52037
33.566 7.52215
33.556 7.52394
33.546 7.52573
33.536 7.52752
33.526 7.52931
33.516 7.53111
33.506 7.53290
33.496 7.53469
33.486 7.53648
33.476 7.53828
33.466 7.54007
33.456 7.54187
33.446 7.54366
33.436 7.54546
33.426 7.54726
33.416 7.54905
33.406 7.55085
33.396 7.55265
33.386 7.55445
33.376 7.55625
33.366 7.55805
33.356 7.55985
33.346 7.56165
33.336 7.56346
33.326 7.56526
33.316 7.56706
33.306 7.56887
33.296 7.57067
33.286 7.57248
33.276 7.57429
33.266 7.57609
33.256 7.57790
33.246 7.57971
33.236 7.58152
33.226 7.58333
33.216 7.58514
33.206 7.58695
33.196 7.58876
33.186 7.59057
33.176 7.59238
33.166 7.59420
33.156 7.59601
33.146 7.59782
33.136 7.59964
33.126 7.60145
33.116 7.60327
33.106 7.60509
33.096 7.60690
33.086 7.60872
33.076 7.61054
33.066 7.61236
33.056 7.61418
33.046 7.61600
33.036 7.61782
33.026 7.61964
33.016 7.62147
33.006 7.62329
32.996 7.62511
32.986 7.62694
32.976 7.62876
32.966 7.63059
32.956 7.63241
32.946 7.63424
32.936 7.63607
32.926 7.63790
32.916 7.63972
32.906 7.64155
32.896 7.64338
32.886 7.64521
32.876 7.64705
32.866 7.64888
32.856 7.65071
32.846 7.65254
32.836 7.65438
32.826 7.65621
32.816 7.65804
32.806 7.65988
32.796 7.66172
32.786 7.66355
32.776 7.66539
32.766 7.66723
32.756 7.66907
32.746 7.67091
32.736 7.67275
32.726 7.67459
32.716 7.67643
32.706 7.67827
32.696 7.68011
32.686 7.68196
32.676 7.68380
32.666 7.68564
32.656 7.68749
32.646 7.68933
32.636 7.69118
32.626 7.69303
32.616 7.69487
32.606 7.69672
32.596 7.69857
32.586 7.70042
32.576 7.70227
32.566 7.70412
32.556 7.70597
32.546 7.70782
32.536 7.70967
32.526 7.71153
32.516 7.71338
32.506 7.71523
32.496 7.71709
32.486 7.71894
32.476 7.72080
32.466 7.72266
32.456 7.72451
32.446 7.72637
32.436 7.72823
32.426 7.73009
32.416 7.73195
32.406 7.73381
32.396 7.73567
32.386 7.73753
32.376 7.73939
32.366 7.74126
32.356 7.74312
32.000 7.74496
31.990 7.74695
31.980 7.74895
31.970 7.75095
31.960 7.75295
31.950 7.75495
31.940 7.75695
31.930 7.75895
31.920 7.76095
31.910 7.76296
31.900 7.76496
31.890 7.76697
31.880 7.76897
31.870 7.77098
31.860 7.77299
31.850 7.77500
31.840 7.77701
31.830 7.77902
31.820 7.78103
31.810 7.78304
31.800 7.78506
31.790 7.78707
31.780 7.78908
31.770 7.79110
31.760 7.79312
31.750 7.79514
31.740 7.79716
31.730 7.79918
31.720 7.80120
31.710 7.80322
31.700 7.80524
31.690 7.80726
31.680 7.80929
31.670 7.81131
31.660 7.81334
31.650 7.81537
31.640 7.81740
31.630 7.81943
31.620 7.82146
31.610 7.82349
31.600 7.84060
31.590 7.84255
31.580 7.84449
31.570 7.84644
31.560 7.84838
31.550 7.85033
31.540 7.85228
31.530 7.85423
31.520 7.85618
31.510 7.85814
31.500 7.86009
31.490 7.86205
31.480 7.86401
31.470 7.86597
31.460 7.86793
31.450 7.86989
31.440 7.87186
31.430 7.87382
31.420 7.87579
31.410 7.87776
31.400 7.87973
31.390 7.88170
31.380 7.88367
31.370 7.88565
31.360 7.88762
31.350 7.88960
31.340 7.89158
31.330 7.89356
31.320 7.89554
31.310 7.89752
31.300 7.89951
31.290 7.90149
31.280 7.90348
31.270 7.90547
31.260 7.90746
31.250 7.90945
31.240 7.91145
31.230 7.91344
31.220 7.91544
31.210 7.91744
31.200 7.91943
31.190 7.92144
31.180 7.92344
31.170 7.92544
31.160 7.92745
31.150 7.92945
31.140 7.93146
31.130 7.93347
31.120 7.93548
31.110 7.93749
31.100 7.93951
31.090 7.94152
31.080 7.94354
31.070 7.94556
31.060 7.94757
31.050 7.94960
31.040 7.95162
31.030 7.95364
31.020 7.95567
31.010 7.95769
31.000 7.95972
30.990 7.96175
30.980 7.96378
30.970 7.96582
30.960 7.96785
30.950 7.96988
30.940 7.97192
30.930 7.97396
30.920 7.97600
30.910 7.97804
30.900 7.98009
30.890 7.98213
30.880 7.98417
30.870 7.98622
30.860 7.98827
30.850 7.99032
30.840 7.99237
30.830 7.99442
30.820 7.99648
30.810 7.99854
30.800 8.00059
30.790 8.00265
30.780 8.00471
30.770 8.00677
30.760 8.00884
30.750 8.01090
30.740 8.01297
30.730 8.01503
30.720 8.01710
30.710 8.01917
30.700 8.02125
30.690 8.02332
30.680 8.02539
30.670 8.02747
30.660 8.02955
30.650 8.03163
30.640 8.03371
30.630 8.03579
30.620 8.03787
30.610 8.03996
30.600 8.04204
30.590 8.04413
30.580 8.04622
30.570 8.04831
30.560 8.05040
30.500 8.05149
30.490 8.05352
30.480 8.05554
30.470 8.05757
30.460 8.05960
30.450 8.06164
30.440 8.06367
30.430 8.06571
30.420 8.06775
30.410 8.06979
30.400 8.07183
30.390 8.07388
30.380 8.07592
30.370 8.07797
30.360 8.08002
30.350 8.08208
30.340 8.08413
30.330 8.08619
30.320 8.08825
30.310 8.09031
30.300 8.09238
30.290 8.09444
30.280 8.09651
30.270 8.09858
30.260 8.10065
30.250 8.10272
30.240 8.10480
30.230 8.10688
30.220 8.10896
30.210 8.11104
30.200 8.11312
30.190 8.11521
30.180 8.11730
30.170 8.11939
30.160 8.12148
30.150 8.12357
30.140 8.12567
30.130 8.12777
30.120 8.12987
30.110 8.13197
30.100 8.13407
30.090 8.13618
30.080 8.13829
30.070 8.14040
30.060 8.14251
30.050 8.14462
30.040 8.14674
30.030 8.14886
30.020 8.15098
30.010 8.15310
30.000 8.15523
29.990 8.15735
29.980 8.15948
29.970 8.16161
29.960 8.16375
29.950 8.16588
29.940 8.16802
29.930 8.17016
29.920 8.17230
29.910 8.17444
29.900 8.17658
29.890 8.17873
29.880 8.18088
29.870 8.18303
29.860 8.18518
29.850 8.18734
29.840 8.18950
29.830 8.19166
29.820 8.19382
29.810 8.19598
29.800 8.19815
29.790 8.20031
29.780 8.20248
29.770 8.20465
29.760 8.20683
29.750 8.20900
29.740 8.21118
29.730 8.21336
29.720 8.21554
29.710 8.21772
29.700 8.21991
29.690 8.22210
29.680 8.22429
29.670 8.22648
29.660 8.22867
29.650 8.23087
29.640 8.23306
29.630 8.23527
29.620 8.23747
29.610 8.23967
29.600 8.24188
29.590 8.24408
29.580 8.24629
29.570 8.24851
29.560 8.25072
29.550 8.25294
29.540 8.25515
29.530 8.25737
29.520 8.25960
29.510 8.26182
29.500 8.26405
29.490 8.26628
29.480 8.26851
29.470 8.27074
29.460 8.27297
29.450 8.27521
29.440 8.27745
29.430 8.27969
29.420 8.28193
29.410 8.28418
29.400 8.28642
29.390 8.28867
29.380 8.29092
29.370 8.29317
29.360 8.29543
29.350 8.29769
29.340 8.29994
29.330 8.30220
29.320 8.30447
29.310 8.30673
29.300 8.30900
29.290 8.31127
29.280 8.31354
29.270 8.31581
29.260 8.31809
29.250 8.32036
29.240 8.32264
29.230 8.32493
29.220 8.32721
29.210 8.32949
29.200 8.33178
29.190 8.33407
29.180 8.33636
29.170 8.33866
29.160 8.34095
29.150 8.34325
29.140 8.34555
29.130 8.34785
29.120 8.35015
29.110 8.35246
29.100 8.35476
29.090 8.35707
29.080 8.35939
29.070 8.36170
29.060 8.36401
29.050 8.36633
29.040 8.36865
29.030 8.37097
29.020 8.37330
29.010 8.37563
29.000 8.37795
28.990 8.38028
28.980 8.38262
28.970 8.38495
28.960 8.38729
28.950 8.38962
28.940 8.39196
28.930 8.39431
28.920 8.39665
28.910 8.39900
28.900 8.40134
28.890 8.40369
28.880 8.40605
28.870 8.40840
28.860 8.41076
28.850 8.41312
28.840 8.41548
28.830 8.41784
28.820 8.42020
28.810 8.42257
28.800 8.42494
28.790 8.42731
28.780 8.42968
28.770 8.43206
28.760 8.43443
28.750 8.43681
28.740 8.43919
28.730 8.44158
28.720 8.44396
28.710 8.44635
28.700 8.44874
28.690 8.45113
28.680 8.45352
28.670 8.45592
28.660 8.45831
28.650 8.46071
28.640 8.46311
28.630 8.46552
28.620 8.46792
28.610 8.47033
28.600 8.47274
28.590 8.47515
28.580 8.47756
28.570 8.47998
28.560 8.48240
28.550 8.48481
28.540 8.48724
28.530 8.48966
28.520 8.49209
28.510 8.49451
28.500 8.49694
28.490 8.49937
28.480 8.50181
28.470 8.50424
28.460 8.50668
28.450 8.50912
28.440 8.51156
28.430 8.51401
28.420 8.51645
28.410 8.51890
28.400 8.52135
28.390 8.52380
28.380 8.52626
28.370 8.52871
28.360 8.53117
28.350 8.53363
28.340 8.53609
28.330 8.53856
28.320 8.54102
28.310 8.54349
28.300 8.54596
28.290 8.54844
28.280 8.55091
28.270 8.55339
28.260 8.55586
28.250 8.55835
28.240 8.56083
28.230 8.56331
28.220 8.56580
28.210 8.56829
28.200 8.57078
28.190 8.57327
28.180 8.57577
28.170 8.57826
28.160 8.58076
28.150 8.58326
28.140 8.58576
28.130 8.58827
28.120 8.59078
28.110 8.59329
28.100 8.59580
28.090 8.59831
28.080 8.60083
28.070 8.60334
28.060 8.60586
28.050 8.60838
28.040 8.61090
28.030 8.61343
28.020 8.61596
28.010 8.61849
28.000 8.62102
27.990 8.62355
27.980 8.62609
27.970 8.62863
27.960 8.63117
27.950 8.63371
27.940 8.63625
27.930 8.63879
27.920 8.64134
27.910 8.64389
27.900 8.64644
27.890 8.64900
27.880 8.65155
27.870 8.65411
27.860 8.65667
27.850 8.65923
27.840 8.66180
27.830 8.66436
27.820 8.66693
27.810 8.66950
27.800 8.67207
27.790 8.67465
27.780 8.67722
27.770 8.67980
27.760 8.68238
27.750 8.68496
27.740 8.68755
27.730 8.69014
27.720 8.69272
27.710 8.69531
27.700 8.69790
27.690 8.70050
27.680 8.70310
27.670 8.70570
27.660 8.70830
27.650 8.71090
27.640 8.71350
27.630 8.71611
27.620 8.71872
27.610 8.72133
27.600 8.72394
27.590 8.72655
27.580 8.72917
27.570 8.73179
27.560 8.73441
27.550 8.73704
27.540 8.73966
27.530 8.74229
27.520 8.74492
27.510 8.74755
27.500 8.75018
27.490 8.75282
27.480 8.75545
27.470 8.75809
27.460 8.76073
27.450 8.76338
27.440 8.76602
27.430 8.76867
27.420 8.77132
27.410 8.77397
27.400 8.77662
27.390 8.77928
27.380 8.78193
27.370 8.78459
27.360 8.78726
27.350 8.78992
27.340 8.79259
27.330 8.79525
27.320 8.79792
27.310 8.80059
27.300 8.80327
27.290 8.80594
27.280 8.80862
27.270 8.81130
27.260 8.81398
27.250 8.81667
27.240 8.81935
27.230 8.82204
27.220 8.82473
27.210 8.82742
27.200 8.83012
27.190 8.83281
27.180 8.83551
27.170 8.83821
27.160 8.84091
27.150 8.84362
27.140 8.84632
27.130 8.84903
27.120 8.85174
27.110 8.85446
27.100 8.85717
27.090 8.85989
27.080 8.86261
27.070 8.86533
27.060 8.86805
27.050 8.87077
27.040 8.87350
27.030 8.87623
27.020 8.87896
27.010 8.88169
27.000 8.88443
26.990 8.88716
26.980 8.88990
26.970 8.89264
26.960 8.89539
26.950 8.89813
26.940 8.90088
26.930 8.90363
26.920 8.90638
26.910 8.90913
26.900 8.91189
26.890 8.91464
26.880 8.91740
26.870 8.92016
26.860 8.92293
26.850 8.92569
26.840 8.92846
26.830 8.93123
26.820 8.93400
26.810 8.93677
26.800 8.93955
26.790 8.94233
26.780 8.94511
26.770 8.94789
26.760 8.95067
26.750 8.95345
26.740 8.95624
26.730 8.95903
26.720 8.96183
26.710 8.96462
26.700 8.96741
26.690 8.97021
26.680 8.97301
26.670 8.97581
26.660 8.97862
26.650 8.98143
26.640 8.98423
26.630 8.98704
26.620 8.98985
26.610 8.99267
26.600 8.99549
26.590 8.99830
26.580 9.00112
26.570 9.00394
26.560 9.00677
26.550 9.00960
26.540 9.01242
26.530 9.01525
26.520 9.01809
26.510 9.02092
26.500 9.02376
26.490 9.02660
26.480 9.02944
26.470 9.03228
26.460 9.03512
26.450 9.03797
26.440 9.04082
26.430 9.04367
26.420 9.04652
26.410 9.04938
26.400 9.05223
26.390 9.05509
26.380 9.05795
26.370 9.06082
26.360 9.06368
26.350 9.06655
26.340 9.06942
26.330 9.07229
26.320 9.07516
26.310 9.07804
26.300 9.08091
26.290 9.08379
26.280 9.08667
26.270 9.08956
26.260 9.09244
26.250 9.09533
26.240 9.09822
26.230 9.10111
26.220 9.10400
26.210 9.10690
26.200 9.10980
26.190 9.11270
26.180 9.11560
26.170 9.11850
26.160 9.12141
26.150 9.12432
26.140 9.12722
26.130 9.13014
26.120 9.13305
26.110 9.13597
26.100 9.13888
26.090 9.14180
26.080 9.14472
26.070 9.14765
26.060 9.15058
26.050 9.15350
26.040 9.15643
26.030 9.15937
26.020 9.16230
26.010 9.16524
26.000 9.16817
25.990 9.17111
25.980 9.17406
25.970 9.17700
25.960 9.17995
25.950 9.18289
25.940 9.18585
25.930 9.18880
25.920 9.19175
25.910 9.19471
25.900 9.19767
25.890 9.20063
25.880 9.20359
25.870 9.20656
25.860 9.20952
25.850 9.21249
25.840 9.21546
25.830 9.21843
25.820 9.22141
25.810 9.22438
25.800 9.22736
25.790 9.23034
25.780 9.23333
25.770 9.23631
25.760 9.23930
25.750 9.24229
25.740 9.24528
25.730 9.24827
25.720 9.25127
25.710 9.25427
25.700 9.25727
25.690 9.26027
25.680 9.26327
25.670 9.26627
25.660 9.26928
25.650 9.27229
25.640 9.27530
25.630 9.27832
25.620 9.28133
25.610 9.28435
25.600 9.28737
25.590 9.29039
25.580 9.29341
25.570 9.29644
25.560 9.29947
25.550 9.30250
25.540 9.30553
25.530 9.30856
25.520 9.31160
25.510 9.31464
25.500 9.31767
25.470 9.32045
25.460 9.32337
25.450 9.32629
25.440 9.32921
25.430 9.33214
25.420 9.33506
25.410 9.33799
25.400 9.34092
25.390 9.34385
25.380 9.34679
25.370 9.34972
25.360 9.35266
25.350 9.35560
25.340 9.35854
25.330 9.36148
25.320 9.36443
25.310 9.36737
25.300 9.37032
25.290 9.37327
25.280 9.37622
25.270 9.37918
25.260 9.38213
25.250 9.38509
25.240 9.38805
25.230 9.39101
25.220 9.39397
25.210 9.39693
25.200 9.39990
25.170 9.40012
25.160 9.40319
25.150 9.40627
25.140 9.40935
25.130 9.41243
25.120 9.41551
25.110 9.41860
25.100 9.42169
25.090 9.42478
25.080 9.42788
25.070 9.43097
25.060 9.43407
25.050 9.43718
25.040 9.44028
25.030 9.44339
25.020 9.44650
25.010 9.44961
25.000 9.45273
24.990 9.45585
24.980 9.45897
24.970 9.46209
24.960 9.46522
24.950 9.46834
24.940 9.47147
24.930 9.47461
24.920 9.47774
24.910 9.48088
24.900 9.48402
24.890 9.48717
24.880 9.49031
24.870 9.49346
24.860 9.49661
24.850 9.49977
24.840 9.50292
24.830 9.50608
24.820 9.50924
24.810 9.51241
24.800 9.51558
24.790 9.51874
24.780 9.52192
24.770 9.52509
24.760 9.52827
24.750 9.53145
24.740 9.53463
24.730 9.53782
24.720 9.54100
24.710 9.54419
24.700 9.54738
24.690 9.55058
24.680 9.55378
24.670 9.55698
24.660 9.56018
24.650 9.56339
24.640 9.56660
24.630 9.56980
24.620 9.57302
24.610 9.57623
24.600 9.57945
24.590 9.58267
24.580 9.58590
24.570 9.58912
24.560 9.59235
24.550 9.59558
24.540 9.59881
24.530 9.60205
24.520 9.60529
24.510 9.60853
24.500 9.61177
24.490 9.61502
24.480 9.61827
24.470 9.62152
24.460 9.62477
24.450 9.62803
24.440 9.63129
24.430 9.63455
24.420 9.63782
24.410 9.64108
24.400 9.64435
24.390 9.64763
24.380 9.65090
24.370 9.65418
24.360 9.65746
24.350 9.66074
24.340 9.66402
24.330 9.66731
24.320 9.67060
24.310 9.67389
24.300 9.67719
24.290 9.68049
24.280 9.68379
24.270 9.68709
24.260 9.69040
24.250 9.69370
24.240 9.69701
24.230 9.70033
24.220 9.70364
24.210 9.70696
24.200 9.71028
24.190 9.71361
24.180 9.71693
24.170 9.72026
24.160 9.72359
24.150 9.72693
24.140 9.73026
24.130 9.73360
24.120 9.73694
24.110 9.74029
24.100 9.74363
24.090 9.74698
24.080 9.75033
24.070 9.75369
24.060 9.75705
24.050 9.76040
24.040 9.76377
24.030 9.76713
24.020 9.77050
24.010 9.77387
24.000 9.77724
23.990 9.78062
23.980 9.78399
23.970 9.78737
23.960 9.79076
23.950 9.79414
23.940 9.79753
23.930 9.80092
23.920 9.80431
23.910 9.80771
23.900 9.81111
23.890 9.81451
23.880 9.81791
23.870 9.82131
23.860 9.82472
23.850 9.82813
23.840 9.83155
23.830 9.83496
23.820 9.83838
23.810 9.84180
23.800 9.84523
23.790 9.84865
23.780 9.85208
23.770 9.85551
23.760 9.85895
23.750 9.86238
23.740 9.86582
23.730 9.86926
23.720 9.87271
23.710 9.87616
23.700 9.87960
23.690 9.88306
23.680 9.88651
23.670 9.88997
23.660 9.89343
23.650 9.89689
23.640 9.90036
23.630 9.90382
23.620 9.90729
23.610 9.91076
23.600 9.91424
23.590 9.91772
23.580 9.92120
23.570 9.92468
23.560 9.92817
23.550 9.93165
23.540 9.93514
23.530 9.93864
23.520 9.94213
23.510 9.94563
23.500 9.94913
23.490 9.95263
23.480 9.95614
23.470 9.95965
23.460 9.96316
23.450 9.96667
23.440 9.97019
23.430 9.97371
23.420 9.97723
23.410 9.98075
23.400 9.98428
23.390 9.98781
23.380 9.99134
23.370 9.99487
23.360 9.99841
23.350 10.00195
23.340 10.00549
23.330 10.00904
23.320 10.01258
23.310 10.01613
23.300 10.01969
23.290 10.02324
23.280 10.02680
23.270 10.03036
23.260 10.03392
23.250 10.03749
23.240 10.04105
23.230 10.04462
23.220 10.04820
23.210 10.05177
23.200 10.05535
23.190 10.05893
23.180 10.06251
23.170 10.06610
23.160 10.06968
23.150 10.07328
23.140 10.07687
23.130 10.08047
23.120 10.08406
23.110 10.08766
23.100 10.09127
23.090 10.09487
23.080 10.09848
23.070 10.10209
23.060 10.10571
23.050 10.10932
23.040 10.11294
23.030 10.11656
23.020 10.12019
23.010 10.12381
23.000 10.12744
22.990 10.13108
22.980 10.13471
22.970 10.13835
22.960 10.14199
22.950 10.14563
22.940 10.14927
22.930 10.15292
22.920 10.15657
22.910 10.16022
22.900 10.16388
22.890 10.16753
22.880 10.17120
22.870 10.17486
22.860 10.17852
22.850 10.18219
22.840 10.18586
22.830 10.18954
22.820 10.19321
22.810 10.19689
22.800 10.20057
22.790 10.20425
22.780 10.20794
22.770 10.21162
22.760 10.21531
22.750 10.21901
22.740 10.22271
22.730 10.22640
22.720 10.23011
22.710 10.23381
22.700 10.23751
22.690 10.24122
22.680 10.24493
22.670 10.24865
22.660 10.25237
22.650 10.25608
22.640 10.25981
22.630 10.26353
22.620 10.26726
22.610 10.27099
22.600 10.27472
