ScannableNames	Module	cam1_x	cam1_z	cam1_roll	t3_x	t3_m1y	s2_xs	s2_ys	magnification	object_pixel_size	Resolution	HFOV	VFOV	ss1_x	ball-diameter
ScannableUnits	No.	mm	mm	deg	mm	mm	mm	mm	one	micron	micron	mm	mm	mm	mm
#1	248.000	-91.300	-0.4213	1299.847	37.750	40.000	12.000	0.721	12.475	24.950	50.000	33.333	-100	5
#2	164.000	-71.900	-0.280	1298.750	39.110	18.000	12.000	1.822	4.940	9.980	19.800	13.200	-100	3
#3	85.000	-44.000	-0.044	1298.900	39.460	8.000	7.000	5.066	1.776	4.491	7.120	4.747	-100	2
#4	9.815	-39.75	-0.4055	1298.650	39.360	5.000	3.500	9.321	0.966	1.796	3.870	2.580	-100	1
1	248.000	-91.55	-0.777	1351.550	37.250	40.000	12.000	0.721	12.475	24.950	50.000	33.333	-100	5
2	162.95	-70.900	-0.298	1348.750	38.61	18.000	12.000	1.822	4.94	9.980	19.800	13.200	-100	3
3	85.000	-52.4	-0.088	1350.540	39.01	8.000	7.000	5.066	1.776	4.491	7.120	4.747	-100	2
4	9.815	-59.5	-0.459	1350.290	39.01	5.000	3.500	9.321	0.966	1.796	3.870	2.580	-100	1
