Units mDeg mm	
5732.00 6.270
5730.00 6.27140
5720.00 6.28214
5710.00 6.29290
5703.00 6.30100
5700.00 6.30366
5690.00 6.31444
5680.00 6.32523
5670.00 6.33604
5660.00 6.34685
5650.00 6.35768
5640.00 6.36852
5630.00 6.37937
5620.00 6.39023
5610.00 6.40111
5600.00 6.41200
5590.00 6.42290
5580.00 6.43381
5570.00 6.44473
5560.00 6.45567
5550.00 6.46662
5540.00 6.47758
5530.00 6.48855
5520.00 6.49953
5510.00 6.51053
5500.00 6.52154
5490.00 6.53256
5480.00 6.54360
5470.00 6.55464
5460.00 6.56570
5456.00 6.57500
5430.00 6.60700
