#Bragg	gap
Units mDeg mm 
9228.00 6.02100
9178.00 6.04300
9150.00 6.06610
9140.00 6.07458
9136.98 6.07648
9133.97 6.07838
9130.95 6.08028
9127.94 6.08218
9124.92 6.08408
9121.91 6.08598
9118.89 6.08789
9115.88 6.08980
9112.86 6.09171
9109.85 6.09362
9106.83 6.09553
9103.82 6.09744
9100.80 6.09936
9097.79 6.10127
9094.77 6.10319
9091.76 6.10511
9088.74 6.10703
9085.73 6.10895
9082.71 6.11088
9079.70 6.11280
9076.68 6.11473
9073.67 6.11666
9070.65 6.11859
9067.64 6.12052
9064.62 6.12245
9061.61 6.12438
9058.59 6.12632
9055.58 6.12826
9052.56 6.13019
9049.55 6.13213
9046.53 6.13408
9043.52 6.13602
9040.50 6.13796
9037.49 6.13991
9034.47 6.14186
9031.46 6.14381
9028.44 6.14576
9025.43 6.14771
9022.41 6.14966
9019.40 6.15162
9016.38 6.15357
9013.37 6.15553
9010.35 6.15749
9007.34 6.15945
9004.32 6.16141
9001.31 6.16338
8998.29 6.16534
8995.28 6.16731
8992.26 6.16928
8989.25 6.17125
8986.23 6.17322
8983.22 6.17519
8980.20 6.17716
8977.19 6.17914
8974.17 6.18112
8971.16 6.18310
8968.14 6.18508
8965.13 6.18706
8962.11 6.18904
8959.10 6.19103
8956.08 6.19301
8953.07 6.19500
8950.05 6.19699
8947.04 6.19898
8944.02 6.20097
8941.01 6.20296
8937.99 6.20496
8934.97 6.20696
8931.96 6.20895
8928.94 6.21095
8925.93 6.21295
8922.91 6.21496
8919.90 6.21696
8916.88 6.21897
8913.87 6.22097
8910.85 6.22298
8907.84 6.22499
8904.82 6.22700
8901.81 6.22902
8898.79 6.23103
8895.78 6.23305
8892.76 6.23506
8889.75 6.23708
8886.73 6.23910
8883.72 6.24112
8880.70 6.24315
8877.69 6.24517
8874.67 6.24720
8871.66 6.24923
8868.64 6.25126
8865.63 6.25329
8862.61 6.25532
8859.60 6.25735
8856.58 6.25939
8853.57 6.26142
8850	6.26866
8847.59	6.27028
8845.18	6.27191
8842.76	6.27354
8840.35	6.27517
8837.94	6.2768
8835.53	6.27843
8833.12	6.28006
8830.7	6.28169
8828.29	6.28333
8825.88	6.28496
8823.47	6.2866
8821.06	6.28823
8818.64	6.28987
8816.23	6.29151
8813.82	6.29314
8811.41	6.29478
8808.99	6.29642
8806.58	6.29806
8804.17	6.2997
8801.76	6.30135
8799.35	6.30299
8796.93	6.30463
8794.52	6.30628
8792.11	6.30792
8789.7	6.30957
8787.29	6.31122
8784.87	6.31286
8782.46	6.31451
8780.05	6.31616
8777.64	6.31781
8775.23	6.31946
8772.81	6.32111
8770.4	6.32277
8767.99	6.32442
8765.58	6.32607
8763.17	6.32773
8760.75	6.32939
8758.34	6.33104
8755.93	6.3327
8753.52	6.33436
8751.11	6.33602
8748.69	6.33768
8746.28	6.33934
8743.87	6.341
8741.46	6.34266
8739.05	6.34433
8736.63	6.34599
8734.22	6.34765
8731.81	6.34932
8729.4	6.35099
8726.98	6.35265
8724.57	6.35432
8722.16	6.35599
8719.75	6.35766
8717.34	6.35933
8714.92	6.361
8712.51	6.36267
8710.1	6.36435
8707.69	6.36602
8705.28	6.36769
8702.86	6.36937
8700.45	6.37105
8698.04	6.37272
8695.63	6.3744
8693.22	6.37608
8690.8	6.37776
8688.39	6.37944
8685.98	6.38112
8683.57	6.3828
8681.16	6.38448
8678.74	6.38617
8676.33	6.38785
8673.92	6.38954
8671.51	6.39122
8669.1	6.39291
8666.68	6.3946
8664.27	6.39629
8661.86	6.39797
8659.45	6.39966
8657.04	6.40135
8654.62	6.40305
8652.21	6.40474
8649.8	6.40643
8647.39	6.40813
8644.97	6.40982
8642.56	6.41152
8640.15	6.41321
8637.74	6.41491
8635.33	6.41661
8632.91	6.41831
8630.5	6.42001
8628.09	6.42171
8625.68	6.42341
8623.27	6.42511
8620.85	6.42681
8618.44	6.42852
8616.03	6.43022
8613.62	6.43193
8611.21	6.43363
8608.79	6.43534
8606.38	6.43705
8603.97	6.43876
8601.56	6.44047
8599.15	6.44218
8596.73	6.44389
8594.32	6.4456
8591.91	6.44731
8589.5	6.44902
8587.09	6.45074
8584.67	6.45245
8582.26	6.45417
8579.85	6.45589
8577.44	6.4576
8575.03	6.45932
8572.61	6.46104
8570.2	6.46276
8567.79	6.46448
8565.38	6.4662
8562.96	6.46793
8560.55	6.46965
8558.14	6.47137
8555.73	6.4731
8553.32	6.47482
8550.9	6.47655
8548.49	6.47828
8546.08	6.48
8543.67	6.48173
8541.26	6.48346
8538.84	6.48519
8536.43	6.48692
8534.02	6.48866
8531.61	6.49039
8529.2	6.49212
8526.78	6.49386
8524.37	6.49559
8521.96	6.49733
8519.55	6.49907
8517.14	6.5008
8514.72	6.50254
8512.31	6.50428
8509.9	6.50602
8507.49	6.50776
8505.08	6.5095
8502.66	6.51125
8500.25	6.51299
8497.84	6.51473
8495.43	6.51648
8493.02	6.51823
8490.6	6.51997
8488.19	6.52172
8485.78	6.52347
8483.37	6.52522
8480.95	6.52697
8478.54	6.52872
8476.13	6.53047
8473.72	6.53222
8471.31	6.53397
8468.89	6.53573
8466.48	6.53748
8464.07	6.53924
8461.66	6.54099
8459.25	6.54275
8456.83	6.54451
8454.42	6.54627
8452.01	6.54803
8449.6	6.54979
8447.19	6.55155
8444.77	6.55331
8442.36	6.55507
8439.95	6.55684
8437.54	6.5586
8435.13	6.56037
8432.71	6.56213
8430.3	6.5639
8427.89	6.56567
8425.48	6.56744
8423.07	6.56921
8420.65	6.57098
8418.24	6.57275
8415.83	6.57452
8413.42	6.57629
8411.01	6.57807
8408.59	6.57984
8406.18	6.58161
8403.77	6.58339
8401.36	6.58517
8398.94	6.58694
8396.53	6.58872
8394.12	6.5905
8391.71	6.59228
8389.3	6.59406
8386.88	6.59584
8384.47	6.59763
8382.06	6.59941
8379.65	6.60119
8377.24	6.60298
8374.82	6.60476
8372.41	6.60655
8370	6.60834
8360.00 6.61485
8350.00 6.62222
8340.00 6.62961
8330.00 6.63702
8320.00 6.64445
8310.00 6.65190
8300.00 6.65937
8290.00 6.66685
8280.00 6.67435
8270.00 6.68187
8260.00 6.68941
8250.00 6.69697
8240.00 6.70454
8230.00 6.71214
8220.00 6.71974
8210.00 6.72737
8200.00 6.73502
8190.00 6.74269
8180.00 6.75037
8170.00 6.75807
8160.00 6.76579
8150.00 6.77353
8140.00 6.78128
8130.00 6.78905
8120.00 6.79684
8110.00 6.80465
8100.00 6.81248
8090.00 6.82033
8080.00 6.82819
8070.00 6.83607
8060.00 6.84397
8050.00 6.85189
8035.00 6.85985
8032.74 6.86167
8030.48 6.86348
8028.22 6.86530
8025.95 6.86711
8023.69 6.86893
8021.43 6.87074
8019.17 6.87256
8016.91 6.87438
8014.65 6.87620
8012.39 6.87801
8010.13 6.87983
8007.86 6.88165
8005.60 6.88347
8003.34 6.88529
8001.08 6.88712
7998.82 6.88894
7996.56 6.89076
7994.30 6.89258
7992.04 6.89441
7989.77 6.89623
7987.51 6.89806
7985.25 6.89988
7982.99 6.90171
7980.73 6.90353
7978.47 6.90536
7976.21 6.90719
7973.94 6.90902
7971.68 6.91085
7969.42 6.91267
7967.16 6.91450
7964.90 6.91633
7962.64 6.91817
7960.38 6.92000
7958.12 6.92183
7955.85 6.92366
7953.59 6.92550
7951.33 6.92733
7949.07 6.92916
7946.81 6.93100
7944.55 6.93283
7942.29 6.93467
7940.03 6.93651
7937.76 6.93834
7935.50 6.94018
7933.24 6.94202
7930.98 6.94386
7928.72 6.94570
7926.46 6.94754
7924.20 6.94938
7921.93 6.95122
7919.67 6.95306
7917.41 6.95490
7915.15 6.95675
7912.89 6.95859
7910.63 6.96043
7908.37 6.96228
7906.11 6.96412
7903.84 6.96597
7901.58 6.96782
7899.32 6.96966
7897.06 6.97151
7894.80 6.97336
7892.54 6.97521
7890.28 6.97705
7888.02 6.97890
7885.75 6.98075
7883.49 6.98261
7881.23 6.98446
7878.97 6.98631
7876.71 6.98816
7874.45 6.99001
7872.19 6.99187
7869.92 6.99372
7867.66 6.99558
7865.40 6.99743
7863.14 6.99929
7860.88 7.00114
7858.62 7.00300
7856.36 7.00486
7854.10 7.00672
7851.83 7.00857
7849.57 7.01043
7847.31 7.01229
7845.05 7.01415
7842.79 7.01601
7840.53 7.01788
7838.27 7.01974
7836.01 7.02160
7833.74 7.02346
7831.48 7.02533
7829.22 7.02719
7826.96 7.02906
7824.70 7.03092
7822.44 7.03279
7820.18 7.03465
7817.91 7.03652
7815.65 7.03839
7813.39 7.04026
7811.13 7.04212
7808.87 7.04399
7806.61 7.04586
7804.35 7.04773
7802.09 7.04961
7799.82 7.05148
7797.56 7.05335
7795.30 7.05522
7793.04 7.05709
7790.78 7.05897
7788.52 7.06084
7786.26 7.06272
7783.99 7.06459
7781.73 7.06647
7779.47 7.06835
7777.21 7.07022
7774.95 7.07210
7772.69 7.07398
7770.43 7.07586
7768.17 7.07774
7765.90 7.07962
7763.64 7.08150
7761.38 7.08338
7759.12 7.08526
7756.86 7.08714
7754.60 7.08903
7752.34 7.09091
7750.08 7.09279
7747.81 7.09468
7745.55 7.09656
7743.29 7.09845
7741.03 7.10033
7738.77 7.10222
7736.51 7.10411
7734.25 7.10600
7731.98 7.10788
7729.72 7.10977
7727.46 7.11166
7725.20 7.11355
7722.94 7.11544
7720.68 7.11734
7718.42 7.11923
7716.16 7.12112
7713.89 7.12301
7711.63 7.12491
7709.37 7.12680
7707.11 7.12869
7704.85 7.13059
7702.59 7.13249
7700.33 7.13438
7698.07 7.13628
7695.80 7.13818
7693.54 7.14007
7691.28 7.14197
7689.02 7.14387
7686.76 7.14577
7684.50 7.14767
7682.24 7.14957
7679.97 7.15147
7677.71 7.15338
7675.45 7.15528
7673.19 7.15718
7670.93 7.15909
7668.67 7.16099
7666.41 7.16289
7664.15 7.16480
7661.88 7.16671
7659.62 7.16861
7657.36 7.17052
7655.10 7.17243
7652.84 7.17433
7650.58 7.17624
7648.32 7.17815
7646.06 7.18006
7643.79 7.18197
7641.53 7.18388
7639.27 7.18580
7637.01 7.18771
7634.75 7.18962
7632.49 7.19153
7630.23 7.19345
7627.96 7.19536
7625.70 7.19728
7623.44 7.19919
7621.18 7.20111
7618.92 7.20302
7616.66 7.20494
7614.40 7.20686
7612.14 7.20878
7609.87 7.21070
7607.61 7.21262
7605.35 7.21454
7603.09 7.21646
7600.83 7.21838
7598.57 7.22030
7596.31 7.22222
7594.05 7.22414
7591.78 7.22607
7589.52 7.22799
7587.26 7.22992
7585.00 7.23184
7478.00 7.32000
7228.00 7.55200
6978.00 7.79000
6928.00 7.84200
6878.00 7.88900
6828.00 7.94000
6778.00 7.99400
6728.00 8.04700
6678.00 8.10000
6653.00 8.12500
6628.00 8.15200
6603.00 8.17700
6578.00 8.20600
6553.00 8.23000
6528.00 8.25800
6503.00 8.28700
6478.00 8.31500
6453.00 8.34200
6428.00 8.37200
6403.00 8.39900
6378.00 8.42800
6353.00 8.45300
6328.00 8.48400
6303.00 8.51200
6278.00 8.54100
6253.00 8.57000
6178.00 8.65300
6078.00 8.77900
5978.00 8.90500
5728.00 9.26000
5478.00 9.61800
