#3rd harmonic bragg gap
Units mDeg mm	
56100.00 5.00130
55491.00 5.03593
55481.00 5.03658
55471.00 5.03723
55461.00 5.03788
55451.00 5.03853
55450.00 5.04640
55440.00 5.04706
55430.00 5.04773
55420.00 5.04839
55410.00 5.04905
55400.00 5.04971
55390.00 5.05038
55380.00 5.05104
55370.00 5.05170
55360.00 5.05237
55350.00 5.05303
55340.00 5.05370
55330.00 5.05436
55320.00 5.05503
55310.00 5.05569
55300.00 5.05636
55290.00 5.05703
55280.00 5.05769
55270.00 5.05836
55260.00 5.05903
55250.00 5.05970
55240.00 5.06036
55230.00 5.06103
55220.00 5.06170
55210.00 5.06237
55200.00 5.06304
55190.00 5.06371
55180.00 5.06438
55170.00 5.06505
55160.00 5.06572
55150.00 5.06639
55140.00 5.06707
55130.00 5.06774
55120.00 5.06841
55110.00 5.06908
55100.00 5.06975
55090.00 5.07043
55080.00 5.07110
55070.00 5.07178
55060.00 5.07245
55050.00 5.07312
55040.00 5.07380
55030.00 5.07447
55020.00 5.07515
55010.00 5.07583
55000.00 5.07650
54990.00 5.07718
54980.00 5.07786
54970.00 5.07853
54960.00 5.07921
54950.00 5.07989
54940.00 5.08057
54930.00 5.08125
54920.00 5.08193
54910.00 5.08261
54900.00 5.08329
54890.00 5.08397
54880.00 5.08465
54870.00 5.08533
54860.00 5.08601
54850.00 5.08669
54840.00 5.08737
54830.00 5.08805
54820.00 5.08874
54810.00 5.08942
54800.00 5.09010
54790.00 5.09079
54780.00 5.09147
54770.00 5.09215
54760.00 5.09284
54750.00 5.09352
54740.00 5.09421
54730.00 5.09489
54720.00 5.09558
54710.00 5.09627
54700.00 5.09695
54690.00 5.09764
54680.00 5.09833
54670.00 5.09902
54660.00 5.09970
54650.00 5.10039
54640.00 5.10108
54630.00 5.10177
54620.00 5.10246
54610.00 5.10315
54600.00 5.10384
54590.00 5.10453
54580.00 5.10522
54570.00 5.10591
54560.00 5.10660
54550.00 5.10729
54540.00 5.10799
54530.00 5.10868
54520.00 5.10937
54510.00 5.11006
54500.00 5.11076
54490.00 5.11145
54480.00 5.11215
54470.00 5.11284
54460.00 5.11353
54450.00 5.11423
54440.00 5.11492
54430.00 5.11562
54420.00 5.11632
54410.00 5.11701
54400.00 5.11771
54390.00 5.11841
54380.00 5.11910
54370.00 5.11980
54360.00 5.12050
54350.00 5.12120
54340.00 5.12190
54330.00 5.12260
54320.00 5.12330
54310.00 5.12400
54300.00 5.12470
54290.00 5.12540
54280.00 5.12610
54270.00 5.12680
54260.00 5.12750
54250.00 5.12820
54240.00 5.12891
54230.00 5.12961
54220.00 5.13031
54210.00 5.13101
54200.00 5.13172
54190.00 5.13242
54180.00 5.13313
54170.00 5.13383
54160.00 5.13454
54150.00 5.13524
54140.00 5.13595
54130.00 5.13665
54120.00 5.13736
54110.00 5.13807
54100.00 5.13877
54090.00 5.13948
54080.00 5.14019
54070.00 5.14090
54060.00 5.14161
54050.00 5.14231
54040.00 5.14302
54030.00 5.14373
54020.00 5.14444
54010.00 5.14515
54000.00 5.14586
53990.00 5.14657
53980.00 5.14729
53970.00 5.14800
53960.00 5.14871
53950.00 5.14942
53940.00 5.15013
53930.00 5.15085
53920.00 5.15156
53910.00 5.15227
53900.00 5.15299
53890.00 5.15370
53880.00 5.15442
53870.00 5.15513
53860.00 5.15585
53850.00 5.15656
53840.00 5.15728
53830.00 5.15799
53820.00 5.15871
53810.00 5.15943
53800.00 5.16014
53790.00 5.16086
53780.00 5.16158
53770.00 5.16230
53760.00 5.16302
53750.00 5.16374
53740.00 5.16446
53730.00 5.16518
53720.00 5.16590
53710.00 5.16662
53700.00 5.16734
53690.00 5.16806
53680.00 5.16878
53670.00 5.16950
53660.00 5.17022
53650.00 5.17095
53640.00 5.17167
53630.00 5.17239
53620.00 5.17311
53610.00 5.17384
53600.00 5.17456
53590.00 5.17529
53580.00 5.17601
53570.00 5.17674
53560.00 5.17746
53550.00 5.17819
53540.00 5.17891
53530.00 5.17964
53520.00 5.18037
53510.00 5.18109
53500.00 5.18182
53490.00 5.18255
53480.00 5.18328
53470.00 5.18401
53460.00 5.18474
53450.00 5.18547
53440.00 5.18620
53430.00 5.18692
53420.00 5.18766
53410.00 5.18839
53400.00 5.18912
53390.00 5.18985
53380.00 5.19058
53370.00 5.19131
53360.00 5.19204
53350.00 5.19278
53340.00 5.19351
53330.00 5.19424
53320.00 5.19498
53310.00 5.19571
53300.00 5.19644
53290.00 5.19718
53280.00 5.19792
53270.00 5.19865
53260.00 5.19939
53250.00 5.20012
53240.00 5.20086
53230.00 5.20159
53220.00 5.20233
53210.00 5.20307
53200.00 5.20381
53190.00 5.20455
53180.00 5.20528
53170.00 5.20602
53160.00 5.20676
53150.00 5.20750
53140.00 5.20824
53130.00 5.20898
53120.00 5.20972
53110.00 5.21046
53100.00 5.21120
53090.00 5.21195
53080.00 5.21269
53070.00 5.21343
53060.00 5.21417
53050.00 5.21492
53040.00 5.21566
53030.00 5.21640
53020.00 5.21714
53010.00 5.21789
53000.00 5.21863
52990.00 5.21938
52980.00 5.22012
52970.00 5.22087
52960.00 5.22162
52950.00 5.22236
52940.00 5.22311
52930.00 5.22386
52920.00 5.22460
52910.00 5.22535
52900.00 5.22610
52890.00 5.22685
52880.00 5.22760
52870.00 5.22834
52860.00 5.22909
52850.00 5.22984
52840.00 5.23059
52830.00 5.23135
52820.00 5.23210
52810.00 5.23285
52800.00 5.23360
52790.00 5.23435
52780.00 5.23510
52770.00 5.23585
52760.00 5.23661
52750.00 5.23736
52740.00 5.23811
52730.00 5.23887
52720.00 5.23962
52710.00 5.24037
52700.00 5.24113
52690.00 5.24189
52680.00 5.24264
52670.00 5.24340
52660.00 5.24415
52650.00 5.24491
52640.00 5.24567
52630.00 5.24642
52620.00 5.24718
52610.00 5.24794
52600.00 5.24870
52590.00 5.24946
52580.00 5.25021
52570.00 5.25097
52560.00 5.25173
52550.00 5.25249
52540.00 5.25325
52530.00 5.25401
52520.00 5.25478
52510.00 5.25554
52500.00 5.25630
52490.00 5.25706
52480.00 5.25782
52470.00 5.25858
52460.00 5.25935
52450.00 5.26011
52440.00 5.26088
52430.00 5.26164
52420.00 5.26240
52410.00 5.26317
52400.00 5.26393
52390.00 5.26470
52380.00 5.26546
52370.00 5.26623
52360.00 5.26700
52350.00 5.26776
52340.00 5.26853
52330.00 5.26930
52320.00 5.27007
52310.00 5.27083
52300.00 5.27160
52290.00 5.27237
52280.00 5.27314
52270.00 5.27391
52260.00 5.27468
52250.00 5.27545
52240.00 5.27622
52230.00 5.27699
52220.00 5.27776
52210.00 5.27853
52200.00 5.27931
52190.00 5.28008
52180.00 5.28085
52170.00 5.28162
52160.00 5.28240
52150.00 5.28317
52140.00 5.28394
52130.00 5.28472
52120.00 5.28549
52110.00 5.28627
52100.00 5.28704
52090.00 5.28782
52080.00 5.28859
52070.00 5.28937
52060.00 5.29015
52050.00 5.29093
52040.00 5.29170
52030.00 5.29248
52020.00 5.29326
52010.00 5.29404
52000.00 5.29481
51990.00 5.29559
51980.00 5.29637
51970.00 5.29715
51960.00 5.29793
51950.00 5.29871
51940.00 5.29949
51930.00 5.30028
51920.00 5.30106
51910.00 5.30184
51900.00 5.30262
51890.00 5.30340
51880.00 5.30418
51870.00 5.30497
51860.00 5.30575
51850.00 5.30654
51840.00 5.30732
51830.00 5.30810
51820.00 5.30889
51810.00 5.30967
51800.00 5.31046
51790.00 5.31125
51780.00 5.31203
51770.00 5.31282
51760.00 5.31361
51750.00 5.31439
51740.00 5.31518
51730.00 5.31597
51720.00 5.31676
51710.00 5.31754
51700.00 5.31833
51690.00 5.31912
51680.00 5.31991
51670.00 5.32070
51660.00 5.32149
51650.00 5.32228
51640.00 5.32308
51630.00 5.32387
51620.00 5.32466
51610.00 5.32545
51600.00 5.32624
51590.00 5.32703
51580.00 5.32783
51570.00 5.32862
51560.00 5.32941
51550.00 5.33021
51540.00 5.33100
51530.00 5.33180
51520.00 5.33259
51510.00 5.33339
51500.00 5.33418
51490.00 5.33498
51480.00 5.33578
51470.00 5.33657
51460.00 5.33737
51450.00 5.33817
51440.00 5.33897
51430.00 5.33976
51420.00 5.34056
51410.00 5.34136
51400.00 5.34216
51390.00 5.34296
51380.00 5.34376
51370.00 5.34456
51360.00 5.34536
51350.00 5.34616
51340.00 5.34696
51330.00 5.34776
51320.00 5.34857
51310.00 5.34937
51300.00 5.35017
51290.00 5.35097
51280.00 5.35178
51270.00 5.35258
51260.00 5.35338
51250.00 5.35419
51240.00 5.35499
51230.00 5.35580
51220.00 5.35660
51210.00 5.35741
51200.00 5.35821
51190.00 5.35902
51180.00 5.35983
51170.00 5.36063
51160.00 5.36144
51150.00 5.36225
51140.00 5.36306
51130.00 5.36387
51120.00 5.36467
51110.00 5.36548
51100.00 5.36629
51090.00 5.36710
51080.00 5.36791
51070.00 5.36872
51060.00 5.36953
51050.00 5.37035
51040.00 5.37116
51030.00 5.37197
51020.00 5.37278
51010.00 5.37359
51000.00 5.37441
50990.00 5.37522
50980.00 5.37603
50970.00 5.37685
50960.00 5.37766
50950.00 5.37847
50940.00 5.37929
50930.00 5.38011
50920.00 5.38092
50910.00 5.38174
50900.00 5.38255
50890.00 5.38337
50880.00 5.38419
50870.00 5.38500
50860.00 5.38582
50850.00 5.38664
50840.00 5.38746
50830.00 5.38828
50820.00 5.38909
50810.00 5.38991
50800.00 5.39073
50790.00 5.39155
50780.00 5.39237
50770.00 5.39319
50760.00 5.39402
50750.00 5.39484
50740.00 5.39566
50730.00 5.39648
50720.00 5.39730
50710.00 5.39812
50700.00 5.39895
50690.00 5.39977
50680.00 5.40059
50670.00 5.40142
50660.00 5.40224
50650.00 5.40307
50640.00 5.40389
50630.00 5.40472
50620.00 5.40554
50610.00 5.40637
50600.00 5.40720
50590.00 5.40802
50580.00 5.40885
50570.00 5.40968
50560.00 5.41051
50550.00 5.41133
50540.00 5.41216
50530.00 5.41299
50520.00 5.41382
50510.00 5.41465
50500.00 5.41548
50490.00 5.41631
50480.00 5.41714
50470.00 5.41797
50460.00 5.41880
50450.00 5.41963
50440.00 5.42047
50430.00 5.42130
50420.00 5.42213
50410.00 5.42296
50400.00 5.42380
50390.00 5.42463
50380.00 5.42547
50370.00 5.42630
50360.00 5.42713
50350.00 5.42797
50340.00 5.42880
50330.00 5.42964
50320.00 5.43048
50310.00 5.43131
50300.00 5.43215
50290.00 5.43298
50280.00 5.43382
50270.00 5.43466
50260.00 5.43550
50250.00 5.43634
50240.00 5.43718
50230.00 5.43801
50220.00 5.43885
50210.00 5.43969
50200.00 5.44053
50190.00 5.44137
50180.00 5.44221
50170.00 5.44306
50160.00 5.44390
50150.00 5.44474
50140.00 5.44558
50130.00 5.44642
50120.00 5.44727
50110.00 5.44811
50100.00 5.44895
50090.00 5.44980
50080.00 5.45064
50070.00 5.45149
50060.00 5.45233
50050.00 5.45318
50040.00 5.45402
50030.00 5.45487
50020.00 5.45571
50010.00 5.45656
50000.00 5.45741
49990.00 5.45825
49980.00 5.45910
49970.00 5.45995
49960.00 5.46080
49950.00 5.46165
49940.00 5.46249
49930.00 5.46334
49920.00 5.46419
49910.00 5.46504
49900.00 5.46589
49890.00 5.46674
49880.00 5.46760
49870.00 5.46845
49860.00 5.46930
49850.00 5.47015
49840.00 5.47100
49830.00 5.47186
49820.00 5.47271
49810.00 5.47356
49800.00 5.47442
49790.00 5.47527
49780.00 5.47612
49770.00 5.47698
49760.00 5.47783
49750.00 5.47869
49740.00 5.47955
49730.00 5.48040
49720.00 5.48126
49710.00 5.48211
49700.00 5.48297
49690.00 5.48383
49680.00 5.48469
49670.00 5.48555
49660.00 5.48640
49650.00 5.48726
49640.00 5.48812
49630.00 5.48898
49620.00 5.48984
49610.00 5.49070
49600.00 5.49156
49590.00 5.49242
49580.00 5.49328
49570.00 5.49415
49560.00 5.49501
49550.00 5.49587
49540.00 5.49673
49530.00 5.49759
49520.00 5.49846
49510.00 5.49932
49500.00 5.50019
49490.00 5.50105
49480.00 5.50191
49470.00 5.50278
49460.00 5.50365
49450.00 5.50451
49440.00 5.50538
49430.00 5.50624
49420.00 5.50711
49410.00 5.50798
49400.00 5.50884
49390.00 5.50971
49380.00 5.51058
49370.00 5.51145
49360.00 5.51232
49350.00 5.51319
49340.00 5.51406
49330.00 5.51493
49320.00 5.51579
49310.00 5.51667
49300.00 5.51754
49290.00 5.51841
49280.00 5.51928
49270.00 5.52015
49260.00 5.52102
49250.00 5.52190
49240.00 5.52277
49230.00 5.52364
49220.00 5.52451
49210.00 5.52539
49200.00 5.52626
49190.00 5.52714
49180.00 5.52801
49170.00 5.52889
49160.00 5.52976
49150.00 5.53064
49140.00 5.53151
49130.00 5.53239
49120.00 5.53327
49110.00 5.53415
49100.00 5.53502
49090.00 5.53590
49080.00 5.53678
49070.00 5.53766
49060.00 5.53854
49050.00 5.53942
49040.00 5.54030
49030.00 5.54117
49020.00 5.54206
49010.00 5.54294
49000.00 5.54382
48990.00 5.54470
48980.00 5.54558
48970.00 5.54646
48960.00 5.54735
48950.00 5.54823
48940.00 5.54911
48930.00 5.54999
48920.00 5.55088
48910.00 5.55176
48900.00 5.55265
48890.00 5.55353
48880.00 5.55442
48870.00 5.55530
48860.00 5.55619
48850.00 5.55707
48840.00 5.55796
48830.00 5.55885
48820.00 5.55973
48810.00 5.56062
48800.00 5.56151
48790.00 5.56240
48780.00 5.56328
48770.00 5.56417
48760.00 5.56506
48750.00 5.56595
48740.00 5.56684
48730.00 5.56773
48720.00 5.56862
48710.00 5.56951
48700.00 5.57041
48690.00 5.57130
48680.00 5.57219
48670.00 5.57308
48660.00 5.57397
48650.00 5.57487
48640.00 5.57576
48630.00 5.57665
48620.00 5.57755
48610.00 5.57844
48600.00 5.57934
48590.00 5.58023
48580.00 5.58113
48570.00 5.58202
48560.00 5.58292
48550.00 5.58382
48540.00 5.58471
48530.00 5.58561
48520.00 5.58651
48510.00 5.58740
48500.00 5.58830
48490.00 5.58920
48480.00 5.59010
48470.00 5.59100
48460.00 5.59190
48450.00 5.59280
48440.00 5.59370
48430.00 5.59460
48420.00 5.59550
48410.00 5.59640
48400.00 5.59730
48390.00 5.59820
48380.00 5.59910
48370.00 5.60001
48360.00 5.60091
48350.00 5.60181
48340.00 5.60272
48330.00 5.60362
48320.00 5.60453
48310.00 5.60543
48300.00 5.60633
48290.00 5.60724
48280.00 5.60814
48270.00 5.60905
48260.00 5.60996
48250.00 5.61086
48240.00 5.61177
48230.00 5.61268
48220.00 5.61358
48210.00 5.61449
48200.00 5.61540
48190.00 5.61631
48180.00 5.61722
48170.00 5.61813
48160.00 5.61904
48150.00 5.61995
48140.00 5.62086
48130.00 5.62177
48120.00 5.62268
48110.00 5.62359
48100.00 5.62450
48090.00 5.62541
48080.00 5.62633
48070.00 5.62724
48060.00 5.62815
48050.00 5.62907
48040.00 5.62998
48030.00 5.63089
48020.00 5.63181
48010.00 5.63272
48000.00 5.63364
47990.00 5.63455
47980.00 5.63547
47970.00 5.63639
47960.00 5.63730
47950.00 5.63822
47940.00 5.63914
47930.00 5.64005
47920.00 5.64097
47910.00 5.64189
47900.00 5.64281
47890.00 5.64373
47880.00 5.64465
47870.00 5.64557
47860.00 5.64649
47850.00 5.64741
47840.00 5.64833
47830.00 5.64925
47820.00 5.65017
47810.00 5.65109
47800.00 5.65201
47790.00 5.65293
47780.00 5.65386
47770.00 5.65478
47760.00 5.65570
47750.00 5.65663
47740.00 5.65755
47730.00 5.65847
47720.00 5.65940
47710.00 5.66032
47700.00 5.66125
47690.00 5.66218
47680.00 5.66310
47670.00 5.66403
47660.00 5.66496
47650.00 5.66588
47640.00 5.66681
47630.00 5.66774
47620.00 5.66866
47610.00 5.66959
47600.00 5.67052
47590.00 5.67145
47580.00 5.67238
47570.00 5.67331
47560.00 5.67424
47550.00 5.67517
47540.00 5.67610
47530.00 5.67703
47520.00 5.67796
47510.00 5.67890
47500.00 5.67983
47490.00 5.68076
47480.00 5.68169
47470.00 5.68263
47460.00 5.68356
47450.00 5.68449
47440.00 5.68543
47430.00 5.68636
47420.00 5.68730
47410.00 5.68823
47400.00 5.68917
47390.00 5.69010
47380.00 5.69104
47370.00 5.69198
47360.00 5.69291
47350.00 5.69385
47340.00 5.69479
47330.00 5.69573
47320.00 5.69666
47310.00 5.69760
47300.00 5.69854
47290.00 5.69948
47280.00 5.70042
47270.00 5.70136
47260.00 5.70230
47250.00 5.70324
47240.00 5.70418
47230.00 5.70512
47220.00 5.70607
47210.00 5.70701
47200.00 5.70795
47190.00 5.70889
47180.00 5.70984
47170.00 5.71078
47160.00 5.71172
47150.00 5.71267
47140.00 5.71361
47130.00 5.71456
47120.00 5.71550
47110.00 5.71645
47100.00 5.71739
47090.00 5.71834
47080.00 5.71929
47070.00 5.72023
47060.00 5.72118
47050.00 5.72213
47040.00 5.72307
47030.00 5.72402
47020.00 5.72497
47010.00 5.72592
47000.00 5.72687
46990.00 5.72782
46980.00 5.72877
46970.00 5.72972
46960.00 5.73067
46950.00 5.73162
46940.00 5.73257
46930.00 5.73352
46920.00 5.73448
46910.00 5.73543
46900.00 5.73638
46890.00 5.73733
46880.00 5.73829
46870.00 5.73924
46860.00 5.74019
46850.00 5.74115
46840.00 5.74210
46830.00 5.74306
46820.00 5.74401
46810.00 5.74497
46800.00 5.74593
46790.00 5.74688
46780.00 5.74784
46770.00 5.74880
46760.00 5.74975
46750.00 5.75071
46740.00 5.75167
46730.00 5.75263
46720.00 5.75358
46710.00 5.75454
46700.00 5.75550
46690.00 5.75646
46680.00 5.75742
46670.00 5.75838
46660.00 5.75935
46650.00 5.76031
46640.00 5.76127
46630.00 5.76223
46620.00 5.76319
46610.00 5.76415
46600.00 5.76512
46590.00 5.76608
46580.00 5.76704
46570.00 5.76801
46560.00 5.76897
46550.00 5.76994
46540.00 5.77090
46530.00 5.77187
46520.00 5.77283
46510.00 5.77380
46500.00 5.77476
46490.00 5.77573
46480.00 5.77670
46470.00 5.77767
46460.00 5.77863
46450.00 5.77960
46440.00 5.78057
46430.00 5.78154
46420.00 5.78251
46410.00 5.78348
46400.00 5.78445
46390.00 5.78541
46380.00 5.78639
46370.00 5.78736
46360.00 5.78833
46350.00 5.78930
46340.00 5.79027
46330.00 5.79124
46320.00 5.79221
46310.00 5.79319
46300.00 5.79416
46290.00 5.79513
46280.00 5.79611
46270.00 5.79708
46260.00 5.79806
46250.00 5.79903
46240.00 5.80001
46230.00 5.80098
46220.00 5.80196
46210.00 5.80293
46200.00 5.80391
46190.00 5.80489
46180.00 5.80586
46170.00 5.80684
46160.00 5.80782
46150.00 5.80880
46140.00 5.80978
46130.00 5.81075
46120.00 5.81173
46110.00 5.81271
46100.00 5.81369
46090.00 5.81467
46080.00 5.81565
46070.00 5.81664
46060.00 5.81762
46050.00 5.81860
46040.00 5.81958
46030.00 5.82056
46020.00 5.82155
46010.00 5.82253
46000.00 5.82351
45990.00 5.82449
45980.00 5.82548
45970.00 5.82646
45960.00 5.82745
45950.00 5.82843
45940.00 5.82942
45930.00 5.83040
45920.00 5.83139
45910.00 5.83238
45900.00 5.83336
45890.00 5.83435
45880.00 5.83534
45870.00 5.83633
45860.00 5.83731
45850.00 5.83830
45840.00 5.83929
45830.00 5.84028
45820.00 5.84127
45810.00 5.84226
45800.00 5.84325
45790.00 5.84424
45780.00 5.84523
45770.00 5.84622
45760.00 5.84721
45750.00 5.84820
45740.00 5.84920
45730.00 5.85019
45720.00 5.85118
45710.00 5.85217
45700.00 5.85317
45690.00 5.85416
45680.00 5.85516
45670.00 5.85615
45660.00 5.85715
45650.00 5.85814
45640.00 5.85914
45630.00 5.86013
45620.00 5.86113
45610.00 5.86213
45600.00 5.86312
45590.00 5.86412
45580.00 5.86512
45570.00 5.86611
45560.00 5.86711
45550.00 5.86811
45540.00 5.86911
45530.00 5.87011
45520.00 5.87111
45510.00 5.87211
45500.00 5.87311
45490.00 5.87411
45480.00 5.87511
45470.00 5.87611
45460.00 5.87712
45450.00 5.87812
45440.00 5.87912
45430.00 5.88012
45420.00 5.88113
45410.00 5.88213
45400.00 5.88313
45390.00 5.88414
45380.00 5.88514
45370.00 5.88615
45360.00 5.88715
45350.00 5.88816
45340.00 5.88916
45330.00 5.89017
45320.00 5.89117
45310.00 5.89218
45300.00 5.89319
45290.00 5.89420
45280.00 5.89520
45270.00 5.89621
45260.00 5.89722
45250.00 5.89823
45240.00 5.89924
45230.00 5.90025
45220.00 5.90126
45210.00 5.90227
45200.00 5.90328
45190.00 5.90429
45180.00 5.90530
45170.00 5.90631
45160.00 5.90732
45150.00 5.90834
45140.00 5.90935
45130.00 5.91036
45120.00 5.91138
45110.00 5.91239
45100.00 5.91340
45090.00 5.91442
45080.00 5.91543
45070.00 5.91645
45060.00 5.91746
45050.00 5.91848
44921.00 5.91850
44911.00 5.91952
44901.00 5.92054
44891.00 5.92156
44881.00 5.92259
44871.00 5.92361
44861.00 5.92464
44851.00 5.92566
44841.00 5.92668
44831.00 5.92771
44821.00 5.92873
44811.00 5.92976
44801.00 5.93079
44791.00 5.93181
44781.00 5.93284
44771.00 5.93387
44761.00 5.93489
44751.00 5.93592
44741.00 5.93695
44731.00 5.93798
44721.00 5.93901
44711.00 5.94003
44701.00 5.94106
44691.00 5.94209
44681.00 5.94312
44671.00 5.94415
44661.00 5.94519
44651.00 5.94622
44641.00 5.94725
44631.00 5.94828
44621.00 5.94931
44611.00 5.95035
44601.00 5.95138
44591.00 5.95241
44581.00 5.95345
44571.00 5.95448
44561.00 5.95551
44551.00 5.95655
44541.00 5.95758
44531.00 5.95862
44521.00 5.95966
44511.00 5.96069
44501.00 5.96173
44491.00 5.96277
44481.00 5.96380
44471.00 5.96484
44461.00 5.96588
44451.00 5.96692
44441.00 5.96796
44431.00 5.96899
44421.00 5.97003
44411.00 5.97107
44401.00 5.97211
44391.00 5.97315
44381.00 5.97419
44371.00 5.97524
44361.00 5.97628
44351.00 5.97732
44341.00 5.97836
44331.00 5.97940
44321.00 5.98045
44311.00 5.98149
44301.00 5.98253
44291.00 5.98358
44281.00 5.98462
44271.00 5.98567
44261.00 5.98671
44251.00 5.98776
44241.00 5.98880
44231.00 5.98985
44221.00 5.99090
44211.00 5.99194
44201.00 5.99299
44191.00 5.99404
44181.00 5.99508
44171.00 5.99613
44161.00 5.99718
44151.00 5.99823
44141.00 5.99928
44131.00 6.00033
44121.00 6.00138
44111.00 6.00243
44101.00 6.00348
44091.00 6.00453
44081.00 6.00558
44071.00 6.00663
44061.00 6.00769
44051.00 6.00874
44041.00 6.00979
44031.00 6.01085
44021.00 6.01190
44011.00 6.01295
44001.00 6.01401
43991.00 6.01506
43981.00 6.01612
43971.00 6.01717
43961.00 6.01823
43951.00 6.01928
43941.00 6.02034
43931.00 6.02140
43921.00 6.02245
43911.00 6.02351
43901.00 6.02457
43891.00 6.02563
43881.00 6.02668
43871.00 6.02775
43861.00 6.02880
43851.00 6.02986
43841.00 6.03092
43831.00 6.03198
43821.00 6.03304
43811.00 6.03411
43801.00 6.03517
43791.00 6.03623
43781.00 6.03729
43771.00 6.03835
43761.00 6.03942
43751.00 6.04048
43741.00 6.04154
43731.00 6.04261
43721.00 6.04367
43711.00 6.04473
43701.00 6.04580
43691.00 6.04686
43681.00 6.04793
43671.00 6.04900
43661.00 6.05006
43651.00 6.05113
43641.00 6.05220
43631.00 6.05326
43621.00 6.05433
43611.00 6.05540
43601.00 6.05647
43591.00 6.05754
43581.00 6.05860
43571.00 6.05967
43561.00 6.06074
43551.00 6.06181
43541.00 6.06289
43531.00 6.06396
43521.00 6.06503
43511.00 6.06610
43501.00 6.06717
42083.00 6.26000
40895.00 6.41050
39627.00 6.53700
37387.00 6.86056
36387.00 7.00884
35000.00 7.21153
34979.90 7.21481
34959.80 7.21810
34939.70 7.22140
34919.60 7.22469
34899.50 7.22799
34879.40 7.23130
34859.30 7.23461
34839.20 7.23792
34819.10 7.24123
34799.00 7.24456
34778.90 7.24788
34758.80 7.25121
34738.70 7.25454
34718.60 7.25788
34698.50 7.26122
34678.40 7.26456
34658.30 7.26791
34638.20 7.27126
34618.10 7.27461
34598.00 7.27797
34577.90 7.28134
34557.80 7.28471
34537.70 7.28808
34517.60 7.29145
34497.50 7.29483
34477.40 7.29822
34457.30 7.30160
34437.20 7.30499
34417.10 7.30839
34397.00 7.31179
34376.90 7.31519
34356.80 7.31860
34336.70 7.32201
34316.60 7.32542
34296.50 7.32884
34276.40 7.33227
34256.30 7.33569
34236.20 7.33912
34216.10 7.34256
34196.00 7.34600
34175.90 7.34944
34155.80 7.35288
34135.70 7.35633
34115.60 7.35979
34095.50 7.36325
34075.40 7.36671
34055.30 7.37018
34035.20 7.37365
34015.10 7.37712
33995.00 7.38060
33974.90 7.38408
33954.80 7.38756
33934.70 7.39105
33914.60 7.39455
33894.50 7.39805
33874.40 7.40155
33854.30 7.40505
33834.20 7.40856
33814.10 7.41208
33794.00 7.41559
33773.90 7.41911
33753.80 7.42264
33733.70 7.42617
33713.60 7.42970
33693.50 7.43324
33673.40 7.43678
33653.30 7.44032
33633.20 7.44387
33613.10 7.44743
33593.00 7.45098
33572.90 7.45454
33552.80 7.45811
33532.70 7.46168
33512.60 7.46525
33492.50 7.46883
33472.40 7.47241
33452.30 7.47599
33432.20 7.47958
33412.10 7.48317
33392.00 7.48677
33371.90 7.49037
33351.80 7.49397
33331.70 7.49758
33311.60 7.50119
33291.50 7.50481
33271.40 7.50843
33251.30 7.51205
33231.20 7.51568
33211.10 7.51931
33191.00 7.52295
33170.90 7.52659
33150.80 7.53023
33130.70 7.53388
33110.60 7.53753
33090.50 7.54118
33070.40 7.54484
33050.30 7.54851
33030.20 7.55217
33010.10 7.55584
32989.90 7.55952
32969.80 7.56320
32949.70 7.56688
32929.60 7.57057
32909.50 7.57426
32889.40 7.57795
32869.30 7.58165
32849.20 7.58535
32829.10 7.58906
32809.00 7.59277
32788.90 7.59648
32768.80 7.60020
32748.70 7.60393
32728.60 7.60765
32708.50 7.61138
32688.40 7.61512
32668.30 7.61885
32648.20 7.62260
32628.10 7.62634
32608.00 7.63009
32587.90 7.63385
32567.80 7.63760
32547.70 7.64137
32527.60 7.64513
32507.50 7.64890
32487.40 7.65267
32467.30 7.65645
32447.20 7.66023
32427.10 7.66402
32407.00 7.66781
32386.90 7.67160
32366.80 7.67540
32346.70 7.67920
32326.60 7.68300
32306.50 7.68681
32286.40 7.69063
32266.30 7.69444
32246.20 7.69826
32226.10 7.70209
32206.00 7.70592
32185.90 7.70975
32165.80 7.71359
32145.70 7.71743
32125.60 7.72127
32105.50 7.72512
32085.40 7.72897
32065.30 7.73283
32045.20 7.73669
32025.10 7.74055
32005.00 7.74442
31984.90 7.74829
31964.80 7.75217
31944.70 7.75605
31924.60 7.75993
31904.50 7.76382
31884.40 7.76771
31864.30 7.77161
31844.20 7.77551
31824.10 7.77941
31804.00 7.78332
31783.90 7.78723
31763.80 7.79115
31743.70 7.79507
31723.60 7.79899
31703.50 7.80292
31683.40 7.80685
31663.30 7.81078
31643.20 7.81472
31623.10 7.81866
31603.00 7.82261
31582.90 7.82656
31562.80 7.83052
31542.70 7.83448
31522.60 7.83844
31502.50 7.84241
31482.40 7.84638
31462.30 7.85035
31442.20 7.85433
31422.10 7.85831
31402.00 7.86230
31381.90 7.86629
31361.80 7.87028
31341.70 7.87428
31321.60 7.87828
31301.50 7.88229
31281.40 7.88630
31261.30 7.89031
31241.20 7.89433
31221.10 7.89835
31201.00 7.90238
31180.90 7.90641
31160.80 7.91044
31140.70 7.91448
31120.60 7.91852
31100.50 7.92257
31080.40 7.92662
31060.30 7.93067
31040.20 7.93473
31020.10 7.93879
31000.00 7.94285
30890.00 7.96590
30790.00 7.98614
30690.00 8.00655
30590.00 8.02713
30490.00 8.04788
30390.00 8.06881
30290.00 8.08990
30190.00 8.11116
30090.00 8.13259
29990.00 8.15419
29890.00 8.17596
29790.00 8.19791
29700.00 8.22879
29690.00 8.23095
29680.00 8.23312
29670.00 8.23528
29660.00 8.23745
29650.00 8.23962
29640.00 8.24179
29630.00 8.24396
29620.00 8.24613
29610.00 8.24831
29600.00 8.25049
29590.00 8.25267
29580.00 8.25485
29570.00 8.25703
29560.00 8.25922
29550.00 8.26141
29540.00 8.26360
29530.00 8.26579
29520.00 8.26798
29510.00 8.27017
29500.00 8.27237
29490.00 8.27457
29480.00 8.27677
29470.00 8.27897
29460.00 8.28117
29450.00 8.28338
29440.00 8.28558
29430.00 8.28780
29420.00 8.29000
29410.00 8.29222
29400.00 8.29443
29390.00 8.29665
29380.00 8.29887
29370.00 8.30109
29360.00 8.30331
29350.00 8.30553
29340.00 8.30776
29330.00 8.30998
29320.00 8.31221
29310.00 8.31444
29300.00 8.31668
29290.00 8.31891
29280.00 8.32115
29270.00 8.32339
29260.00 8.32563
29250.00 8.32787
29240.00 8.33011
29230.00 8.33236
29220.00 8.33460
29210.00 8.33685
29200.00 8.33910
29190.00 8.34136
29180.00 8.34361
29170.00 8.34587
29160.00 8.34813
29150.00 8.35039
29140.00 8.35265
29130.00 8.35491
29120.00 8.35718
29110.00 8.35944
29100.00 8.36171
29090.00 8.36398
29080.00 8.36626
29070.00 8.36853
29060.00 8.37081
29050.00 8.37309
29040.00 8.37536
29030.00 8.37765
29020.00 8.37993
29010.00 8.38222
29000.00 8.38450
28990.00 8.38679
28980.00 8.38908
28970.00 8.39138
28960.00 8.39367
28950.00 8.39597
28940.00 8.39827
28930.00 8.40057
28920.00 8.40287
28910.00 8.40517
28900.00 8.40748
28890.00 8.40978
28880.00 8.41209
28870.00 8.41440
28860.00 8.41672
28850.00 8.41903
28840.00 8.42135
28830.00 8.42367
28820.00 8.42599
28810.00 8.42831
28800.00 8.43063
28790.00 8.43296
28780.00 8.43528
28770.00 8.43761
28760.00 8.43994
28750.00 8.44228
28740.00 8.44461
28730.00 8.44695
28720.00 8.44929
28710.00 8.45163
28700.00 8.45397
28690.00 8.45631
28680.00 8.45866
28670.00 8.46101
28660.00 8.46335
28650.00 8.46571
28640.00 8.46806
28630.00 8.47041
28620.00 8.47277
28610.00 8.47513
28600.00 8.47749
28590.00 8.47985
28580.00 8.48221
28570.00 8.48458
28560.00 8.48695
28550.00 8.48932
28540.00 8.49169
28530.00 8.49406
28520.00 8.49643
28510.00 8.49881
28500.00 8.50119
28490.00 8.50357
28480.00 8.50595
28470.00 8.50833
28460.00 8.51072
28450.00 8.51311
28440.00 8.51550
28430.00 8.51789
28420.00 8.52028
28410.00 8.52268
28400.00 8.52507
28390.00 8.52747
28380.00 8.52987
28370.00 8.53227
28360.00 8.53468
28350.00 8.53708
28340.00 8.53949
28330.00 8.54190
28320.00 8.54431
28310.00 8.54672
28300.00 8.54914
28290.00 8.55155
28280.00 8.55397
28270.00 8.55639
28260.00 8.55881
28250.00 8.56124
28240.00 8.56366
28230.00 8.56609
28220.00 8.56852
28210.00 8.57095
28200.00 8.57339
28190.00 8.57582
28180.00 8.57825
28170.00 8.58069
28160.00 8.58313
28150.00 8.58558
28140.00 8.58802
28130.00 8.59047
28120.00 8.59291
28110.00 8.59536
28100.00 8.59781
28090.00 8.60027
28080.00 8.60272
28070.00 8.60518
28060.00 8.60764
28050.00 8.61010
28040.00 8.61256
28030.00 8.61502
28020.00 8.61749
28010.00 8.61996
28000.00 8.62243
27990.00 8.62490
27980.00 8.62737
27970.00 8.62984
27960.00 8.63232
27950.00 8.63480
27940.00 8.63728
27930.00 8.63976
27920.00 8.64224
27910.00 8.64473
27900.00 8.64722
27890.00 8.64971
27880.00 8.65220
27870.00 8.65469
27860.00 8.65719
27850.00 8.65968
27840.00 8.66218
27830.00 8.66468
27820.00 8.66718
27810.00 8.66969
27800.00 8.67219
27790.00 8.67470
27780.00 8.67721
27770.00 8.67972
27760.00 8.68223
27750.00 8.68475
27740.00 8.68727
27730.00 8.68978
27720.00 8.69230
27710.00 8.69483
27700.00 8.69735
27690.00 8.69988
27680.00 8.70240
27670.00 8.70493
27660.00 8.70746
27650.00 8.71000
27640.00 8.71253
27630.00 8.71507
27620.00 8.71761
27610.00 8.72015
27600.00 8.72269
27590.00 8.72523
27580.00 8.72778
27570.00 8.73033
27560.00 8.73288
27550.00 8.73543
27540.00 8.73798
27530.00 8.74054
27520.00 8.74309
27510.00 8.74565
27500.00 8.74821
27490.00 8.75077
27480.00 8.75334
27470.00 8.75590
27460.00 8.75847
27450.00 8.76104
27440.00 8.76361
27430.00 8.76619
27420.00 8.76876
27410.00 8.77134
27400.00 8.77391
27390.00 8.77650
27380.00 8.77908
27370.00 8.78166
27360.00 8.78425
27350.00 8.78683
27340.00 8.78942
27330.00 8.79202
27320.00 8.79461
27310.00 8.79720
27300.00 8.79980
27290.00 8.80174
27190.00 8.82810
27090.00 8.85464
26990.00 8.88134
26890.00 8.90822
26790.00 8.93526
26690.00 8.96248
26590.00 8.98986
26490.00 9.01742
26390.00 9.04515
26290.00 9.07304
26190.00 9.10111
26090.00 9.12934
25990.00 9.15775
25890.00 9.18633
25790.00 9.21507
25690.00 9.24399
25590.00 9.27307
25490.00 9.30233
25390.00 9.33176
25290.00 9.36135
25190.00 9.39112
25090.00 9.42106
24990.00 9.45116
24890.00 9.48144
