strip	i0_corr	it_corr	lnI0It	i0_dark	it_dark	i0_raw	it_raw
0	-3707.00	-4587.00	0.00000	1766259	1767831	1762552	1763244
1	-7083.00	-3829.00	0.00000	1816798	1819427	1809715	1815598
2	-618.00	-3237.00	0.00000	1884824	1886221	1884206	1882984
3	-4406.00	-8223.00	0.00000	1734038	1734973	1729632	1726750
4	-2406.00	-3790.00	0.00000	1631834	1631698	1629428	1627908
5	-4393.00	-1411.00	0.00000	1929093	1930110	1924700	1928699
6	-3273.00	-1959.00	0.00000	1611868	1611953	1608595	1609994
7	-340.00	1175.00	0.00000	1888733	1888644	1888393	1889819
8	-2474.00	1433.00	0.00000	1740330	1740278	1737856	1741711
9	-360.00	2658.00	0.00000	1930688	1930895	1930328	1933553
10	286.00	4821.00	-2.82474	1625638	1626379	1625924	1631200
11	-5981.00	754.00	0.00000	1891486	1891628	1885505	1892382
12	-1399.00	1841.00	0.00000	1702182	1702688	1700783	1704529
13	-2651.00	414.00	0.00000	1779910	1778789	1777259	1779203
14	-5691.00	-610.00	0.00000	1801013	1801945	1795322	1801335
15	399.00	7473.00	-2.93009	1759325	1758120	1759724	1765593
16	3983.00	5961.00	-0.40320	1692841	1693647	1696824	1699608
17	-880.00	1996.00	0.00000	1896207	1894882	1895327	1896878
18	438.00	4485.00	-2.32627	1635102	1634595	1635540	1639080
19	-1902.00	1397.00	0.00000	1778704	1779334	1776802	1780731
20	-6569.00	3145.00	0.00000	1686282	1686137	1679713	1689282
21	-4370.00	1675.00	0.00000	1736305	1735435	1731935	1737110
22	-651.00	3979.00	0.00000	1690393	1690404	1689742	1694383
23	24.00	3455.00	-4.96952	1785713	1784211	1785737	1787666
24	-913.00	2736.00	0.00000	1616571	1616744	1615658	1619480
25	-3158.00	3262.00	0.00000	1806165	1808717	1803007	1811979
26	506.00	2173.00	-1.45733	1726131	1725613	1726637	1727786
27	186.00	3259.00	-2.86343	1874540	1875713	1874726	1878972
28	-6017.00	5061.00	0.00000	1732769	1732264	1726752	1737325
29	-4599.00	1440.00	0.00000	1750560	1750534	1745961	1751974
30	3846.00	6132.00	-0.46649	1819132	1818672	1822978	1824804
31	155.00	1618.00	-2.34552	1863542	1864566	1863697	1866184
32	370.00	5603.00	-2.71755	1649655	1649264	1650025	1654867
33	768.00	2443.00	-1.15719	1827836	1829058	1828604	1831501
34	-1473.00	4641.00	0.00000	1685895	1684624	1684422	1689265
35	-6810.00	1702.00	0.00000	1732788	1734027	1725978	1735729
36	1323.00	2443.00	-0.61332	1753328	1754429	1754651	1756872
37	-2818.00	923.00	0.00000	1874007	1875403	1871189	1876326
38	-1537.00	4990.00	0.00000	1730845	1732747	1729308	1737737
39	1042.00	45.00	3.14223	1828082	1829478	1829124	1829523
40	2884.00	4215.00	-0.37947	1698516	1698434	1701400	1702649
41	-177.00	2893.00	0.00000	1852193	1853023	1852016	1855916
42	-578.00	4499.00	0.00000	1759629	1760549	1759051	1765048
43	-4996.00	713.00	0.00000	1724992	1724650	1719996	1725363
44	-756.00	3593.00	0.00000	1578600	1579461	1577844	1583054
45	2810.00	7067.00	-0.92225	1783929	1783177	1786739	1790244
46	-2941.00	3061.00	0.00000	1691787	1691745	1688846	1694806
47	3997.00	5924.00	-0.39347	1689808	1689558	1693805	1695482
48	-619.00	8122.00	0.00000	1722758	1722480	1722139	1730602
49	-6406.00	-2654.00	0.00000	1856174	1855744	1849768	1853090
50	1568.00	121.00	2.56177	1673512	1674149	1675080	1674270
51	-383.00	5479.00	0.00000	1887499	1885162	1887116	1890641
52	-2912.00	5721.00	0.00000	1608702	1609979	1605790	1615700
53	-452.00	7028.00	0.00000	1758796	1757071	1758344	1764099
54	743.00	3639.00	-1.58877	1692619	1692981	1693362	1696620
55	1515.00	4632.00	-1.11757	1756815	1755574	1758330	1760206
56	-72.00	4399.00	0.00000	1760859	1761010	1760787	1765409
57	-253.00	3878.00	0.00000	1779948	1779679	1779695	1783557
58	-1112.00	7738.00	0.00000	1775811	1775205	1774699	1782943
59	-2776.00	6922.00	0.00000	1812121	1811529	1809345	1818451
60	-1448.00	3217.00	0.00000	1737956	1736786	1736508	1740003
61	2178.00	8365.00	-1.34565	1938254	1939361	1940432	1947726
62	-2729.00	6886.00	0.00000	1676321	1676858	1673592	1683744
63	-719.00	3918.00	0.00000	1798314	1799190	1797595	1803108
64	5171.00	8037.00	-0.44099	1904531	1905084	1909702	1913121
65	2856.00	9589.00	-1.21119	1975464	1975907	1978320	1985496
66	2649.00	6909.00	-0.95864	1915187	1915206	1917836	1922115
67	1037.00	8094.00	-2.05479	1746560	1748296	1747597	1756390
68	1422.00	8185.00	-1.75024	1755700	1756951	1757122	1765136
69	-292.00	5363.00	0.00000	1917974	1918620	1917682	1923983
70	-2886.00	2546.00	0.00000	1703869	1704278	1700983	1706824
71	2579.00	6885.00	-0.98194	1875320	1875269	1877899	1882154
72	1385.00	8322.00	-1.79320	1651215	1652229	1652600	1660551
73	1901.00	7750.00	-1.40531	1805181	1805041	1807082	1812791
74	2652.00	10255.00	-1.35245	1624374	1625432	1627026	1635687
75	2107.00	6602.00	-1.14211	1978349	1977593	1980456	1984195
76	2465.00	7242.00	-1.07771	1782850	1782607	1785315	1789849
77	-641.00	7693.00	0.00000	1838639	1838615	1837998	1846308
78	-6550.00	4579.00	0.00000	1689455	1689333	1682905	1693912
79	2428.00	8286.00	-1.22750	1876086	1874872	1878514	1883158
80	4986.00	10029.00	-0.69885	1781830	1781877	1786816	1791906
81	3067.00	12375.00	-1.39498	1989384	1987848	1992451	2000223
82	3984.00	11175.00	-1.03139	1871856	1871354	1875840	1882529
83	1415.00	11253.00	-2.07351	1924936	1923728	1926351	1934981
84	-1395.00	9291.00	0.00000	1805661	1805762	1804266	1815053
85	3640.00	10785.00	-1.08617	1903317	1902061	1906957	1912846
86	4901.00	12356.00	-0.92470	1801537	1801707	1806438	1814063
87	2188.00	12905.00	-1.77463	1909654	1908834	1911842	1921739
88	5013.00	14090.00	-1.03343	1747126	1748016	1752139	1762106
89	4456.00	14271.00	-1.16398	1868989	1869843	1873445	1884114
90	5029.00	14115.00	-1.03202	1871824	1871285	1876853	1885400
91	2702.00	14441.00	-1.67608	1854178	1855329	1856880	1869770
92	-1957.00	16629.00	0.00000	1761499	1762387	1759542	1779016
93	2338.00	16524.00	-1.95552	1859948	1860433	1862286	1876957
94	7114.00	18660.00	-0.96432	1924209	1925253	1931323	1943913
95	6866.00	18123.00	-0.97060	1927292	1928881	1934158	1947004
96	5343.00	20021.00	-1.32099	1864043	1864582	1869386	1884603
97	7316.00	21333.00	-1.07019	1899432	1900922	1906748	1922255
98	6476.00	22950.00	-1.26521	1767653	1767183	1774129	1790133
99	6616.00	24432.00	-1.30640	1796428	1797966	1803044	1822398
100	10214.00	23693.00	-0.84142	1878227	1878454	1888441	1902147
101	7858.00	30364.00	-1.35173	1758661	1760201	1766519	1790565
102	5011.00	32120.00	-1.85784	1827062	1828664	1832073	1860784
103	12166.00	31950.00	-0.96553	1872820	1873985	1884986	1905935
104	13984.00	37412.00	-0.98408	1819359	1818276	1833343	1855688
105	12620.00	39088.00	-1.13053	1819873	1819896	1832493	1858984
106	10591.00	42079.00	-1.37954	1747767	1747937	1758358	1790016
107	13613.00	46376.00	-1.22576	1847103	1847678	1860716	1894054
108	13323.00	52041.00	-1.36254	1753031	1753218	1766354	1805259
109	21902.00	62106.00	-1.04226	1971331	1971252	1993233	2033358
110	19730.00	64988.00	-1.19206	1859337	1858326	1879067	1923314
111	24303.00	78857.00	-1.17704	1902848	1902474	1927151	1981331
112	27442.00	94013.00	-1.23136	1676824	1677223	1704266	1771236
113	31772.00	102960.00	-1.17576	1945718	1944471	1977490	2047431
114	39196.00	122914.00	-1.14291	1807603	1806504	1846799	1929418
115	47241.00	148631.00	-1.14620	1882490	1881641	1929731	2030272
116	55321.00	188264.00	-1.22469	1861051	1862386	1916372	2050650
117	77869.00	248710.00	-1.16126	1918274	1916400	1996143	2165110
118	112281.00	351630.00	-1.14157	1811202	1812302	1923483	2163932
119	170400.00	527718.00	-1.13041	1839650	1838567	2010050	2366285
120	263672.00	823019.00	-1.13827	1829605	1829832	2093277	2652851
121	422091.00	1308558.00	-1.13146	1825980	1825501	2248071	3134059
122	664420.00	2074478.00	-1.13855	1827513	1826953	2491933	3901431
123	1012996.00	3153856.00	-1.13571	1879037	1878431	2892033	5032287
124	1497556.00	4677610.00	-1.13895	1789648	1789309	3287204	6466919
125	2078376.00	6505709.00	-1.14109	1909920	1910388	3988296	8416097
126	2710570.00	8512529.00	-1.14438	1731392	1732830	4441962	10245359
127	3441888.00	10785214.00	-1.14216	1972322	1973161	5414210	12758375
128	4216353.00	13185784.00	-1.14017	1887328	1887732	6103681	15073516
129	4809076.00	15039261.00	-1.14016	1862387	1863605	6671463	16902866
130	5361776.00	16757561.00	-1.13955	1822679	1823065	7184455	18580626
131	5800430.00	18130967.00	-1.13969	1920483	1920446	7720913	20051413
132	6135445.00	19180191.00	-1.13980	1699638	1700071	7835083	20880262
133	6293740.00	19691002.00	-1.14061	1849378	1850622	8143118	21541624
134	6434607.00	20130256.00	-1.14053	1713843	1714038	8148450	21844294
135	6618913.00	20680156.00	-1.13924	1705337	1703501	8324250	22383657
136	6660966.00	20798068.00	-1.13860	1666828	1668247	8327794	22466315
137	6648752.00	20769016.00	-1.13903	1844283	1844583	8493035	22613599
138	6752272.00	21064698.00	-1.13772	1794946	1795255	8547218	22859953
139	6801842.00	21217561.00	-1.13764	1810994	1811303	8612836	23028864
140	6899496.00	21532534.00	-1.13812	1757146	1758503	8656642	23291037
141	6924228.00	21615084.00	-1.13836	1878683	1877821	8802911	23492905
142	7112047.00	22182593.00	-1.13752	1787782	1787854	8899829	23970447
143	7045188.00	21975419.00	-1.13758	1937272	1935665	8982460	23911084
144	7123499.00	22193767.00	-1.13641	1696949	1698090	8820448	23891857
145	7182908.00	22380654.00	-1.13649	1911841	1911049	9094749	24291703
146	7248071.00	22576414.00	-1.13617	1685156	1685732	8933227	24262146
147	7242838.00	22567605.00	-1.13650	1796395	1796726	9039233	24364331
148	7366423.00	22932880.00	-1.13564	1680919	1681899	9047342	24614779
149	7374529.00	22948008.00	-1.13520	1871876	1870957	9246405	24818965
150	7501516.00	23316346.00	-1.13405	1676488	1676214	9178004	24992560
151	7551916.00	23463211.00	-1.13363	1795087	1793108	9347003	25256319
152	7555230.00	23470618.00	-1.13351	1714880	1714909	9270110	25185527
153	7659137.00	23786284.00	-1.13321	1871592	1872852	9530729	25659136
154	7762540.00	24113316.00	-1.13345	1748846	1748893	9511386	25862209
155	7709969.00	23924122.00	-1.13237	1782558	1784086	9492527	25708208
156	7856263.00	24380032.00	-1.13245	1824398	1824326	9680661	26204358
157	7860600.00	24381994.00	-1.13198	1782470	1782795	9643070	26164789
158	7946257.00	24631900.00	-1.13134	1784325	1785429	9730582	26417329
159	8012224.00	24827499.00	-1.13098	1791995	1794396	9804219	26621895
160	8130089.00	25156014.00	-1.12953	1705741	1706249	9835830	26862263
161	8172655.00	25272076.00	-1.12891	1871519	1873259	10044174	27145335
162	8250273.00	25483638.00	-1.12779	1752779	1752326	10003052	27235964
163	8281050.00	25602680.00	-1.12873	1899585	1900344	10180635	27503024
164	8397191.00	25888111.00	-1.12589	1743819	1744752	10141010	27632863
165	8497006.00	26152993.00	-1.12425	1777939	1778754	10274945	27931747
166	8658398.00	26588799.00	-1.12196	1757145	1759056	10415543	28347855
167	8744337.00	26808048.00	-1.12030	1816745	1817116	10561082	28625164
168	8905236.00	27225086.00	-1.11750	1686033	1686730	10591269	28911816
169	8628095.00	26325809.00	-1.11553	1789469	1790408	10417564	28116217
170	8429328.00	25645396.00	-1.11265	1633481	1633554	10062809	27278950
171	8460651.00	25646437.00	-1.10898	1798269	1799027	10258920	27445464
172	8937027.00	26925289.00	-1.10286	1651680	1652480	10588707	28577769
173	9117816.00	27273929.00	-1.09570	1867445	1867814	10985261	29141743
174	9203546.00	27249872.00	-1.08546	1773948	1775083	10977494	29024955
175	9174356.00	26772800.00	-1.07097	1921940	1921598	11096296	28694398
176	9336243.00	26518237.00	-1.04393	1609496	1611090	10945739	28129327
177	9370999.00	25273807.00	-0.99215	1816335	1814964	11187334	27088771
178	9431250.00	23108125.00	-0.89616	1613842	1614390	11045092	24722515
179	9405907.00	20239228.00	-0.76628	1846253	1845446	11252160	22084674
180	9522526.00	18351973.00	-0.65608	1718660	1719673	11241186	20071646
181	9667059.00	17601867.00	-0.59928	1708112	1707714	11375171	19309581
182	9762355.00	17509803.00	-0.58423	1656117	1657417	11418472	19167220
183	9745753.00	17592308.00	-0.59063	1862079	1861210	11607832	19453518
184	10004346.00	18114647.00	-0.59370	1726038	1727272	11730384	19841919
185	9891572.00	17689678.00	-0.58130	1909246	1908466	11800818	19598144
186	9711095.00	16862734.00	-0.55184	1658516	1658831	11369611	18521565
187	9706557.00	16308179.00	-0.51887	1754105	1753796	11460662	18061975
188	10097235.00	16410481.00	-0.48566	1725651	1726078	11822886	18136559
189	10083544.00	15796148.00	-0.44886	2049415	2049598	12132959	17845746
190	10190002.00	15272134.00	-0.40462	1698045	1698016	11888047	16970150
191	10239773.00	14563337.00	-0.35223	1897800	1898941	12137573	16462278
192	10296885.00	13744426.00	-0.28879	1711782	1711376	12008667	15455802
193	10308024.00	12818661.00	-0.21798	1871091	1872196	12179115	14690857
194	10371113.00	11965569.00	-0.14301	1859098	1860237	12230211	13825806
195	10406243.00	11184045.00	-0.07208	1848780	1850123	12255023	13034168
196	10529349.00	10633175.00	-0.00981	1758112	1758708	12287461	12391883
197	10617184.00	10236103.00	0.03655	1835033	1835577	12452217	12071680
198	10689337.00	10055392.00	0.06114	1662919	1663547	12352256	11718939
199	10726029.00	10059476.00	0.06416	1722697	1722958	12448726	11782434
200	10804790.00	10267866.00	0.05097	1618113	1619964	12422903	11887830
201	10869946.00	10576047.00	0.02741	1871776	1872224	12741722	12448271
202	11002673.00	10984652.00	0.00164	1691319	1692529	12693992	12677181
203	10919765.00	11124968.00	-0.01862	1877463	1877554	12797228	13002522
204	11063326.00	11422705.00	-0.03197	1558662	1559660	12621988	12982365
205	11124044.00	11523894.00	-0.03531	1793624	1792922	12917668	13316816
206	11186489.00	11481978.00	-0.02607	1639937	1640371	12826426	13122349
207	11143606.00	11191066.00	-0.00425	1756345	1755357	12899951	12946423
208	11301409.00	10999798.00	0.02705	1645981	1647374	12947390	12647172
209	11294839.00	10630010.00	0.06066	1802577	1801915	13097416	12431925
210	11486517.00	10539903.00	0.08601	1580155	1581169	13066672	12121072
211	11542443.00	10487660.00	0.09583	1741727	1741158	13284170	12228818
212	11641212.00	10638330.00	0.09009	1721274	1722475	13362486	12360805
213	11657263.00	10863499.00	0.07052	1819910	1818786	13477173	12682285
214	11780635.00	11271693.00	0.04416	1578416	1578443	13359051	12850136
215	11832744.00	11608772.00	0.01911	1922401	1921895	13755145	13530667
216	11934931.00	11957820.00	-0.00192	1676398	1676973	13611329	13634793
217	11976892.00	12211138.00	-0.01937	1830629	1832093	13807521	14043231
218	11955941.00	12371475.00	-0.03417	1588151	1588930	13544092	13960405
219	12063730.00	12677860.00	-0.04965	1769360	1770658	13833090	14448518
220	12170485.00	12979093.00	-0.06433	1540813	1541209	13711298	14520302
221	12123963.00	13061535.00	-0.07449	1790244	1791620	13914207	14853155
222	12236390.00	13254578.00	-0.07993	1745340	1745615	13981730	15000193
223	12328885.00	13374966.00	-0.08144	1824524	1826359	14153409	15201325
224	12334445.00	13345586.00	-0.07879	1668826	1669560	14003271	15015146
225	12346696.00	13299728.00	-0.07436	1917416	1920207	14264112	15219935
226	12644980.00	13542737.00	-0.06859	1567169	1567055	14212149	15109792
227	12612982.00	13423446.00	-0.06228	1891916	1892816	14504898	15316262
228	12813970.00	13514755.00	-0.05325	1617780	1617531	14431750	15132286
229	12806411.00	13356521.00	-0.04206	1878596	1878385	14685007	15234906
230	12759371.00	13137302.00	-0.02919	1609211	1610698	14368582	14748000
231	12909803.00	13100756.00	-0.01468	1860639	1861489	14770442	14962245
232	12978905.00	12970598.00	0.00064	1501778	1501208	14480683	14471806
233	12984429.00	12799563.00	0.01434	1942654	1943228	14927083	14742791
234	13132773.00	12773260.00	0.02776	1606692	1608415	14739465	14381675
235	13144549.00	12616065.00	0.04104	1951389	1951173	15095938	14567238
236	13299675.00	12588464.00	0.05496	1567945	1568811	14867620	14157275
237	13196585.00	12329775.00	0.06794	1885660	1885731	15082245	14215506
238	13317381.00	12293698.00	0.07998	1583663	1584182	14901044	13877880
239	13429685.00	12277117.00	0.08973	1739101	1738800	15168786	14015917
240	13573198.00	12303924.00	0.09818	1551449	1551347	15124647	13855271
241	13530970.00	12198433.00	0.10367	1837068	1836752	15368038	14035185
242	13740551.00	12382847.00	0.10404	1603973	1603360	15344524	13986207
243	13760569.00	12458339.00	0.09942	1821073	1820364	15581642	14278703
244	13850549.00	12644133.00	0.09113	1705831	1706565	15556380	14350698
245	13900178.00	12832881.00	0.07989	1742624	1741736	15642802	14574617
246	14056178.00	13148679.00	0.06674	1607618	1608440	15663796	14757119
247	13939302.00	13232831.00	0.05201	1780129	1778210	15719431	15011041
248	14137261.00	13615942.00	0.03757	1702942	1703286	15840203	15319228
249	14314614.00	13998832.00	0.02231	1808333	1808063	16122947	15806895
250	14358143.00	14230914.00	0.00890	1569755	1569938	15927898	15800852
251	14464399.00	14484171.00	-0.00137	1869494	1870187	16333893	16354358
252	14415323.00	14564733.00	-0.01031	1705961	1706533	16121284	16271266
253	14471961.00	14748324.00	-0.01892	1998030	1998887	16469991	16747211
254	14690753.00	15045943.00	-0.02389	1705781	1707410	16396534	16753353
255	14676005.00	15093199.00	-0.02803	1920311	1921178	16596316	17014377
256	14915267.00	15354969.00	-0.02905	1768879	1768814	16684146	17123783
257	14894661.00	15346032.00	-0.02985	1816796	1818622	16711457	17164654
258	14919813.00	15357123.00	-0.02889	1776919	1777079	16696732	17134202
259	14951829.00	15350955.00	-0.02634	1898981	1900053	16850810	17251008
260	15068188.00	15417233.00	-0.02290	1680316	1680473	16748504	17097706
261	15176609.00	15481884.00	-0.01992	1905816	1905758	17082425	17387642
262	15278759.00	15521229.00	-0.01575	1635731	1636776	16914490	17158005
263	15172464.00	15371957.00	-0.01306	1927201	1926329	17099665	17298286
264	15427505.00	15586280.00	-0.01024	1671744	1673225	17099249	17259505
265	15524846.00	15667745.00	-0.00916	1949643	1949019	17474489	17616764
266	15621228.00	15787521.00	-0.01059	1705408	1706717	17326636	17494238
267	15472219.00	15658835.00	-0.01199	1788161	1788344	17260380	17447179
268	15828960.00	16025170.00	-0.01232	1718634	1719734	17547594	17744904
269	15733789.00	15948154.00	-0.01353	1774469	1774368	17508258	17722522
270	15827184.00	16025407.00	-0.01245	1629097	1630643	17456281	17656050
271	15918539.00	16055222.00	-0.00855	1858830	1858975	17777369	17914197
272	15977150.00	16037389.00	-0.00376	1550578	1552096	17527728	17589485
273	16170423.00	16170802.00	-0.00002	1787946	1786995	17958369	17957797
274	16190334.00	16106295.00	0.00520	1759734	1760543	17950068	17866838
275	16464928.00	16316298.00	0.00907	1777342	1776559	18242270	18092857
276	16571556.00	16371626.00	0.01214	1643139	1643705	18214695	18015331
277	16397877.00	16147480.00	0.01539	1762848	1762223	18160725	17909703
278	16742484.00	16463092.00	0.01683	1500536	1501190	18243020	17964282
279	16777292.00	16490296.00	0.01725	1865180	1865232	18642472	18355528
280	16802493.00	16492690.00	0.01861	1627083	1626518	18429576	18119208
281	16934815.00	16606535.00	0.01958	1813393	1814529	18748208	18421064
282	17028599.00	16653228.00	0.02229	1750787	1751332	18779386	18404560
283	16905916.00	16474819.00	0.02583	1844316	1845600	18750232	18320419
284	16930236.00	16430943.00	0.02993	1568894	1569560	18499130	18000503
285	17170209.00	16570229.00	0.03557	1773903	1774484	18944112	18344713
286	17375324.00	16680050.00	0.04084	1614884	1615834	18990208	18295884
287	17315124.00	16536643.00	0.04600	1968383	1970671	19283507	18507314
288	17522130.00	16658406.00	0.05055	1707648	1707835	19229778	18366241
289	17410932.00	16478382.00	0.05505	1885016	1886721	19295948	18365103
290	17626322.00	16636706.00	0.05778	1544442	1544045	19170764	18180751
291	17643157.00	16599159.00	0.06100	1874799	1876090	19517956	18475249
292	17653621.00	16567214.00	0.06352	1629621	1630294	19283242	18197508
293	17891955.00	16765881.00	0.06501	1879801	1881286	19771756	18647167
294	18017967.00	16838392.00	0.06771	1622637	1625307	19640604	18463699
295	17964382.00	16736314.00	0.07081	1849304	1849931	19813686	18586245
296	18231978.00	16926623.00	0.07429	1677688	1676372	19909666	18602995
297	18219730.00	16872972.00	0.07679	1944142	1944674	20163872	18817646
298	18399761.00	16976501.00	0.08051	1613926	1614765	20013687	18591266
299	18503412.00	16994066.00	0.08509	1820159	1819923	20323571	18813989
300	18215187.00	16647523.00	0.08999	1677106	1678970	19892293	18326493
301	18080100.00	16449158.00	0.09454	1809169	1809412	19889269	18258570
302	18628795.00	16890293.00	0.09797	1615524	1616966	20244319	18507259
303	18777013.00	16981692.00	0.10050	1854207	1854047	20631220	18835739
304	18891428.00	17063393.00	0.10177	1652472	1653227	20543900	18716620
305	18951969.00	17117940.00	0.10178	1767391	1767045	20719360	18884985
306	19123891.00	17299846.00	0.10024	1680589	1681431	20804480	18981277
307	19148469.00	17373286.00	0.09729	1843963	1844056	20992432	19217342
308	19060181.00	17363209.00	0.09325	1566182	1568312	20626363	18931521
309	18590899.00	17024760.00	0.08800	1779489	1779545	20370388	18804305
310	18887669.00	17427217.00	0.08048	1626080	1627190	20513749	19054407
311	19169024.00	17833948.00	0.07219	1782567	1782320	20951591	19616268
312	19493994.00	18285670.00	0.06399	1655447	1657028	21149441	19942698
313	19394950.00	18332374.00	0.05634	1838662	1839084	21233612	20171458
314	19501902.00	18579303.00	0.04846	1637067	1637139	21138969	20216442
315	19539876.00	18777478.00	0.03980	1941108	1940871	21480984	20718349
316	19631735.00	18994547.00	0.03300	1716926	1717643	21348661	20712190
317	19624071.00	19128606.00	0.02557	2046618	2047257	21670689	21175863
318	19719796.00	19350690.00	0.01889	1610799	1612150	21330595	20962840
319	19693394.00	19453909.00	0.01224	2043272	2044428	21736666	21498337
320	19899140.00	19765241.00	0.00675	2018206	2018059	21917346	21783300
321	19664195.00	19650243.00	0.00071	1683871	1685344	21348066	21335587
322	20031415.00	20137958.00	-0.00530	2016001	2016296	22047416	22154254
323	19610128.00	19786660.00	-0.00896	1737476	1739243	21347604	21525903
324	19904912.00	20153684.00	-0.01242	1902453	1902685	21807365	22056369
325	20017495.00	20341686.00	-0.01607	1793093	1793988	21810588	22135674
326	20347395.00	20725425.00	-0.01841	1791212	1790799	22138607	22516224
327	20026470.00	20439670.00	-0.02042	1825499	1825841	21851969	22265511
328	19884437.00	20361493.00	-0.02371	1882989	1883207	21767426	22244700
329	19915385.00	20474666.00	-0.02770	1831814	1832371	21747199	22307037
330	20524712.00	21221093.00	-0.03337	1777956	1778512	22302668	22999605
331	20410982.00	21229054.00	-0.03930	1852098	1852143	22263080	23081197
332	20664095.00	21633445.00	-0.04584	1931435	1931962	22595530	23565407
333	20505588.00	21611463.00	-0.05253	1761564	1761165	22267152	23372628
334	20776482.00	22040632.00	-0.05907	1904334	1904460	22680816	23945092
335	20686283.00	22059552.00	-0.06427	1935629	1933669	22621912	23993221
336	20891897.00	22384813.00	-0.06902	1782482	1783066	22674379	24167879
337	20843739.00	22441306.00	-0.07385	1873506	1872046	22717245	24313352
338	21026950.00	22721566.00	-0.07751	1811460	1811786	22838410	24533352
339	20748065.00	22468965.00	-0.07968	1740461	1740509	22488526	24209474
340	21062664.00	22841555.00	-0.08108	1832309	1833081	22894973	24674636
341	20959637.00	22723811.00	-0.08081	1815894	1814962	22775531	24538773
342	21296321.00	23049023.00	-0.07909	1776761	1777455	23073082	24826478
343	21275246.00	22967601.00	-0.07654	1923036	1922379	23198282	24889980
344	21459591.00	23080084.00	-0.07280	1866245	1866532	23325836	24946616
345	21352418.00	22874995.00	-0.06888	1817267	1818210	23169685	24693205
346	21362694.00	22756702.00	-0.06321	1934239	1934045	23296933	24690747
347	21501861.00	22805321.00	-0.05885	1792460	1793591	23294321	24598912
348	21874361.00	23065717.00	-0.05303	1885040	1885770	23759401	24951487
349	21552368.00	22583695.00	-0.04674	1790786	1791974	23343154	24375669
350	21832324.00	22752584.00	-0.04129	1885758	1887195	23718082	24639779
351	21927046.00	22726937.00	-0.03583	1788028	1790287	23715074	24517224
352	22110377.00	22790856.00	-0.03031	1764693	1764766	23875070	24555622
353	21993899.00	22554223.00	-0.02516	1926094	1928073	23919993	24482296
354	22478751.00	22962404.00	-0.02129	1814545	1814458	24293296	24776862
355	22260993.00	22651098.00	-0.01737	1956239	1957864	24217232	24608962
356	22662100.00	22993597.00	-0.01452	1837494	1837779	24499594	24831376
357	22519363.00	22772897.00	-0.01120	1861843	1863058	24381206	24635955
358	22885760.00	23108718.00	-0.00970	1811429	1813543	24697189	24922261
359	22651162.00	22844148.00	-0.00848	1876605	1876928	24527767	24721076
360	22874158.00	23045915.00	-0.00748	1773583	1772933	24647741	24818848
361	22781605.00	22932067.00	-0.00658	1755827	1755858	24537432	24687925
362	23116350.00	23290709.00	-0.00751	1786045	1787909	24902395	25078618
363	22969431.00	23152043.00	-0.00792	1765089	1765762	24734520	24917805
364	23199479.00	23386719.00	-0.00804	1781187	1782581	24980666	25169300
365	23110971.00	23316532.00	-0.00886	1810741	1810696	24921712	25127228
366	23582128.00	23801761.00	-0.00927	1952699	1954289	25534827	25756050
367	23097590.00	23285671.00	-0.00811	1672681	1672965	24770271	24958636
368	23482647.00	23644742.00	-0.00688	1940870	1941860	25423517	25586602
369	23527038.00	23635569.00	-0.00460	1787110	1786701	25314148	25422270
370	23910419.00	23955053.00	-0.00186	1952404	1952400	25862823	25907453
371	23908288.00	23863635.00	0.00187	1750348	1749501	25658636	25613136
372	24137160.00	23970878.00	0.00691	1889473	1890106	26026633	25860984
373	24035661.00	23729280.00	0.01283	1723684	1723315	25759345	25452595
374	23925464.00	23417340.00	0.02147	1903855	1904897	25829319	25322237
375	23610323.00	22917250.00	0.02979	1786203	1785798	25396526	24703048
376	23830910.00	22913043.00	0.03928	1855343	1855610	25686253	24768653
377	23827372.00	22712267.00	0.04793	1778008	1777136	25605380	24489403
378	24209327.00	22900007.00	0.05560	1754709	1755299	25964036	24655306
379	24381444.00	22875921.00	0.06374	1843083	1843482	26224527	24719403
380	24722791.00	23055055.00	0.06984	1806756	1807965	26529547	24863020
381	24490662.00	22727761.00	0.07470	1928503	1929005	26419165	24656766
382	25012860.00	23109411.00	0.07915	1876320	1877330	26889180	24986741
383	24761477.00	22800929.00	0.08249	1955551	1956303	26717028	24757232
384	24780453.00	22788290.00	0.08381	1752008	1752010	26532461	24540300
385	25268537.00	23223523.00	0.08439	1496277	1498809	26764814	24722332
386	24963015.00	22942440.00	0.08441	1791237	1791191	26754252	24733631
387	25202210.00	23177320.00	0.08376	1480662	1481379	26682872	24658699
388	25151114.00	23177127.00	0.08174	1752209	1753688	26903323	24930815
389	25168488.00	23213332.00	0.08087	1441356	1441815	26609844	24655147
390	25004540.00	23117796.00	0.07845	1651593	1652753	26656133	24770549
391	25340573.00	23483447.00	0.07611	1655037	1655373	26995610	25138820
392	25242978.00	23466732.00	0.07296	1588947	1590936	26831925	25057668
393	25390118.00	23684351.00	0.06955	1550047	1550079	26940165	25234430
394	25278727.00	23656335.00	0.06633	1694581	1696425	26973308	25352760
395	25496150.00	23965316.00	0.06192	1632230	1632524	27128380	25597840
396	25333700.00	23924087.00	0.05725	1599929	1600424	26933629	25524511
397	25565806.00	24256957.00	0.05255	1545131	1544912	27110937	25801869
398	25374356.00	24224265.00	0.04638	1557953	1559336	26932309	25783601
399	25532114.00	24547606.00	0.03932	1588121	1587696	27120235	26135302
400	25409794.00	24598503.00	0.03245	1562086	1563583	26971880	26162086
401	25910908.00	25277411.00	0.02475	1625757	1624198	27536665	26901609
402	25443013.00	24974431.00	0.01859	1627626	1628539	27070639	26602970
403	25577773.00	25311016.00	0.01048	1530316	1530557	27108089	26841573
404	25663208.00	25625092.00	0.00149	1557082	1557792	27220290	27182884
405	25735537.00	25899154.00	-0.00634	1559319	1558634	27294856	27457788
406	25615464.00	25985158.00	-0.01433	1683336	1683869	27298800	27669027
407	25817023.00	26414646.00	-0.02288	1636631	1636017	27453654	28050663
408	25668782.00	26480889.00	-0.03115	1800221	1800099	27469003	28280988
409	25866539.00	26922281.00	-0.04000	1573677	1576509	27440216	28498790
410	25821567.00	27118199.00	-0.04899	1735305	1735624	27556872	28853823
411	25873665.00	27388936.00	-0.05691	1615732	1616725	27489397	29005661
412	25848541.00	27592606.00	-0.06529	1631222	1632144	27479763	29224750
413	25845033.00	27796985.00	-0.07281	1444189	1445415	27289222	29242400
414	25646983.00	27778210.00	-0.07983	1580006	1581025	27226989	29359235
415	25880548.00	28234283.00	-0.08705	1676874	1678770	27557422	29913053
416	25841654.00	28346223.00	-0.09251	1632928	1633499	27474582	29979722
417	25947803.00	28587690.00	-0.09689	1620241	1621472	27568044	30209162
418	25856434.00	28602877.00	-0.10095	1685388	1685810	27541822	30288687
419	26079166.00	28912247.00	-0.10313	1527124	1528245	27606290	30440492
420	26091426.00	28936931.00	-0.10351	1633170	1634659	27724596	30571590
421	25696814.00	28501043.00	-0.10357	1588348	1589758	27285162	30090801
422	25788892.00	28564450.00	-0.10222	1665673	1667060	27454565	30231510
423	26198438.00	28942829.00	-0.09962	1630172	1631545	27828610	30574374
424	25929731.00	28550365.00	-0.09628	1745138	1745228	27674869	30295593
425	26261978.00	28766512.00	-0.09109	1680471	1680491	27942449	30447003
426	26074450.00	28437817.00	-0.08676	1647934	1649493	27722384	30087310
427	26431980.00	28680762.00	-0.08165	1579918	1580993	28011898	30261755
428	26227082.00	28271423.00	-0.07506	1685341	1687677	27912423	29959100
429	26282115.00	28125446.00	-0.06779	1644738	1644485	27926853	29769931
430	26264161.00	27942455.00	-0.06194	1734474	1735164	27998635	29677619
431	26669518.00	28187978.00	-0.05537	1614493	1614840	28284011	29802818
432	26477366.00	27822510.00	-0.04956	1705738	1707545	28183104	29530055
433	26743659.00	27946153.00	-0.04398	1666295	1666681	28409954	29612834
434	26900345.00	27967479.00	-0.03890	1631783	1633024	28532128	29600503
435	26774327.00	27676817.00	-0.03315	1695785	1695699	28470112	29372516
436	26612448.00	27413691.00	-0.02966	1646818	1648042	28259266	29061733
437	26838522.00	27574921.00	-0.02707	1611944	1611347	28450466	29186268
438	25972990.00	26601371.00	-0.02391	1712856	1714112	27685846	28315483
439	25573887.00	26116489.00	-0.02100	1635769	1636108	27209656	27752597
440	26460186.00	27001524.00	-0.02025	1656392	1656482	28116578	28658006
441	27143496.00	27662866.00	-0.01895	1643567	1644005	28787063	29306871
442	27116242.00	27596361.00	-0.01755	1686483	1686359	28802725	29282720
443	27200963.00	27661550.00	-0.01679	1639163	1638932	28840126	29300482
444	27067155.00	27488250.00	-0.01544	1652569	1653372	28719724	29141622
445	27095923.00	27510630.00	-0.01519	1758399	1758709	28854322	29269339
446	27021551.00	27447588.00	-0.01564	1623405	1623740	28644956	29071328
447	27153594.00	27592569.00	-0.01604	1747626	1748054	28901220	29340623
448	27199088.00	27618589.00	-0.01531	1914286	1915757	29113374	29534346
449	26831517.00	27292990.00	-0.01705	1881134	1883222	28712651	29176212
450	27216790.00	27757952.00	-0.01969	1909704	1910455	29126494	29668407
451	26891425.00	27456938.00	-0.02081	1745595	1747226	28637020	29204164
452	27044471.00	27606157.00	-0.02056	1826513	1828138	28870984	29434295
453	27174997.00	27749844.00	-0.02093	1736070	1737138	28911067	29486982
454	27305878.00	27871900.00	-0.02052	1875645	1877534	29181523	29749434
455	27031610.00	27592101.00	-0.02052	1672670	1673348	28704280	29265449
456	27366360.00	27948847.00	-0.02106	1761420	1762416	29127780	29711263
457	26873199.00	27430836.00	-0.02054	1728216	1728309	28601415	29159145
458	26943507.00	27525429.00	-0.02137	1778030	1779206	28721537	29304635
459	26608088.00	27238791.00	-0.02343	1791408	1791739	28399496	29030530
460	26808619.00	27495570.00	-0.02530	1752737	1753992	28561356	29249562
461	26517063.00	27238841.00	-0.02686	1778107	1777897	28295170	29016738
462	27159498.00	27966391.00	-0.02928	1804337	1805392	28963835	29771783
463	27050530.00	27945067.00	-0.03253	1749506	1749000	28800036	29694067
464	27209468.00	28170609.00	-0.03471	1790623	1791769	29000091	29962378
465	25794559.00	26753113.00	-0.03649	1767173	1766347	27561732	28519460
466	25525895.00	26526978.00	-0.03847	1783866	1785215	27309761	28312193
467	25258707.00	26399516.00	-0.04417	1701071	1700501	26959778	28100017
468	26483561.00	27767476.00	-0.04734	1767748	1769459	28251309	29536935
469	26281199.00	27567633.00	-0.04779	1804734	1804954	28085933	29372587
470	26281223.00	27594202.00	-0.04875	1824207	1824448	28105430	29418650
471	26068439.00	27370316.00	-0.04873	1782945	1782357	27851384	29152673
472	26277063.00	27606738.00	-0.04936	1848146	1849172	28125209	29455910
473	26059421.00	27355137.00	-0.04852	1870387	1872328	27929808	29227465
474	26156038.00	27368001.00	-0.04529	1851103	1852013	28007141	29220014
475	25437883.00	26518657.00	-0.04161	1807357	1808755	27245240	28327412
476	25848998.00	26856934.00	-0.03825	1753330	1755401	27602328	28612335
477	25250556.00	26082808.00	-0.03243	1828788	1829845	27079344	27912653
478	25400478.00	26115107.00	-0.02775	1912857	1915101	27313335	28030208
479	25178605.00	25781366.00	-0.02366	1806614	1808546	26985219	27589912
480	25563810.00	26038400.00	-0.01839	1865125	1866225	27428935	27904625
481	25030179.00	25365263.00	-0.01330	1718263	1719189	26748442	27084452
482	25144863.00	25375319.00	-0.00912	1800229	1799931	26945092	27175250
483	24828104.00	24958541.00	-0.00524	1746441	1749770	26574545	26708311
484	24949024.00	24990551.00	-0.00166	1789967	1790844	26738991	26781395
485	24906995.00	24875194.00	0.00128	1780074	1783169	26687069	26658363
486	24857136.00	24773353.00	0.00338	1775448	1778955	26632584	26552308
487	24684643.00	24574941.00	0.00445	1794949	1796083	26479592	26371024
488	24668593.00	24530357.00	0.00562	1817082	1815101	26485675	26345458
489	24262383.00	24118558.00	0.00595	1739348	1740163	26001731	25858721
490	23960331.00	23804360.00	0.00653	1706580	1708482	25666911	25512842
491	23642784.00	23511592.00	0.00556	1828672	1828859	25471456	25340451
492	23802654.00	23686176.00	0.00491	1702329	1703955	25504983	25390131
493	23798708.00	23713441.00	0.00359	1759894	1760322	25558602	25473763
494	24109369.00	24063033.00	0.00192	1728790	1731184	25838159	25794217
495	24086025.00	24094952.00	-0.00037	1879353	1880084	25965378	25975036
496	24433095.00	24479915.00	-0.00191	1783693	1785877	26216788	26265792
497	24189516.00	24279991.00	-0.00373	1925564	1925754	26115080	26205745
498	24163545.00	24325488.00	-0.00668	1757059	1757964	25920604	26083452
499	24052815.00	24309342.00	-0.01061	1753487	1752920	25806302	26062262
500	24113565.00	24455528.00	-0.01408	1848362	1850739	25961927	26306267
501	23852990.00	24277765.00	-0.01765	1778510	1777487	25631500	26055252
502	24253441.00	24777369.00	-0.02137	1801112	1802821	26054553	26580190
503	23925246.00	24532797.00	-0.02508	1658600	1658418	25583846	26191215
504	24079726.00	24795867.00	-0.02931	1761614	1762612	25841340	26558479
505	23803499.00	24638567.00	-0.03448	1800556	1799763	25604055	26438330
506	24159076.00	25126195.00	-0.03925	1716347	1717211	25875423	26843406
507	23842372.00	24908134.00	-0.04373	1652925	1653407	25495297	26561541
508	23774323.00	24947236.00	-0.04816	1876993	1877374	25651316	26824610
509	23824929.00	25125729.00	-0.05316	1863745	1864493	25688674	26990222
510	23934669.00	25343427.00	-0.05719	1780246	1783149	25714915	27126576
511	23867574.00	25399000.00	-0.06219	1889160	1890543	25756734	27289543
512	24067751.00	25744228.00	-0.06734	1788026	1788782	25855777	27533010
513	23759114.00	25535893.00	-0.07212	1683829	1687246	25442943	27223139
514	23825950.00	25692656.00	-0.07543	1920929	1922140	25746879	27614796
515	23683295.00	25646767.00	-0.07965	1693683	1694755	25376978	27341522
516	23814221.00	25884218.00	-0.08335	1705570	1707019	25519791	27591237
517	23838169.00	26003568.00	-0.08695	1543674	1544699	25381843	27548267
518	23955439.00	26215833.00	-0.09017	1788343	1790521	25743782	28006354
519	23605274.00	25882653.00	-0.09210	1665459	1666556	25270733	27549209
520	23963077.00	26323615.00	-0.09395	1881927	1883088	25845004	28206703
521	24051314.00	26471441.00	-0.09588	1665261	1666921	25716575	28138362
522	23782433.00	26208865.00	-0.09715	1772710	1774969	25555143	27983834
523	23636458.00	26064992.00	-0.09780	1659623	1661098	25296081	27726090
524	23356071.00	25721549.00	-0.09647	1799158	1800655	25155229	27522204
525	23372472.00	25746875.00	-0.09675	1663220	1664136	25035692	27411011
526	23855219.00	26284563.00	-0.09698	1800507	1801531	25655726	28086094
527	23966640.00	26392018.00	-0.09640	1664831	1665893	25631471	28057911
528	24254639.00	26681190.00	-0.09535	1763783	1765458	26018422	28446648
529	24108555.00	26490212.00	-0.09421	1710570	1710988	25819125	28201200
530	24236187.00	26583094.00	-0.09243	1683813	1684553	25920000	28267647
531	24092895.00	26379716.00	-0.09068	1680991	1682488	25773886	28062204
532	24317576.00	26623110.00	-0.09058	1752050	1753377	26069626	28376487
533	24256697.00	26518114.00	-0.08914	1665304	1666046	25922001	28184160
534	24329467.00	26584681.00	-0.08865	1849409	1850216	26178876	28434897
535	24372083.00	26625672.00	-0.08844	1582734	1583132	25954817	28208804
536	24363694.00	26603290.00	-0.08794	1799731	1800246	26163425	28403536
537	24095380.00	26295222.00	-0.08737	1668490	1671485	25763870	27966707
538	24263933.00	26478107.00	-0.08733	1697727	1697184	25961660	28175291
539	24102754.00	26308656.00	-0.08757	1655383	1656891	25758137	27965547
540	24389815.00	26635865.00	-0.08809	1794491	1794292	26184306	28430157
541	24285125.00	26522508.00	-0.08813	1557694	1558820	25842819	28081328
542	24532209.00	26833744.00	-0.08967	1764247	1764941	26296456	28598685
543	24174709.00	26438218.00	-0.08950	1551751	1552302	25726460	27990520
544	24120195.00	26404511.00	-0.09049	1825879	1825707	25946074	28230218
545	23890077.00	26222794.00	-0.09317	1600520	1602497	25490597	27825291
546	24194752.00	26604902.00	-0.09496	1715037	1714684	25909789	28319586
547	24590096.00	27051922.00	-0.09541	1681741	1682678	26271837	28734600
548	24209975.00	26624260.00	-0.09506	1702845	1704018	25912820	28328278
549	23781379.00	26242787.00	-0.09849	1480497	1480984	25261876	27723771
550	24506123.00	27082106.00	-0.09995	1763853	1767080	26269976	28849186
551	24525542.00	27099650.00	-0.09981	1614710	1615872	26140252	28715522
552	24625781.00	27227185.00	-0.10042	1730780	1730497	26356561	28957682
553	24600522.00	27211951.00	-0.10089	1651160	1651429	26251682	28863380
554	24649719.00	27277998.00	-0.10131	1731426	1733076	26381145	29011074
555	24682587.00	27319763.00	-0.10151	1612916	1614337	26295503	28934100
556	24916833.00	27551538.00	-0.10051	1682377	1684114	26599210	29235652
557	25034053.00	27654466.00	-0.09955	1676472	1677598	26710525	29332064
558	24819681.00	27398172.00	-0.09884	1761609	1764012	26581290	29162184
559	25049947.00	27616932.00	-0.09756	1529890	1530612	26579837	29147544
560	24835564.00	27342184.00	-0.09615	1710566	1711879	26546130	29054063
561	24916888.00	27405359.00	-0.09519	1649038	1649787	26565926	29055146
562	25015119.00	27469427.00	-0.09359	1645327	1646493	26660446	29115920
563	25093237.00	27495757.00	-0.09143	1718932	1720471	26812169	29216228
564	25350565.00	27738413.00	-0.09002	1675840	1677913	27026405	29416326
565	25211203.00	27522769.00	-0.08773	1609967	1610837	26821170	29133606
566	25266924.00	27546232.00	-0.08637	1771336	1773142	27038260	29319374
567	25145768.00	27381543.00	-0.08518	1593208	1594673	26738976	28976216
568	25272893.00	27465718.00	-0.08321	1708868	1708597	26981761	29174315
569	25202302.00	27345604.00	-0.08162	1606549	1607556	26808851	28953160
570	25063271.00	27121850.00	-0.07894	1739915	1739689	26803186	28861539
571	24774502.00	26788598.00	-0.07816	1558711	1561505	26333213	28350103
572	25104103.00	27121899.00	-0.07731	1619885	1620203	26723988	28742102
573	25524264.00	27537856.00	-0.07593	1694977	1695691	27219241	29233547
574	25537292.00	27526130.00	-0.07500	1749912	1750792	27287204	29276922
575	25246675.00	27178659.00	-0.07374	1712572	1713683	26959247	28892342
576	25235114.00	27138953.00	-0.07273	1818467	1819023	27053581	28957976
577	25401421.00	27299334.00	-0.07206	1584428	1586988	26985849	28886322
578	25577239.00	27455561.00	-0.07087	1864849	1866551	27442088	29322112
579	25413834.00	27239133.00	-0.06936	1666688	1669177	27080522	28908310
580	25458439.00	27251041.00	-0.06804	1785884	1786514	27244323	29037555
581	25438933.00	27179282.00	-0.06617	1619837	1621314	27058770	28800596
582	25429356.00	27154020.00	-0.06562	1644914	1646590	27074270	28800610
583	25443323.00	27166817.00	-0.06554	1612891	1613344	27056214	28780161
584	25313114.00	26971238.00	-0.06345	1712777	1714439	27025891	28685677
585	25276054.00	26911095.00	-0.06268	1548692	1549870	26824746	28460965
586	25591905.00	27237256.00	-0.06231	1703614	1704813	27295519	28942069
587	25451630.00	27038134.00	-0.06047	1674141	1675073	27125771	28713207
588	25268341.00	26820182.00	-0.05960	1800687	1802854	27069028	28623036
589	25421156.00	26953160.00	-0.05852	1679445	1681000	27100601	28634160
590	25277150.00	26787075.00	-0.05802	1666966	1669278	26944116	28456353
591	25357828.00	26845167.00	-0.05700	1686812	1686674	27044640	28531841
592	25174085.00	26605836.00	-0.05532	1769377	1771689	26943462	28377525
593	25140621.00	26565089.00	-0.05511	1718921	1718940	26859542	28284029
594	25188345.00	26588158.00	-0.05408	1668933	1669883	26857278	28258041
595	25218102.00	26625907.00	-0.05432	1576509	1578549	26794611	28204456
596	25292033.00	26684552.00	-0.05360	1699405	1700562	26991438	28385114
597	25121817.00	26482968.00	-0.05277	1691775	1691688	26813592	28174656
598	25136355.00	26536556.00	-0.05421	1675201	1675784	26811556	28212340
599	25258948.00	26678237.00	-0.05467	1620294	1621680	26879242	28299917
600	25297395.00	26723790.00	-0.05485	1786687	1787633	27084082	28511423
601	25086890.00	26519045.00	-0.05552	1637104	1639193	26723994	28158238
602	25306702.00	26805706.00	-0.05755	1658162	1658325	26964864	28464031
603	25253683.00	26778135.00	-0.05861	1607575	1610179	26861258	28388314
604	25232254.00	26830564.00	-0.06142	1728040	1728108	26960294	28558672
605	25157472.00	26768398.00	-0.06207	1806967	1808551	26964439	28576949
606	25251773.00	26915826.00	-0.06382	1751553	1752332	27003326	28668158
607	25406711.00	27138947.00	-0.06596	1650629	1651384	27057340	28790331
608	25423485.00	27229417.00	-0.06862	1796200	1797353	27219685	29026770
609	25284605.00	27149392.00	-0.07116	1698212	1701002	26982817	28850394
610	25314832.00	27221969.00	-0.07263	1712378	1711895	27027210	28933864
611	25028559.00	26959272.00	-0.07431	1652017	1654644	26680576	28613916
612	24584764.00	26540443.00	-0.07654	1798272	1799079	26383036	28339522
613	24500830.00	26552501.00	-0.08042	1569842	1571943	26070672	28124444
614	25426756.00	27628587.00	-0.08305	1796325	1799648	27223081	29428235
615	25640177.00	27902868.00	-0.08457	1680503	1682102	27320680	29584970
616	25708727.00	28043047.00	-0.08691	1752628	1752194	27461355	29795241
617	25644054.00	28044795.00	-0.08949	1708061	1709728	27352115	29754523
618	25615197.00	28073686.00	-0.09165	1792467	1794322	27407664	29868008
619	24880688.00	27306346.00	-0.09303	1856129	1857481	26736817	29163827
620	23779735.00	26146882.00	-0.09490	1688239	1689335	25467974	27836217
621	25091432.00	27665884.00	-0.09767	1713542	1714497	26804974	29380381
622	25528729.00	28202896.00	-0.09962	1876901	1878110	27405630	30081006
623	25935082.00	28717011.00	-0.10189	1785025	1786674	27720107	30503685
624	25900408.00	28723566.00	-0.10346	1745205	1747337	27645613	30470903
625	25712843.00	28537541.00	-0.10423	1612862	1613304	27325705	30150845
626	25734281.00	28582760.00	-0.10498	1693757	1694479	27428038	30277239
627	25775874.00	28671380.00	-0.10646	1623307	1623685	27399181	30295065
628	25657911.00	28586291.00	-0.10808	1674477	1675968	27332388	30262259
629	25414218.00	28321339.00	-0.10831	1659381	1660251	27073599	29981590
630	25488569.00	28414781.00	-0.10868	1629242	1630300	27117811	30045081
631	25522539.00	28482889.00	-0.10974	1637695	1637810	27160234	30120699
632	25485089.00	28460034.00	-0.11041	1671432	1671602	27156521	30131636
633	25668326.00	28672250.00	-0.11067	1710063	1711460	27378389	30383710
634	25778494.00	28801118.00	-0.11087	1837361	1838949	27615855	30640067
635	25738290.00	28790887.00	-0.11208	1664042	1665878	27402332	30456765
636	25733900.00	28803095.00	-0.11267	1693503	1694239	27427403	30497334
637	25626956.00	28701879.00	-0.11332	1688131	1690397	27315087	30392276
638	25503053.00	28579886.00	-0.11391	1803288	1805308	27306341	30385194
639	25675264.00	28818064.00	-0.11547	1807898	1809795	27483162	30627859
640	25580515.00	28771358.00	-0.11755	1864134	1865110	27444649	30636468
641	25637177.00	28865375.00	-0.11860	1655448	1657469	27292625	30522844
642	25615131.00	28872403.00	-0.11970	1941663	1943555	27556794	30815958
643	25561739.00	28832742.00	-0.12041	1755991	1756680	27317730	30589422
644	25634876.00	28953575.00	-0.12174	1740120	1742906	27374996	30696481
645	25548724.00	28886171.00	-0.12278	1649715	1650411	27198439	30536582
646	25743431.00	29157563.00	-0.12453	1858097	1860917	27601528	31018480
647	25703352.00	29142294.00	-0.12557	1641794	1643118	27345146	30785412
648	25533849.00	28989535.00	-0.12693	1853483	1855649	27387332	30845184
649	25284266.00	28760897.00	-0.12883	1679321	1680345	26963587	30441242
650	25404581.00	28930947.00	-0.12998	1838652	1841630	27243233	30772577
651	25266622.00	28799353.00	-0.13087	1585543	1587169	26852165	30386522
652	25516394.00	29118379.00	-0.13205	1892701	1894383	27409095	31012762
653	25439377.00	29065342.00	-0.13325	1562363	1563448	27001740	30628790
654	25500695.00	29171224.00	-0.13448	1970555	1971750	27471250	31142974
655	25347463.00	29013520.00	-0.13508	1737967	1739092	27085430	30752612
656	25468011.00	29156571.00	-0.13526	1672046	1673809	27140057	30830380
657	25276903.00	28955555.00	-0.13587	1614131	1614824	26891034	30570379
658	25167478.00	28826634.00	-0.13575	1855238	1856247	27022716	30682881
659	24936426.00	28570297.00	-0.13604	1620109	1620529	26556535	30190826
660	25186279.00	28873574.00	-0.13663	1847098	1846467	27033377	30720041
661	24977391.00	28630992.00	-0.13652	1658946	1660676	26636337	30291668
662	24810993.00	28418675.00	-0.13576	1952593	1952487	26763586	30371162
663	24739587.00	28308928.00	-0.13477	1765770	1766935	26505357	30075863
664	24853268.00	28420822.00	-0.13413	1757820	1757386	26611088	30178208
665	24704917.00	28255565.00	-0.13429	1658160	1660803	26363077	29916368
666	24718713.00	28241739.00	-0.13324	1932431	1932334	26651144	30174073
667	24656130.00	28158655.00	-0.13283	1641089	1642427	26297219	29801082
668	24682992.00	28166967.00	-0.13204	1896761	1896679	26579753	30063646
669	24459180.00	27901017.00	-0.13166	1718704	1719599	26177884	29620616
670	24536054.00	27994232.00	-0.13185	1721361	1722579	26257415	29716811
671	24341342.00	27759345.00	-0.13140	1632748	1633085	25974090	29392430
672	24254143.00	27640283.00	-0.13069	1909535	1910976	26163678	29551259
673	24328656.00	27721296.00	-0.13055	1610767	1611128	25939423	29332424
674	24131096.00	27455656.00	-0.12907	1846369	1846990	25977465	29302646
675	23943602.00	27263068.00	-0.12983	1699512	1700903	25643114	28963971
676	23963049.00	27272486.00	-0.12937	1967608	1968817	25930657	29241303
677	23921523.00	27197319.00	-0.12834	1600993	1601815	25522516	28799134
678	23933394.00	27195092.00	-0.12776	1921219	1924408	25854613	29119500
679	23789941.00	27021597.00	-0.12737	1620632	1621844	25410573	28643441
680	23954538.00	27229513.00	-0.12814	2006223	2007827	25960761	29237340
681	23842968.00	27106776.00	-0.12829	1623978	1624907	25466946	28731683
682	23345662.00	26488765.00	-0.12631	1798620	1800743	25144282	28289508
683	23231153.00	26376613.00	-0.12698	1757207	1758767	24988360	28135380
684	23455931.00	26628734.00	-0.12687	1800883	1803801	25256814	28432535
685	23442548.00	26631831.00	-0.12755	1709259	1710494	25151807	28342325
686	23632978.00	26831378.00	-0.12693	1776764	1779304	25409742	28610682
687	22798973.00	25853563.00	-0.12573	1708682	1709644	24507655	27563207
688	22728981.00	25814342.00	-0.12729	1793035	1794648	24522016	27608990
689	23113571.00	26251298.00	-0.12730	1714974	1716391	24828545	27967689
690	22855441.00	25936950.00	-0.12648	1820268	1820730	24675709	27757680
691	22700300.00	25758151.00	-0.12637	1678023	1679326	24378323	27437477
692	22690571.00	25741830.00	-0.12617	1806577	1808050	24497148	27549880
693	22515948.00	25529886.00	-0.12563	1709991	1710066	24225939	27239952
694	22586382.00	25594236.00	-0.12502	1915943	1917412	24502325	27511648
695	22441287.00	25426135.00	-0.12488	1561474	1561605	24002761	26987740
696	22268569.00	25205850.00	-0.12390	1913024	1913049	24181593	27118899
697	22230083.00	25166909.00	-0.12408	1652580	1653324	23882663	26820233
698	22236278.00	25173356.00	-0.12406	1779542	1779795	24015820	26953151
699	21999697.00	24898943.00	-0.12380	1591704	1593266	23591401	26492209
700	22024028.00	24925986.00	-0.12378	1859350	1858916	23883378	26784902
701	21899446.00	24784249.00	-0.12375	1743744	1744931	23643190	26529180
702	21786375.00	24665979.00	-0.12414	1933677	1933709	23720052	26599688
703	21843382.00	24726268.00	-0.12397	1816024	1818172	23659406	26544440
704	21683995.00	24534405.00	-0.12350	1851847	1853073	23535842	26387478
705	21518079.00	24366388.00	-0.12431	1711059	1712509	23229138	26078897
706	21635297.00	24496283.00	-0.12420	1827352	1827449	23462649	26323732
707	21490700.00	24353048.00	-0.12504	1738757	1740718	23229457	26093766
708	21550123.00	24426518.00	-0.12529	1725389	1725455	23275512	26151973
709	21404546.00	24259321.00	-0.12520	1761282	1763070	23165828	26022391
710	21482238.00	24354173.00	-0.12548	1533336	1534181	23015574	25888354
711	21332279.00	24184296.00	-0.12548	1856929	1857697	23189208	26041993
712	21408960.00	24284666.00	-0.12604	1609475	1611071	23018435	25895737
713	21352313.00	24226496.00	-0.12629	1870165	1872147	23222478	26098643
714	21186979.00	24047215.00	-0.12663	1659477	1661649	22846456	25708864
715	21151807.00	23998294.00	-0.12626	1769368	1771132	22921175	25769426
716	19672313.00	22279190.00	-0.12444	1681632	1683997	21353945	23963187
717	19343358.00	21959151.00	-0.12683	1735739	1736728	21079097	23695879
718	20078730.00	22817235.00	-0.12786	1663091	1664867	21741821	24482102
719	20682653.00	23488379.00	-0.12721	1633725	1634472	22316378	25122851
720	20711639.00	23502457.00	-0.12641	1642991	1643578	22354630	25146035
721	20645765.00	23434665.00	-0.12671	1872703	1873107	22518468	25307772
722	20534469.00	23304753.00	-0.12655	1629248	1630508	22163717	24935261
723	20475884.00	23238211.00	-0.12655	1801341	1802617	22277225	25040828
724	20387770.00	23146291.00	-0.12690	1733412	1733681	22121182	24879972
725	20116035.00	22836516.00	-0.12684	1737630	1738402	21853665	24574918
726	20068466.00	22773370.00	-0.12644	1680938	1681229	21749404	24454599
727	19957300.00	22664454.00	-0.12720	1825962	1825662	21783262	24490116
728	20075793.00	22818279.00	-0.12805	1711339	1711467	21787132	24529746
729	19799743.00	22520408.00	-0.12875	1843295	1845752	21643038	24366160
730	19628277.00	22344895.00	-0.12963	1784019	1784599	21412296	24129494
731	19760996.00	22519166.00	-0.13066	1894390	1895131	21655386	24414297
732	19517889.00	22262977.00	-0.13159	1699648	1700170	21217537	23963147
733	19526843.00	22293951.00	-0.13253	1782776	1784157	21309619	24078108
734	19532286.00	22338837.00	-0.13426	1687127	1688235	21219413	24027072
735	19602641.00	22436902.00	-0.13504	1840028	1840779	21442669	24277681
736	19477605.00	22321231.00	-0.13627	1740669	1741339	21218274	24062570
737	19078890.00	21858283.00	-0.13600	1759261	1761265	20838151	23619548
738	18172695.00	20808536.00	-0.13544	1635471	1634893	19808166	22443429
739	18136958.00	20831239.00	-0.13850	1730293	1731377	19867251	22562616
740	18676717.00	21455192.00	-0.13869	1663530	1665236	20340247	23120428
741	18737309.00	21540210.00	-0.13940	1871432	1872891	20608741	23413101
742	18867906.00	21725661.00	-0.14103	1721390	1723515	20589296	23449176
743	18795597.00	21641335.00	-0.14098	1876657	1878315	20672254	23519650
744	18659727.00	21496299.00	-0.14151	1692063	1691626	20351790	23187925
745	18422805.00	21224321.00	-0.14156	1756339	1757319	20179144	22981640
746	18404340.00	21214808.00	-0.14211	1656816	1658664	20061156	22873472
747	18393850.00	21209870.00	-0.14245	1771716	1773227	20165566	22983097
748	18292756.00	21097931.00	-0.14267	1688312	1690048	19981068	22787979
749	18200325.00	21003190.00	-0.14323	1844901	1846087	20045226	22849277
750	18068729.00	20858926.00	-0.14360	1728608	1729253	19797337	22588179
751	17912797.00	20682956.00	-0.14379	1834904	1834936	19747701	22517892
752	17889719.00	20665006.00	-0.14422	1747809	1747874	19637528	22412880
753	17754704.00	20506600.00	-0.14410	1735438	1735488	19490142	22242088
754	17779278.00	20550278.00	-0.14484	1732278	1732373	19511556	22282651
755	17599872.00	20343194.00	-0.14485	1821182	1821367	19421054	22164561
756	17479237.00	20234769.00	-0.14639	1522966	1524331	19002203	21759100
757	17346799.00	20099969.00	-0.14731	1823243	1822938	19170042	21922907
758	17264533.00	19993290.00	-0.14674	1588924	1588562	18853457	21581852
759	17174997.00	19910364.00	-0.14779	1822833	1822856	18997830	21733220
760	17090881.00	19818565.00	-0.14807	1607042	1607150	18697923	21425715
761	16937710.00	19630590.00	-0.14755	1635221	1634761	18572931	21265351
762	16851904.00	19540043.00	-0.14800	1660537	1660479	18512441	21200522
763	16807681.00	19509911.00	-0.14909	1803093	1803196	18610774	21313107
764	16631383.00	19315461.00	-0.14961	1654064	1653653	18285447	20969114
765	16602466.00	19287329.00	-0.14990	1865494	1865911	18467960	21153240
766	16513805.00	19180252.00	-0.14968	1476935	1476982	17990740	20657234
767	16411643.00	19065564.00	-0.14989	1986462	1987859	18398105	21053423
768	16232707.00	18864352.00	-0.15025	1872834	1873573	18105541	20737925
769	16142764.00	18764655.00	-0.15050	1466359	1468894	17609123	20233549
770	16052490.00	18657232.00	-0.15037	1730479	1731416	17782969	20388648
771	15924947.00	18514609.00	-0.15067	1556886	1557983	17481833	20072592
772	15876544.00	18456595.00	-0.15058	1496195	1497625	17372739	19954220
773	15684271.00	18257945.00	-0.15194	1610031	1611259	17294302	19869204
774	15807614.00	18391717.00	-0.15141	1720890	1722327	17528504	20114044
775	15503612.00	18026868.00	-0.15079	1601053	1601723	17104665	19628591
776	15481156.00	18008786.00	-0.15124	1577278	1578857	17058434	19587643
777	15299761.00	17817352.00	-0.15234	1562134	1563306	16861895	19380658
778	15142770.00	17638018.00	-0.15253	1646206	1648101	16788976	19286119
779	15091691.00	17588674.00	-0.15311	1614202	1615176	16705893	19203850
780	15076477.00	17563149.00	-0.15267	1611648	1613280	16688125	19176429
781	14791682.00	17229777.00	-0.15257	1614987	1615005	16406669	18844782
782	14855833.00	17314696.00	-0.15316	1775525	1775799	16631358	19090495
783	14682533.00	17120771.00	-0.15363	1672042	1672813	16354575	18793584
784	14588638.00	17017627.00	-0.15401	1688222	1689531	16276860	18707158
785	14587669.00	17012541.00	-0.15377	1603516	1603350	16191185	18615891
786	14554858.00	16984659.00	-0.15439	1714506	1713860	16269364	18698519
787	14348456.00	16748411.00	-0.15466	1663817	1663999	16012273	18412410
788	14216813.00	16602324.00	-0.15512	1546303	1546387	15763116	18148711
789	14180612.00	16566423.00	-0.15550	1673420	1673507	15854032	18239930
790	14157923.00	16547087.00	-0.15594	1671785	1670092	15829708	18217179
791	14050131.00	16424874.00	-0.15617	1616714	1616553	15666845	18041427
792	13893244.00	16262280.00	-0.15745	1659149	1657716	15552393	17919996
793	13801784.00	16164551.00	-0.15802	1556449	1557768	15358233	17722319
794	13675951.00	16025676.00	-0.15855	1683238	1682577	15359189	17708253
795	13391586.00	15708398.00	-0.15957	1526051	1526141	14917637	17234539
796	12994125.00	15255227.00	-0.16042	1721469	1720032	14715594	16975259
797	12931130.00	15185138.00	-0.16068	1733290	1732743	14664420	16917881
798	12936286.00	15199944.00	-0.16126	1725809	1725589	14662095	16925533
799	12958926.00	15252204.00	-0.16294	1599336	1599522	14558262	16851726
800	13141128.00	15466611.00	-0.16294	1668748	1669099	14809876	17135710
801	13281746.00	15651737.00	-0.16419	1717149	1720089	14998895	17371826
802	13221366.00	15585174.00	-0.16449	1554038	1553973	14775404	17139147
803	13013188.00	15359024.00	-0.16574	1623059	1624005	14636247	16983029
804	13069297.00	15425835.00	-0.16578	1560973	1562033	14630270	16987868
805	12913450.00	15240020.00	-0.16566	1689619	1690314	14603069	16930334
806	12894321.00	15249052.00	-0.16773	1635738	1639374	14530059	16888426
807	12781230.00	15109112.00	-0.16732	1649774	1650303	14431004	16759415
808	12750692.00	15069512.00	-0.16709	1607549	1607171	14358241	16676683
809	12678212.00	14992067.00	-0.16764	1725361	1726612	14403573	16718679
810	12484742.00	14777321.00	-0.16859	1679101	1680905	14163843	16458226
811	12355122.00	14617583.00	-0.16815	1623083	1624245	13978205	16241828
812	12406984.00	14668492.00	-0.16744	1710301	1713667	14117285	16382159
813	12241165.00	14480237.00	-0.16798	1652116	1652449	13893281	16132686
814	12295822.00	14540599.00	-0.16769	1733075	1734849	14028897	16275448
815	12113189.00	14304513.00	-0.16628	1658569	1657909	13771758	15962422
816	12069780.00	14247548.00	-0.16588	1622302	1622904	13692082	15870452
817	11887739.00	14046849.00	-0.16689	1586246	1585306	13473985	15632155
818	11839552.00	13968417.00	-0.16535	1726118	1725839	13565670	15694256
819	11759869.00	13863630.00	-0.16458	1578980	1579539	13338849	15443169
820	11795655.00	13906824.00	-0.16465	1669938	1670987	13465593	15577811
821	11680481.00	13763254.00	-0.16408	1514550	1514220	13195031	15277474
822	11613448.00	13677343.00	-0.16358	1641360	1640341	13254808	15317684
823	11474453.00	13517477.00	-0.16386	1620670	1621323	13095123	15138800
824	11416445.00	13456163.00	-0.16438	1657417	1657139	13073862	15113302
825	11256881.00	13268659.00	-0.16443	1624743	1624670	12881624	14893329
826	11319256.00	13346358.00	-0.16474	1557057	1555927	12876313	14902285
827	11030323.00	12997397.00	-0.16410	1582013	1581619	12612336	14579016
828	10966400.00	12939183.00	-0.16542	1643237	1642099	12609637	14581282
829	11015190.00	12991186.00	-0.16500	1676652	1676911	12691842	14668097
830	10924731.00	12898996.00	-0.16612	1658290	1658998	12583021	14557994
831	10880256.00	12852870.00	-0.16662	1797744	1798245	12678000	14651115
832	10731825.00	12682440.00	-0.16700	1862347	1861961	12594172	14544401
833	10711291.00	12662679.00	-0.16736	1626008	1627024	12337299	14289703
834	10677399.00	12622971.00	-0.16739	1750047	1750520	12427446	14373491
835	10598563.00	12556916.00	-0.16955	1566237	1566385	12164800	14123301
836	10449316.00	12377019.00	-0.16930	1684658	1684469	12133974	14061488
837	10400206.00	12334982.00	-0.17061	1562465	1562746	11962671	13897728
838	10294583.00	12213859.00	-0.17095	1806031	1806671	12100614	14020530
839	10250153.00	12169659.00	-0.17165	1631360	1631946	11881513	13801605
840	10100847.00	12007741.00	-0.17293	1683995	1684515	11784842	13692256
841	10068746.00	11975184.00	-0.17340	1657138	1657892	11725884	13633076
842	9954682.00	11832443.00	-0.17280	1696779	1697623	11651461	13530066
843	9897350.00	11778299.00	-0.17399	1673704	1673659	11571054	13451958
844	9787291.00	11656064.00	-0.17474	1651137	1650857	11438428	13306921
845	9716504.00	11574261.00	-0.17496	1590968	1591279	11307472	13165540
846	9719575.00	11575663.00	-0.17476	1645837	1647107	11365412	13222770
847	9535125.00	11364306.00	-0.17550	1608773	1608370	11143898	12972676
848	9451629.00	11259208.00	-0.17500	1590806	1591087	11042435	12850295
849	9413559.00	11218753.00	-0.17544	1655104	1654013	11068663	12872766
850	9364065.00	11151046.00	-0.17465	1714438	1715557	11078503	12866603
851	9335844.00	11111789.00	-0.17415	1448687	1448653	10784531	12560442
852	9221150.00	10974113.00	-0.17404	1747194	1746481	10968344	12720594
853	8959792.00	10648299.00	-0.17265	1616637	1615554	10576429	12263853
854	8632897.00	10266002.00	-0.17326	1735192	1734416	10368089	12000418
855	8663888.00	10299674.00	-0.17295	1697605	1697241	10361493	11996915
856	8497684.00	10091160.00	-0.17187	1602348	1601852	10100032	11693012
857	7979355.00	9462320.00	-0.17046	1756306	1756662	9735661	11218982
858	7197197.00	8517526.00	-0.16843	1716582	1715038	8913779	10232564
859	6202155.00	7333798.00	-0.16760	1745384	1745789	7947539	9079587
860	4963509.00	5864472.00	-0.16680	1729836	1728936	6693345	7593408
861	3740754.00	4402397.00	-0.16286	1608877	1608482	5349631	6010879
862	2633962.00	3089653.00	-0.15957	1661170	1660485	4295132	4750138
863	1711188.00	2009713.00	-0.16080	1587276	1588309	3298464	3598022
864	1038831.00	1221077.00	-0.16164	1745836	1744873	2784667	2965950
865	602413.00	708233.00	-0.16183	1540461	1540971	2142874	2249204
866	339030.00	395873.00	-0.15500	1721395	1720963	2060425	2116836
867	195371.00	231813.00	-0.17103	1569501	1569752	1764872	1801565
868	121672.00	142387.00	-0.15722	1762785	1762780	1884457	1905167
869	85132.00	105088.00	-0.21060	1684253	1684774	1769385	1789862
870	63688.00	77167.00	-0.19198	1626662	1628347	1690350	1705514
871	57542.00	65495.00	-0.12946	1704234	1704554	1761776	1770049
872	50891.00	53633.00	-0.05248	1707013	1704546	1757904	1758179
873	37641.00	45910.00	-0.19859	1714949	1714046	1752590	1759956
874	27493.00	35552.00	-0.25706	1672263	1673283	1699756	1708835
875	25164.00	32190.00	-0.24624	1693738	1694468	1718902	1726658
876	21446.00	20271.00	0.05635	1689054	1690192	1710500	1710463
877	24228.00	26680.00	-0.09641	1615393	1614979	1639621	1641659
878	17605.00	20804.00	-0.16696	1617957	1618728	1635562	1639532
879	18700.00	20023.00	-0.06836	1553720	1554939	1572420	1574962
880	17205.00	22030.00	-0.24721	1672172	1672104	1689377	1694134
881	13498.00	17116.00	-0.23747	1554183	1553868	1567681	1570984
882	12602.00	12994.00	-0.03063	1773034	1772364	1785636	1785358
883	12966.00	15100.00	-0.15236	1533839	1533483	1546805	1548583
884	9773.00	15043.00	-0.43129	1610625	1611944	1620398	1626987
885	12247.00	15296.00	-0.22231	1747210	1746937	1759457	1762233
886	15547.00	10741.00	0.36980	1695103	1695673	1710650	1706414
887	11608.00	12952.00	-0.10956	1611093	1611282	1622701	1624234
888	10025.00	11083.00	-0.10033	1669921	1669936	1679946	1681019
889	7527.00	8776.00	-0.15352	1556776	1557088	1564303	1565864
890	10444.00	12332.00	-0.16617	1787395	1785852	1797839	1798184
891	9717.00	9319.00	0.04182	1691171	1691267	1700888	1700586
892	7606.00	6394.00	0.17358	1715748	1714943	1723354	1721337
893	9606.00	13140.00	-0.31327	1709927	1709771	1719533	1722911
894	4367.00	8222.00	-0.63274	1682682	1683129	1687049	1691351
895	6920.00	7146.00	-0.03214	1718673	1718576	1725593	1725722
896	7509.00	9733.00	-0.25942	1869896	1870124	1877405	1879857
897	3448.00	7377.00	-0.76057	1700051	1701452	1703499	1708829
898	5872.00	4691.00	0.22455	1863005	1864459	1868877	1869150
899	6214.00	7806.00	-0.22809	1788655	1787410	1794869	1795216
900	9626.00	6269.00	0.42885	1639503	1640857	1649129	1647126
901	3786.00	9180.00	-0.88572	1748644	1747975	1752430	1757155
902	-550.00	223.00	0.00000	1750112	1752023	1749562	1752246
903	5627.00	4189.00	0.29511	1616780	1615726	1622407	1619915
904	6352.00	5019.00	0.23554	1621753	1624258	1628105	1629277
905	4510.00	6012.00	-0.28746	1648291	1647615	1652801	1653627
906	3485.00	5368.00	-0.43199	1749197	1750679	1752682	1756047
907	-382.00	5019.00	0.00000	1694422	1693969	1694040	1698988
908	4570.00	5311.00	-0.15027	1632192	1632305	1636762	1637616
909	5206.00	4805.00	0.08015	1870127	1869999	1875333	1874804
910	-161.00	2258.00	0.00000	1652327	1652042	1652166	1654300
911	3393.00	10946.00	-1.17126	1722459	1721400	1725852	1732346
912	7448.00	10639.00	-0.35658	1659554	1658354	1667002	1668993
913	6208.00	4738.00	0.27022	1802669	1802334	1808877	1807072
914	5586.00	6878.00	-0.20806	1617548	1616250	1623134	1623128
915	2682.00	4622.00	-0.54426	1784892	1785563	1787574	1790185
916	716.00	6171.00	-2.15394	1781817	1779894	1782533	1786065
917	4016.00	4281.00	-0.06390	1756283	1756516	1760299	1760797
918	3508.00	4240.00	-0.18952	1671763	1669780	1675271	1674020
919	2868.00	3931.00	-0.31528	1597508	1596500	1600376	1600431
920	2573.00	4048.00	-0.45315	1587909	1584692	1590482	1588740
921	1281.00	8060.00	-1.83927	1725754	1727563	1727035	1735623
922	4995.00	2914.00	0.53891	1683295	1682242	1688290	1685156
923	3198.00	895.00	1.27346	1755727	1756084	1758925	1756979
924	1990.00	3585.00	-0.58862	1607216	1606667	1609206	1610252
925	2059.00	3385.00	-0.49713	1758511	1758094	1760570	1761479
926	4541.00	5151.00	-0.12604	1738996	1739442	1743537	1744593
927	3945.00	4690.00	-0.17298	1750650	1750444	1754595	1755134
928	1578.00	4672.00	-1.08543	1682075	1680675	1683653	1685347
929	4096.00	2683.00	0.42308	1793513	1794131	1797609	1796814
930	702.00	1345.00	-0.65022	1670736	1671496	1671438	1672841
931	-4934.00	4900.00	0.00000	1798041	1798492	1793107	1803392
932	2997.00	1843.00	0.48622	1664695	1666421	1667692	1668264
933	6296.00	3638.00	0.54848	1610865	1611729	1617161	1615367
934	3262.00	3174.00	0.02735	1684325	1687310	1687587	1690484
935	3369.00	5576.00	-0.50386	1666743	1666403	1670112	1671979
936	5245.00	4343.00	0.18871	1708302	1710219	1713547	1714562
937	4426.00	5316.00	-0.18322	1669785	1670477	1674211	1675793
938	1448.00	2662.00	-0.60889	1679709	1679570	1681157	1682232
939	-589.00	1744.00	0.00000	1779759	1780348	1779170	1782092
940	533.00	-28.00	0.00000	1773585	1775401	1774118	1775373
941	4172.00	5588.00	-0.29223	1765929	1765481	1770101	1771069
942	3045.00	5098.00	-0.51535	1733297	1733710	1736342	1738808
943	5825.00	4419.00	0.27625	1790867	1790686	1796692	1795105
944	1392.00	5013.00	-1.28129	1673194	1674340	1674586	1679353
945	-4318.00	-590.00	0.00000	1632654	1632184	1628336	1631594
946	1664.00	4471.00	-0.98839	1707087	1706518	1708751	1710989
947	3826.00	4072.00	-0.06231	1758081	1757766	1761907	1761838
948	1176.00	2658.00	-0.81546	1593944	1593665	1595120	1596323
949	3062.00	6385.00	-0.73488	1721408	1720569	1724470	1726954
950	4238.00	6444.00	-0.41906	1696209	1695433	1700447	1701877
951	7267.00	6599.00	0.09643	1724239	1724404	1731506	1731003
952	3379.00	2632.00	0.24984	1864273	1863244	1867652	1865876
953	-446.00	1684.00	0.00000	1569489	1568899	1569043	1570583
954	1760.00	7210.00	-1.41016	1669381	1667725	1671141	1674935
955	-1323.00	2233.00	0.00000	1853725	1854288	1852402	1856521
956	3776.00	5203.00	-0.32057	1648808	1647484	1652584	1652687
957	5664.00	7097.00	-0.22554	1868777	1869042	1874441	1876139
958	520.00	2447.00	-1.54879	1693379	1692205	1693899	1694652
959	3057.00	3393.00	-0.10428	1764831	1764822	1767888	1768215
960	973.00	1234.00	-0.23763	1813057	1813893	1814030	1815127
961	-1324.00	2162.00	0.00000	1443021	1444857	1441697	1447019
962	4408.00	3375.00	0.26703	1618853	1618925	1623261	1622300
963	1200.00	-779.00	0.00000	1489412	1489678	1490612	1488899
964	1668.00	201.00	2.11608	1606747	1607130	1608415	1607331
965	152.00	3801.00	-3.21914	1661496	1661388	1661648	1665189
966	379.00	-3998.00	0.00000	1628151	1629284	1628530	1625286
967	1866.00	-1106.00	0.00000	1651344	1651885	1653210	1650779
968	-265.00	-1119.00	0.00000	1605361	1606689	1605096	1605570
969	1928.00	6.00	5.77248	1677256	1676902	1679184	1676908
970	3514.00	2015.00	0.55614	1642520	1643976	1646034	1645991
971	-2210.00	-122.00	0.00000	1608818	1608963	1606608	1608841
972	369.00	-237.00	0.00000	1654735	1656227	1655104	1655990
973	2043.00	90.00	3.12236	1563173	1564025	1565216	1564115
974	-7686.00	-6675.00	0.00000	1696771	1697308	1689085	1690633
975	-75.00	2721.00	0.00000	1560565	1560450	1560490	1563171
976	6980.00	6840.00	0.02026	1653396	1654011	1660376	1660851
977	1271.00	1335.00	-0.04913	1549930	1548944	1551201	1550279
978	-2009.00	1025.00	0.00000	1666598	1666890	1664589	1667915
979	-1216.00	1735.00	0.00000	1543917	1543927	1542701	1545662
980	-3360.00	890.00	0.00000	1649992	1649305	1646632	1650195
981	877.00	16.00	4.00392	1463086	1463270	1463963	1463286
982	761.00	396.00	0.65322	1651250	1651256	1652011	1651652
983	942.00	414.00	0.82214	1557162	1556380	1558104	1556794
984	4180.00	1491.00	1.03086	1584022	1583426	1588202	1584917
985	-734.00	4487.00	0.00000	1591219	1593802	1590485	1598289
986	-1486.00	-658.00	0.00000	1609814	1609172	1608328	1608514
987	638.00	125.00	1.63002	1506498	1507320	1507136	1507445
988	-5297.00	1832.00	0.00000	1646546	1645423	1641249	1647255
989	-1003.00	-741.00	0.00000	1481627	1481236	1480624	1480495
990	6695.00	1649.00	1.40119	1671297	1672003	1677992	1673652
991	466.00	-689.00	0.00000	1549364	1549243	1549830	1548554
992	-1237.00	-245.00	0.00000	1655453	1655782	1654216	1655537
993	3008.00	3176.00	-0.05435	1582616	1583622	1585624	1586798
994	235.00	-2072.00	0.00000	1538938	1538477	1539173	1536405
995	-4928.00	552.00	0.00000	1604961	1606721	1600033	1607273
996	1132.00	774.00	0.38017	1632568	1632982	1633700	1633756
997	81.00	-530.00	0.00000	1575940	1576524	1576021	1575994
998	-2277.00	969.00	0.00000	1654241	1655628	1651964	1656597
999	1759.00	-115.00	0.00000	1636644	1638181	1638403	1638066
1000	2422.00	-71.00	0.00000	1522119	1520514	1524541	1520443
1001	80.00	709.00	-2.18183	1701186	1701399	1701266	1702108
1002	-1873.00	1689.00	0.00000	1620035	1620800	1618162	1622489
1003	-1149.00	1122.00	0.00000	1548373	1548482	1547224	1549604
1004	1390.00	-1811.00	0.00000	1679963	1681327	1681353	1679516
1005	1094.00	2786.00	-0.93477	1602729	1602831	1603823	1605617
1006	465.00	888.00	-0.64693	1646971	1647772	1647436	1648660
1007	3010.00	2061.00	0.37875	1691438	1690894	1694448	1692955
1008	2207.00	6086.00	-1.01436	1587904	1588685	1590111	1594771
1009	-4928.00	-2311.00	0.00000	1582169	1582068	1577241	1579757
1010	350.00	-1353.00	0.00000	1588756	1587870	1589106	1586517
1011	783.00	1488.00	-0.64206	1683229	1682919	1684012	1684407
1012	-2757.00	2671.00	0.00000	1620374	1621582	1617617	1624253
1013	1599.00	4172.00	-0.95902	1536230	1535683	1537829	1539855
1014	4824.00	1597.00	1.10548	1567392	1567005	1572216	1568602
1015	3992.00	3125.00	0.24486	1582788	1583202	1586780	1586327
1016	1446.00	2457.00	-0.53014	1670771	1671640	1672217	1674097
1017	-2090.00	-1133.00	0.00000	1573767	1573355	1571677	1572222
1018	2388.00	5233.00	-0.78453	1673004	1672297	1675392	1677530
1019	-772.00	1987.00	0.00000	1641018	1641436	1640246	1643423
1020	82.00	-3482.00	0.00000	1723253	1723518	1723335	1720036
1021	2694.00	94.00	3.35549	1781026	1782873	1783720	1782967
1022	-4786.00	655.00	0.00000	1609996	1610057	1605210	1610712
1023	-4573.00	-3975.00	0.00000	1798525	1799112	1793952	1795137
