#1st harmonic bragg gap dummypitch dummyroll
Units mDeg mm mm mm
72000.00 12.33060
71919.00 12.33530
71839.00 12.34000
71758.00 12.34470
71678.00 12.34950
71598.00 12.35430
71517.60 12.35920
71120.00 12.36377
71110.00 12.36447
71100.00 12.36516
71090.00 12.36586
71080.00 12.36656
71070.00 12.36727
71060.00 12.36797
71050.00 12.36867
71040.00 12.36937
71030.00 12.37007
71020.00 12.37078
71010.00 12.37148
71000.00 12.37219
70990.00 12.37290
70980.00 12.37360
70970.00 12.37431
70960.00 12.37502
70950.00 12.37572
70940.00 12.37643
70930.00 12.37715
70920.00 12.37786
70910.00 12.37857
70900.00 12.37928
70890.00 12.37999
70880.00 12.38070
70870.00 12.38142
70860.00 12.38213
70850.00 12.38285
70840.00 12.38356
70830.00 12.38428
70820.00 12.38500
70810.00 12.38572
70800.00 12.38644
70790.00 12.38716
70780.00 12.38787
70770.00 12.38860
70760.00 12.38932
70750.00 12.39004
70740.00 12.39076
70730.00 12.39149
70720.00 12.39221
70710.00 12.39293
70700.00 12.39366
70690.00 12.39438
70680.00 12.39511
70670.00 12.39584
70660.00 12.39657
70650.00 12.39729
70640.00 12.39802
70630.00 12.39875
70620.00 12.39948
70610.00 12.40021
70600.00 12.40095
70590.00 12.40168
70580.00 12.40241
70570.00 12.40315
70560.00 12.40388
70550.00 12.40462
70540.00 12.40535
70530.00 12.40609
70520.00 12.40683
70510.00 12.40756
70500.00 12.43753
70490.00 12.43822
70480.00 12.43892
70470.00 12.43963
70460.00 12.44033
70450.00 12.44102
70440.00 12.44173
70430.00 12.44243
70420.00 12.44314
70410.00 12.44384
70400.00 12.44455
70390.00 12.44526
70380.00 12.44596
70370.00 12.44667
70360.00 12.44738
70350.00 12.44809
70340.00 12.44880
70330.00 12.44951
70320.00 12.45022
70310.00 12.45093
70300.00 12.45164
70290.00 12.45236
70280.00 12.45307
70270.00 12.45379
70260.00 12.45451
70250.00 12.45522
70240.00 12.45594
70230.00 12.45666
70220.00 12.45738
70210.00 12.45810
70200.00 12.45882
70190.00 12.45954
70180.00 12.46027
70170.00 12.46099
70160.00 12.46171
70150.00 12.46243
70140.00 12.46316
70130.00 12.46389
70120.00 12.46461
70110.00 12.46534
70100.00 12.46607
70090.00 12.46680
70080.00 12.46753
70070.00 12.46826
70060.00 12.46900
70050.00 12.46973
70040.00 12.47046
70030.00 12.47120
70020.00 12.47193
70010.00 12.47266
70000.00 12.47340
69990.00 12.47414
69980.00 12.47488
69970.00 12.47562
69960.00 12.47636
69950.00 12.47709
69940.00 12.47783
69930.00 12.47858
69920.00 12.47932
69910.00 12.48006
69900.00 12.48081
69890.00 12.48156
69880.00 12.48230
69870.00 12.48305
69860.00 12.48379
69850.00 12.48454
69840.00 12.48529
69830.00 12.48604
69820.00 12.48679
69810.00 12.48754
69800.00 12.48829
69790.00 12.48905
69780.00 12.48980
69770.00 12.49055
69760.00 12.49131
69750.00 12.49207
69740.00 12.49282
69730.00 12.49358
69720.00 12.49434
69710.00 12.49510
69700.00 12.49586
69690.00 12.49662
69680.00 12.49738
69670.00 12.49814
69660.00 12.49890
69650.00 12.49966
69640.00 12.50043
69630.00 12.50119
69620.00 12.50196
69610.00 12.50273
69600.00 12.50350
69590.00 12.50426
69580.00 12.50503
69570.00 12.50580
69560.00 12.50657
69550.00 12.50734
69540.00 12.50812
69530.00 12.50889
69520.00 12.50966
69510.00 12.51044
69500.00 12.51121
69490.00 12.51199
69480.00 12.51276
69470.00 12.51354
69460.00 12.51432
69450.00 12.51510
69440.00 12.51588
69430.00 12.51666
69420.00 12.51744
69410.00 12.51822
69400.00 12.51900
69390.00 12.51979
69380.00 12.52057
69370.00 12.52136
69360.00 12.52214
69350.00 12.52293
69340.00 12.52372
69330.00 12.52451
69320.00 12.52530
69310.00 12.52609
69300.00 12.52687
69290.00 12.52767
69280.00 12.52846
69270.00 12.52925
69260.00 12.53005
69250.00 12.53084
69240.00 12.53164
69230.00 12.53243
69220.00 12.53323
69210.00 12.53403
69200.00 12.53482
69190.00 12.53563
69180.00 12.53642
69170.00 12.53723
69160.00 12.53802
69150.00 12.53883
69140.00 12.53963
69130.00 12.54044
69120.00 12.54124
69110.00 12.54205
69100.00 12.54285
69090.00 12.54366
69080.00 12.54446
69070.00 12.54527
69060.00 12.54608
69050.00 12.54689
69040.00 12.54770
69030.00 12.54852
69020.00 12.54933
69010.00 12.55014
69000.00 12.55095
68990.00 12.55177
68980.00 12.55258
68970.00 12.55340
68960.00 12.55422
68950.00 12.55504
68940.00 12.55585
68930.00 12.55667
68920.00 12.55749
68910.00 12.55831
68900.00 12.55914
68890.00 12.55996
68880.00 12.56078
68870.00 12.56160
68860.00 12.56243
68850.00 12.56325
68840.00 12.56408
68830.00 12.56491
68820.00 12.56574
68810.00 12.56657
68800.00 12.56739
68790.00 12.56822
68780.00 12.56905
68770.00 12.56989
68760.00 12.57072
68750.00 12.57155
68740.00 12.57239
68730.00 12.57322
68720.00 12.57405
68710.00 12.57489
68700.00 12.57573
68690.00 12.57657
68680.00 12.57741
68670.00 12.57825
68660.00 12.57908
68650.00 12.57992
68640.00 12.58077
68630.00 12.58161
68620.00 12.58245
68610.00 12.58330
68600.00 12.58414
68590.00 12.58499
68580.00 12.58583
68570.00 12.58668
68560.00 12.58753
68550.00 12.58838
68540.00 12.58923
68530.00 12.59008
68520.00 12.59093
68510.00 12.59178
68500.00 12.59263
68490.00 12.59348
68480.00 12.59434
68470.00 12.59520
68460.00 12.59605
68450.00 12.59691
68440.00 12.59776
68430.00 12.59862
68420.00 12.59948
68410.00 12.60034
68400.00 12.60120
68390.00 12.60206
68380.00 12.60293
68370.00 12.60378
68360.00 12.60465
68350.00 12.60551
68340.00 12.60638
68330.00 12.60724
68320.00 12.60811
68310.00 12.60898
68300.00 12.60984
68290.00 12.61071
68280.00 12.61158
68270.00 12.61245
68260.00 12.61333
68250.00 12.61420
68240.00 12.61507
68230.00 12.61594
68220.00 12.61682
68210.00 12.61769
68200.00 12.61857
68190.00 12.61944
68180.00 12.62032
68170.00 12.62120
68160.00 12.62208
68150.00 12.62296
68140.00 12.62384
68130.00 12.62472
68120.00 12.62560
68110.00 12.62648
68100.00 12.62737
68090.00 12.62825
68080.00 12.62913
68070.00 12.63002
68060.00 12.63091
68050.00 12.63180
68040.00 12.63268
68030.00 12.63358
68020.00 12.63446
68010.00 12.63535
68000.00 12.63624
67990.00 12.63714
67980.00 12.63803
67970.00 12.63892
67960.00 12.63982
67950.00 12.64071
67940.00 12.64161
67930.00 12.64250
67920.00 12.64340
67910.00 12.64430
67900.00 12.64520
67890.00 12.64610
67880.00 12.64700
67870.00 12.64790
67860.00 12.64880
67850.00 12.64970
67840.00 12.65061
67830.00 12.65151
67820.00 12.65242
67810.00 12.65333
67800.00 12.65423
67790.00 12.65514
67780.00 12.65605
67770.00 12.65696
67760.00 12.65786
67750.00 12.65878
67740.00 12.65969
67730.00 12.66060
67720.00 12.66151
67710.00 12.66242
67700.00 12.66334
67690.00 12.66426
67680.00 12.66517
67670.00 12.66609
67660.00 12.66700
67650.00 12.66792
67640.00 12.66884
67630.00 12.66976
67620.00 12.67068
67610.00 12.67160
67600.00 12.67253
67590.00 12.67345
67580.00 12.67437
67570.00 12.67530
67560.00 12.67622
67550.00 12.67715
67540.00 12.67808
67530.00 12.67900
67520.00 12.67993
67510.00 12.68086
67500.00 12.68179
67490.00 12.68272
67480.00 12.68365
67470.00 12.68458
67460.00 12.68552
67450.00 12.68645
67440.00 12.68738
67430.00 12.68832
67420.00 12.68926
67410.00 12.69019
67400.00 12.69113
67390.00 12.69207
67380.00 12.69301
67370.00 12.69395
67360.00 12.69489
67350.00 12.69583
67340.00 12.69677
67330.00 12.69772
67320.00 12.69866
67310.00 12.69961
67300.00 12.70055
67290.00 12.70150
67280.00 12.70244
67270.00 12.70339
67260.00 12.70434
67250.00 12.70529
67240.00 12.70624
67230.00 12.70719
67220.00 12.70814
67210.00 12.70909
67200.00 12.71005
67190.00 12.71100
67180.00 12.71196
67170.00 12.71291
67160.00 12.71387
67150.00 12.71482
67140.00 12.71578
67130.00 12.71674
67120.00 12.71770
67110.00 12.71866
67100.00 12.71962
67090.00 12.72058
67080.00 12.72154
67070.00 12.72251
67060.00 12.72347
67050.00 12.72444
67040.00 12.72540
67030.00 12.72637
67020.00 12.72733
67010.00 12.72830
67000.00 12.72927
66990.00 12.73024
66980.00 12.73121
66970.00 12.73218
66960.00 12.73315
66950.00 12.73413
66940.00 12.73510
66930.00 12.73607
66920.00 12.73705
66910.00 12.73802
66900.00 12.73900
66890.00 12.73998
66880.00 12.74096
66870.00 12.74193
66860.00 12.74291
66850.00 12.74389
66840.00 12.74487
66830.00 12.74585
66820.00 12.74684
66810.00 12.74782
66800.00 12.74880
66790.00 12.74979
66780.00 12.75077
66770.00 12.75176
66760.00 12.75275
66750.00 12.75374
66740.00 12.75473
66730.00 12.75571
66720.00 12.75670
66710.00 12.75769
66700.00 12.75869
66690.00 12.75968
66680.00 12.76067
66670.00 12.76167
66660.00 12.76266
66650.00 12.76366
66640.00 12.76465
66630.00 12.76565
66620.00 12.76665
66610.00 12.76765
66600.00 12.76865
66590.00 12.76965
66580.00 12.77065
66570.00 12.77165
66560.00 12.77265
66550.00 12.77366
66540.00 12.77466
66530.00 12.77567
66520.00 12.77667
66510.00 12.77768
66500.00 12.77868
66490.00 12.77969
66480.00 12.78070
66470.00 12.78171
66460.00 12.78272
66450.00 12.78374
66440.00 12.78474
66430.00 12.78576
66420.00 12.78677
66410.00 12.78778
66400.00 12.78880
66390.00 12.78982
66380.00 12.79083
66370.00 12.79185
66360.00 12.79287
66350.00 12.79389
66340.00 12.79491
66330.00 12.79593
66320.00 12.79695
66310.00 12.79797
66300.00 12.79899
66290.00 12.80001
66280.00 12.80104
66270.00 12.80206
66260.00 12.80309
66250.00 12.80412
66240.00 12.80515
66230.00 12.80617
66220.00 12.80720
66210.00 12.80823
66200.00 12.80926
66190.00 12.81029
66180.00 12.81133
66170.00 12.81236
66160.00 12.81339
66150.00 12.81442
66140.00 12.81546
66130.00 12.81650
66120.00 12.81753
66110.00 12.81857
66100.00 12.81961
66090.00 12.82065
66080.00 12.82169
66070.00 12.82273
66060.00 12.82377
66050.00 12.82481
66040.00 12.82586
66030.00 12.82690
66020.00 12.82795
66010.00 12.82899
66000.00 12.83003
65990.00 12.83108
65980.00 12.83213
65970.00 12.83318
65960.00 12.83423
65950.00 12.83528
65940.00 12.83632
65930.00 12.83738
65920.00 12.83843
65910.00 12.83948
65900.00 12.84054
65890.00 12.84159
65880.00 12.84265
65870.00 12.84370
65860.00 12.84476
65850.00 12.84582
65840.00 12.84687
65830.00 12.84793
65820.00 12.84900
65810.00 12.85006
65800.00 12.85111
65790.00 12.85217
65780.00 12.85324
65770.00 12.85430
65760.00 12.85537
65750.00 12.85643
65740.00 12.85750
65730.00 12.85857
65720.00 12.85963
65710.00 12.86070
65700.00 12.86177
65690.00 12.86284
65680.00 12.86391
65670.00 12.86498
65660.00 12.86606
65650.00 12.86713
65640.00 12.86820
65630.00 12.86928
65620.00 12.87035
65610.00 12.87143
65600.00 12.87251
65590.00 12.87358
65580.00 12.87466
65570.00 12.87574
65560.00 12.87682
65550.00 12.87790
65540.00 12.87898
65530.00 12.88007
65520.00 12.88115
65510.00 12.88223
65500.00 12.88332
65490.00 12.88440
65480.00 12.88549
65470.00 12.88658
65460.00 12.88766
65450.00 12.88875
65440.00 12.88984
65430.00 12.89093
65420.00 12.89202
65410.00 12.89311
65400.00 12.89421
65390.00 12.89530
65380.00 12.89639
65370.00 12.89749
65360.00 12.89858
65350.00 12.89968
65340.00 12.90078
65330.00 12.90187
65320.00 12.90297
65310.00 12.90407
65300.00 12.90517
65290.00 12.90627
65280.00 12.90737
65270.00 12.90848
65260.00 12.90958
65250.00 12.91068
65240.00 12.91179
65230.00 12.91290
65220.00 12.91400
65210.00 12.91511
65200.00 12.91621
65190.00 12.91732
65180.00 12.91843
65170.00 12.91954
65160.00 12.92065
65150.00 12.92176
65140.00 12.92288
65130.00 12.92399
65120.00 12.92510
65110.00 12.92622
65100.00 12.92734
65090.00 12.92845
65080.00 12.92957
65070.00 12.93069
65060.00 12.93180
65050.00 12.93292
65040.00 12.93405
65030.00 12.93517
65020.00 12.93629
65010.00 12.93741
65000.00 12.93853
64990.00 12.93966
64980.00 12.94078
64970.00 12.94191
64960.00 12.94304
64950.00 12.94416
64940.00 12.94529
64930.00 12.94642
64920.00 12.94755
64910.00 12.94868
64900.00 12.94981
64890.00 12.95094
64880.00 12.95207
64870.00 12.95321
64860.00 12.95434
64850.00 12.95547
64840.00 12.95661
64830.00 12.95775
64820.00 12.95889
64810.00 12.96002
64800.00 12.96116
64790.00 12.96230
64780.00 12.96344
64770.00 12.96458
64760.00 12.96572
64750.00 12.96687
64740.00 12.96801
64730.00 12.96916
64720.00 12.97030
64710.00 12.97145
64700.00 12.97259
64690.00 12.97374
64680.00 12.97489
64670.00 12.97604
64660.00 12.97719
64650.00 12.97833
64640.00 12.97949
64630.00 12.98064
64620.00 12.98179
64610.00 12.98295
64600.00 12.98410
64590.00 12.98526
64580.00 12.98641
64570.00 12.98757
64560.00 12.98872
64550.00 12.98988
64540.00 12.99104
64530.00 12.99220
64520.00 12.99336
64510.00 12.99452
64500.00 12.99568
64490.00 12.99685
64480.00 12.99801
64470.00 12.99918
64460.00 13.00034
64450.00 13.00151
64440.00 13.00267
64430.00 13.00384
64420.00 13.00501
64410.00 13.00618
64400.00 13.00735
64390.00 13.00852
64380.00 13.00969
64370.00 13.01086
64360.00 13.01203
64350.00 13.01321
64340.00 13.01438
64330.00 13.01556
64320.00 13.01673
64310.00 13.01791
64300.00 13.01909
64290.00 13.02026
64280.00 13.02144
64270.00 13.02262
64260.00 13.02380
64250.00 13.02499
64240.00 13.02617
64230.00 13.02735
64220.00 13.02853
64210.00 13.02972
64200.00 13.03090
64190.00 13.03209
64180.00 13.03328
64170.00 13.03447
64160.00 13.03565
64150.00 13.03684
64140.00 13.03803
64130.00 13.03922
64120.00 13.04041
64110.00 13.04161
64100.00 13.04280
64090.00 13.04399
64080.00 13.04519
64070.00 13.04638
64060.00 13.04758
64050.00 13.04877
64040.00 13.04997
64030.00 13.05117
64020.00 13.05237
64010.00 13.05357
64000.00 13.05477
63990.00 13.05597
63980.00 13.05717
63970.00 13.05838
63960.00 13.05958
63950.00 13.06079
63940.00 13.06199
63930.00 13.06319
63920.00 13.06440
63910.00 13.06561
63900.00 13.06682
63890.00 13.06803
63880.00 13.06924
63870.00 13.07045
63860.00 13.07166
63850.00 13.07287
63840.00 13.07409
63830.00 13.07530
63820.00 13.07652
63810.00 13.07773
63800.00 13.07895
63790.00 13.08016
63780.00 13.08138
63770.00 13.08260
63760.00 13.08382
63750.00 13.08504
63740.00 13.08626
63730.00 13.08748
63720.00 13.08870
63710.00 13.08992
63700.00 13.09115
63690.00 13.09237
63680.00 13.09360
63670.00 13.09483
63660.00 13.09605
63650.00 13.09728
63640.00 13.09851
63630.00 13.09974
63620.00 13.10097
63610.00 13.10220
63600.00 13.10343
63590.00 13.10466
63580.00 13.10590
63570.00 13.10713
63560.00 13.10836
63550.00 13.10960
63540.00 13.11084
63530.00 13.11208
63520.00 13.11331
63510.00 13.11455
63500.00 13.11579
63490.00 13.11703
63480.00 13.11827
63470.00 13.11951
63460.00 13.12075
63450.00 13.12200
63440.00 13.12325
63430.00 13.12449
63420.00 13.12573
63410.00 13.12698
63400.00 13.12823
63390.00 13.12947
63380.00 13.13072
63370.00 13.13197
63360.00 13.13322
63350.00 13.13447
63340.00 13.13572
63330.00 13.13698
63320.00 13.13823
63310.00 13.13948
63300.00 13.14074
63290.00 13.14199
63280.00 13.14325
63270.00 13.14451
63260.00 13.14577
63250.00 13.14703
63240.00 13.14828
63230.00 13.14955
63220.00 13.15080
63210.00 13.15207
63200.00 13.15333
63190.00 13.15459
63180.00 13.15586
63170.00 13.15712
63160.00 13.15839
63150.00 13.15965
63140.00 13.16092
63130.00 13.16219
63120.00 13.16346
63110.00 13.16473
63100.00 13.16600
63090.00 13.16727
63080.00 13.16854
63070.00 13.16981
63060.00 13.17109
63050.00 13.17236
63040.00 13.17364
63030.00 13.17491
63020.00 13.17619
63010.00 13.17747
63000.00 13.17874
62990.00 13.18002
62980.00 13.18130
62970.00 13.18258
62960.00 13.18386
62950.00 13.18515
62940.00 13.18643
62930.00 13.18771
62920.00 13.18900
62910.00 13.19028
62900.00 13.19157
62890.00 13.19285
62880.00 13.19414
62870.00 13.19543
62860.00 13.19672
62850.00 13.19801
62840.00 13.19930
62830.00 13.20059
62820.00 13.20188
62810.00 13.20317
62800.00 13.20447
62790.00 13.20576
62780.00 13.20705
62770.00 13.20835
62760.00 13.20965
62750.00 13.21095
62740.00 13.21225
62730.00 13.21354
62720.00 13.21484
62710.00 13.21614
62700.00 13.21744
62690.00 13.21875
62680.00 13.22005
62670.00 13.22135
62660.00 13.22266
62650.00 13.22396
62640.00 13.22527
62630.00 13.22657
62620.00 13.22788
62610.00 13.22919
62600.00 13.23050
62590.00 13.23181
62580.00 13.23312
62570.00 13.23443
62560.00 13.23574
62550.00 13.23706
62540.00 13.23837
62530.00 13.23969
62520.00 13.24100
62510.00 13.24232
62500.00 13.24363
62490.00 13.24495
62480.00 13.24627
62470.00 13.24759
62460.00 13.24891
62450.00 13.25023
62440.00 13.25155
62430.00 13.25287
62420.00 13.25419
62410.00 13.25552
62400.00 13.25684
62390.00 13.25817
62380.00 13.25949
62370.00 13.26082
62360.00 13.26215
62350.00 13.26347
62340.00 13.26480
62330.00 13.26613
62320.00 13.26746
62310.00 13.26880
62300.00 13.27013
62290.00 13.27146
62280.00 13.27279
62270.00 13.27413
62260.00 13.27547
62250.00 13.27680
62240.00 13.27814
62230.00 13.27948
62220.00 13.28081
62210.00 13.28215
62200.00 13.28349
62190.00 13.28483
62180.00 13.28617
62170.00 13.28752
62160.00 13.28886
62150.00 13.29020
62140.00 13.29155
62130.00 13.29289
62120.00 13.29424
62110.00 13.29559
62100.00 13.29694
62090.00 13.29828
62080.00 13.29963
62070.00 13.30098
62060.00 13.30233
62050.00 13.30368
62040.00 13.30504
62030.00 13.30639
62020.00 13.30774
62010.00 13.30910
62000.00 13.31045
61990.00 13.31181
61980.00 13.31317
61970.00 13.31453
61960.00 13.31588
61950.00 13.31724
61940.00 13.31860
61930.00 13.31996
61920.00 13.32132
61910.00 13.32269
61900.00 13.32405
61890.00 13.32541
61880.00 13.32678
61870.00 13.32814
61860.00 13.32951
61850.00 13.33088
61840.00 13.33224
61830.00 13.33361
61820.00 13.33498
61810.00 13.33635
61800.00 13.33773
61790.00 13.33909
61780.00 13.34047
61770.00 13.34184
61760.00 13.34322
61750.00 13.34459
61740.00 13.34597
61730.00 13.34734
61720.00 13.34872
61710.00 13.35010
61700.00 13.35147
61690.00 13.35286
61680.00 13.35423
61670.00 13.35562
61660.00 13.35700
61650.00 13.35838
61640.00 13.35976
61630.00 13.36115
61620.00 13.36253
61610.00 13.36392
61600.00 13.36530
61590.00 13.36669
61580.00 13.36808
61570.00 13.36946
61560.00 13.37086
61550.00 13.37225
61540.00 13.37364
61530.00 13.37503
61520.00 13.37642
61510.00 13.37782
61500.00 13.37921
61490.00 13.38060
61480.00 13.38200
61470.00 13.38340
61460.00 13.38480
61450.00 13.38619
61440.00 13.38759
61430.00 13.38899
61420.00 13.39039
61410.00 13.39179
61400.00 13.39319
61390.00 13.39460
61380.00 13.39600
61370.00 13.39740
61360.00 13.39881
61350.00 13.40021
61340.00 13.40162
61330.00 13.40303
61320.00 13.40444
61310.00 13.40585
61300.00 13.40726
61290.00 13.40866
61280.00 13.41007
61270.00 13.41149
61260.00 13.41290
61250.00 13.41431
61240.00 13.41573
61230.00 13.41714
61220.00 13.41856
61210.00 13.41997
61200.00 13.42139
61190.00 13.42281
61180.00 13.42423
61170.00 13.42565
61160.00 13.42707
61150.00 13.42849
61140.00 13.42991
61130.00 13.43133
61120.00 13.43276
61110.00 13.43418
61100.00 13.43561
61090.00 13.43703
61080.00 13.43846
61070.00 13.43989
61060.00 13.44131
61050.00 13.44274
61040.00 13.44417
61030.00 13.44561
61020.00 13.44704
61010.00 13.44847
61000.00 13.44990
60990.00 13.45133
60980.00 13.45277
60970.00 13.45420
60960.00 13.45564
60950.00 13.45708
60940.00 13.45852
60930.00 13.45995
60920.00 13.46139
60910.00 13.46283
60900.00 13.46427
60890.00 13.46571
60880.00 13.46716
60870.00 13.46860
60860.00 13.47004
60850.00 13.47149
60840.00 13.47293
60830.00 13.47438
60820.00 13.47582
60810.00 13.47727
60800.00 13.47872
60790.00 13.48016
60780.00 13.48162
60770.00 13.48307
60760.00 13.48452
60750.00 13.48597
60740.00 13.48742
60730.00 13.48888
60720.00 13.49033
60710.00 13.49179
60700.00 13.49324
60690.00 13.49470
60680.00 13.49616
60670.00 13.49762
60660.00 13.49908
60650.00 13.50054
60640.00 13.50200
60630.00 13.50346
60620.00 13.50492
60610.00 13.50638
60600.00 13.50785
60590.00 13.50931
60580.00 13.51078
60570.00 13.51224
60560.00 13.51371
60550.00 13.51517
60540.00 13.51664
60530.00 13.51811
60520.00 13.51958
60510.00 13.52106
60500.00 13.52252
60490.00 13.52399
60480.00 13.52547
60470.00 13.52694
60460.00 13.52842
60450.00 13.52990
60440.00 13.53137
60430.00 13.53284
60420.00 13.53432
60410.00 13.53580
60400.00 13.53728
60390.00 13.53876
60380.00 13.54025
60370.00 13.54173
60360.00 13.54321
60350.00 13.54469
60340.00 13.54617
60330.00 13.54766
60320.00 13.54914
60310.00 13.55063
60300.00 13.55212
60290.00 13.55360
60280.00 13.55509
60270.00 13.55658
60260.00 13.55807
60250.00 13.55956
60240.00 13.56105
60230.00 13.56255
60220.00 13.56404
60210.00 13.56553
60200.00 13.56703
60190.00 13.56852
60180.00 13.57002
60170.00 13.57152
60160.00 13.57302
60150.00 13.57451
60140.00 13.57601
60130.00 13.57751
60120.00 13.57901
60110.00 13.58052
60100.00 13.58202
60090.00 13.58352
60080.00 13.58503
60070.00 13.58653
60060.00 13.58803
60050.00 13.58954
60040.00 13.59105
60030.00 13.59256
60020.00 13.59407
60010.00 13.59558
60000.00 13.59708
59990.00 13.59859
59980.00 13.60011
59970.00 13.60162
59960.00 13.60313
59950.00 13.60465
59940.00 13.60616
59930.00 13.60768
59920.00 13.60919
59910.00 13.61071
59900.00 13.61223
59890.00 13.61375
59880.00 13.61527
59870.00 13.61679
59860.00 13.61831
59850.00 13.61983
59840.00 13.62135
59830.00 13.62288
59820.00 13.62440
59810.00 13.62593
59800.00 13.62745
59790.00 13.62898
59780.00 13.63050
59770.00 13.63203
59760.00 13.63356
59750.00 13.63509
59740.00 13.63662
59730.00 13.63815
59720.00 13.63968
59710.00 13.64121
59700.00 13.64275
59690.00 13.64428
59680.00 13.64582
59670.00 13.64735
59660.00 13.64889
59650.00 13.65043
59640.00 13.65196
59630.00 13.65350
59620.00 13.65504
59610.00 13.65658
59600.00 13.65812
59590.00 13.65967
59580.00 13.66121
59570.00 13.66275
59560.00 13.66430
59550.00 13.66584
59540.00 13.66739
59530.00 13.66893
59520.00 13.67048
59510.00 13.67203
59500.00 13.67358
59490.00 13.67513
59480.00 13.67668
59470.00 13.67823
59460.00 13.67978
59450.00 13.68133
59440.00 13.68289
59430.00 13.68444
59420.00 13.68599
59410.00 13.68755
59400.00 13.68911
59390.00 13.69067
59380.00 13.69222
59370.00 13.69378
59360.00 13.69534
59350.00 13.69690
59340.00 13.69846
59330.00 13.70002
59320.00 13.70159
59310.00 13.70315
59300.00 13.70472
59290.00 13.70628
59280.00 13.70785
59270.00 13.70941
59260.00 13.71098
59250.00 13.71255
59240.00 13.71412
59230.00 13.71569
59220.00 13.71726
59210.00 13.71883
59200.00 13.72040
59190.00 13.72197
59180.00 13.72355
59170.00 13.72512
59160.00 13.72670
59150.00 13.72828
59140.00 13.72985
59130.00 13.73143
59120.00 13.73301
59110.00 13.73458
59100.00 13.73616
59090.00 13.73775
59080.00 13.73933
59070.00 13.74091
59060.00 13.74249
59050.00 13.74407
59040.00 13.74566
59030.00 13.74725
59020.00 13.74883
59010.00 13.75042
59000.00 13.75200
58990.00 13.75359
58980.00 13.75518
58970.00 13.75677
58960.00 13.75836
58950.00 13.75995
58940.00 13.76155
58930.00 13.76314
58920.00 13.76473
58910.00 13.76633
58900.00 13.76792
58890.00 13.76952
58880.00 13.77111
58870.00 13.77271
58860.00 13.77431
58850.00 13.77591
58840.00 13.77751
58830.00 13.77911
58820.00 13.78071
58810.00 13.78231
58800.00 13.78392
58790.00 13.78552
58780.00 13.78712
58770.00 13.78873
58760.00 13.79034
58750.00 13.79194
58740.00 13.79355
58730.00 13.79516
58720.00 13.79677
58710.00 13.79838
58700.00 13.79999
58690.00 13.80160
58680.00 13.80321
58670.00 13.80482
58660.00 13.80644
58650.00 13.80806
58640.00 13.80967
58630.00 13.81129
58620.00 13.81290
58610.00 13.81452
58600.00 13.81614
58590.00 13.81776
58580.00 13.81938
58570.00 13.82100
58560.00 13.82262
58550.00 13.82424
58540.00 13.82587
58530.00 13.82749
58520.00 13.82911
58510.00 13.83074
58500.00 13.83236
58490.00 13.83399
58480.00 13.83562
58470.00 13.83725
58460.00 13.83888
58450.00 13.84051
58440.00 13.84214
58430.00 13.84377
58420.00 13.84540
58410.00 13.84703
58400.00 13.84867
58390.00 13.85031
58380.00 13.85194
58370.00 13.85358
58360.00 13.85522
58350.00 13.85685
58340.00 13.85849
58330.00 13.86013
58320.00 13.86177
58310.00 13.86341
58300.00 13.86505
58290.00 13.86670
58280.00 13.86834
58270.00 13.86998
58260.00 13.87163
58250.00 13.87327
58240.00 13.87492
58230.00 13.87657
58220.00 13.87822
58210.00 13.87986
58200.00 13.88151
58190.00 13.88316
58180.00 13.88481
58170.00 13.88646
58160.00 13.88812
58150.00 13.88977
58140.00 13.89142
58130.00 13.89308
58120.00 13.89473
58110.00 13.89639
58100.00 13.89805
58090.00 13.89971
58080.00 13.90137
58070.00 13.90302
58060.00 13.90468
58050.00 13.90635
58040.00 13.90801
58030.00 13.90967
58020.00 13.91133
58010.00 13.91300
58000.00 13.91466
57990.00 13.91632
57980.00 13.91799
57970.00 13.91966
57960.00 13.92133
57950.00 13.92300
57940.00 13.92467
57930.00 13.92634
57920.00 13.92801
57910.00 13.92968
57900.00 13.93135
57890.00 13.93303
57880.00 13.93470
57870.00 13.93638
57860.00 13.93805
57850.00 13.93973
57840.00 13.94140
57830.00 13.94308
57820.00 13.94476
57810.00 13.94644
57800.00 13.94812
57790.00 13.94980
57780.00 13.95148
57770.00 13.95317
57760.00 13.95485
57750.00 13.95654
57740.00 13.95822
57730.00 13.95991
57720.00 13.96159
57710.00 13.96328
57700.00 13.96497
57690.00 13.96666
57680.00 13.96835
57670.00 13.97004
57660.00 13.97173
57650.00 13.97342
57640.00 13.97511
57630.00 13.97680
57620.00 13.97850
57610.00 13.98019
57600.00 13.98189
57590.00 13.98359
57580.00 13.98529
57570.00 13.98698
57560.00 13.98868
57550.00 13.99038
57540.00 13.99208
57530.00 13.99378
57520.00 13.99549
57510.00 13.99719
57500.00 13.99889
57490.00 14.00060
57480.00 14.00230
57470.00 14.00401
57460.00 14.00571
57450.00 14.00742
57440.00 14.00913
57430.00 14.01084
57420.00 14.01255
57410.00 14.01426
57400.00 14.01597
57390.00 14.01768
57380.00 14.01939
57370.00 14.02111
57360.00 14.02282
57350.00 14.02454
57340.00 14.02625
57330.00 14.02797
57320.00 14.02969
57310.00 14.03141
57300.00 14.03313
57290.00 14.03485
57280.00 14.03656
57270.00 14.03828
57260.00 14.04001
57250.00 14.04173
57240.00 14.04346
57230.00 14.04518
57220.00 14.04691
57210.00 14.04863
57200.00 14.05036
57190.00 14.05209
57180.00 14.05381
57170.00 14.05554
57160.00 14.05727
57150.00 14.05901
57140.00 14.06073
57130.00 14.06247
57120.00 14.06420
57110.00 14.06593
57100.00 14.06767
57090.00 14.06940
57080.00 14.07114
57070.00 14.07287
57060.00 14.07461
57050.00 14.07635
57040.00 14.07809
57030.00 14.07983
57020.00 14.08157
57010.00 14.08331
57000.00 14.08506
56990.00 14.08680
56980.00 14.08854
56970.00 14.09029
56960.00 14.09203
56950.00 14.09378
56940.00 14.09553
56930.00 14.09727
56920.00 14.09902
56910.00 14.10077
56900.00 14.10252
56890.00 14.10427
56880.00 14.10602
56870.00 14.10778
56860.00 14.10953
56850.00 14.11128
56840.00 14.11304
56830.00 14.11479
56820.00 14.11655
56810.00 14.11831
56800.00 14.12006
56790.00 14.12182
56780.00 14.12358
56770.00 14.12534
56760.00 14.12710
56750.00 14.12886
56740.00 14.13063
56730.00 14.13239
56720.00 14.13415
56710.00 14.13591
56700.00 14.13768
56690.00 14.13945
56680.00 14.14122
56670.00 14.14298
56660.00 14.14475
56650.00 14.14652
56640.00 14.14829
56630.00 14.15006
56620.00 14.15183
56610.00 14.15361
56600.00 14.15538
56590.00 14.15715
56580.00 14.15893
56570.00 14.16071
56560.00 14.16248
56550.00 14.16426
56540.00 14.16603
56530.00 14.16781
56520.00 14.16959
56510.00 14.17138
56500.00 14.17316
56410.00 14.17402
56400.00 14.17592
56390.00 14.17782
56380.00 14.17973
56370.00 14.18163
56360.00 14.18354
56350.00 14.18544
56340.00 14.18735
56330.00 14.18926
56320.00 14.19117
56310.00 14.19309
56300.00 14.19501
56290.00 14.19693
56280.00 14.19884
56270.00 14.20076
56260.00 14.20269
56250.00 14.20461
56240.00 14.20654
56230.00 14.20847
56220.00 14.21040
56210.00 14.21232
56200.00 14.21426
56190.00 14.21620
56180.00 14.21814
56170.00 14.22007
56160.00 14.22202
56150.00 14.22396
56140.00 14.22589
56130.00 14.22784
56120.00 14.22979
56110.00 14.23174
56100.00 14.23369
56090.00 14.23565
56080.00 14.23760
56070.00 14.23955
56060.00 14.24151
56050.00 14.24347
56040.00 14.24543
56030.00 14.24739
56020.00 14.24936
56010.00 14.25132
56000.00 14.25330
55990.00 14.25526
55980.00 14.25723
55970.00 14.25920
55960.00 14.26118
55950.00 14.26316
55940.00 14.26514
55930.00 14.26712
55920.00 14.26909
55910.00 14.27108
55900.00 14.27307
55890.00 14.27505
55880.00 14.27704
55870.00 14.27903
55860.00 14.28103
55850.00 14.28302
55840.00 14.28502
55830.00 14.28701
55820.00 14.28901
55810.00 14.29101
55800.00 14.29302
55790.00 14.29502
55780.00 14.29702
55770.00 14.29903
55760.00 14.30104
55750.00 14.30305
55740.00 14.30507
55730.00 14.30708
55720.00 14.30910
55710.00 14.31111
55700.00 14.31313
55690.00 14.31515
55680.00 14.31718
55670.00 14.31920
55660.00 14.32123
55650.00 14.32326
55640.00 14.32528
55630.00 14.32732
55620.00 14.32935
55610.00 14.33139
55600.00 14.33343
55590.00 14.33547
55580.00 14.33751
55570.00 14.33954
55560.00 14.34159
55550.00 14.34364
55540.00 14.34568
55530.00 14.34774
55520.00 14.34979
55510.00 14.35184
55500.00 14.35389
55490.00 14.35595
55480.00 14.35801
55470.00 14.36007
55460.00 14.36213
55450.00 14.36419
55440.00 14.36626
55430.00 14.36832
55420.00 14.37038
55410.00 14.37246
55400.00 14.37453
55390.00 14.37661
55380.00 14.37868
55370.00 14.38076
55360.00 14.38283
55350.00 14.38491
55340.00 14.38699
55330.00 14.38908
55320.00 14.39116
55310.00 14.39325
55300.00 14.39534
55290.00 14.39743
55280.00 14.39952
55270.00 14.40162
55260.00 14.40371
55250.00 14.40581
55240.00 14.40791
55230.00 14.41002
55220.00 14.41212
55210.00 14.41422
55200.00 14.41632
55190.00 14.41843
55180.00 14.42054
55170.00 14.42265
55160.00 14.42477
55150.00 14.42688
55140.00 14.42899
55130.00 14.43111
55120.00 14.43323
55110.00 14.43536
55100.00 14.43748
55090.00 14.43961
55080.00 14.44173
55070.00 14.44386
55060.00 14.44599
55050.00 14.44812
55040.00 14.45026
55030.00 14.45239
55020.00 14.45453
55010.00 14.45667
55000.00 14.45881
54990.00 14.46095
54980.00 14.46309
54970.00 14.46524
54960.00 14.46739
54950.00 14.46954
54940.00 14.47169
54930.00 14.47384
54920.00 14.47599
54910.00 14.47815
54900.00 14.48031
54890.00 14.48247
54880.00 14.48463
54870.00 14.48679
54860.00 14.48896
54850.00 14.49113
54840.00 14.49329
54830.00 14.49546
54820.00 14.49764
54810.00 14.49981
54800.00 14.50198
54790.00 14.50416
54780.00 14.50634
54770.00 14.50852
54760.00 14.51070
54750.00 14.51289
54740.00 14.51507
54730.00 14.51726
54720.00 14.51945
54710.00 14.52164
54700.00 14.52383
54690.00 14.52603
54680.00 14.52822
54670.00 14.53042
54660.00 14.53262
54650.00 14.53482
54640.00 14.53702
54630.00 14.53923
54620.00 14.54143
54610.00 14.54364
54600.00 14.54585
54590.00 14.54806
54580.00 14.55027
54570.00 14.55249
54560.00 14.55471
54550.00 14.55693
54540.00 14.55915
54530.00 14.56137
54520.00 14.56359
54510.00 14.56581
54500.00 14.56804
54490.00 14.57027
54480.00 14.57250
54470.00 14.57473
54460.00 14.57697
54450.00 14.57920
54440.00 14.58144
54430.00 14.58368
54420.00 14.58593
54410.00 14.58816
54400.00 14.59041
54390.00 14.59266
54380.00 14.59490
54370.00 14.59715
54360.00 14.59940
54350.00 14.60166
54340.00 14.60391
54330.00 14.60617
54320.00 14.60843
54310.00 14.61068
54300.00 14.61295
54290.00 14.61521
54280.00 14.61747
54270.00 14.61974
54260.00 14.62201
54250.00 14.62428
54240.00 14.62655
54230.00 14.62883
54220.00 14.63110
54210.00 14.63338
54200.00 14.63565
54190.00 14.63794
54180.00 14.64022
54170.00 14.64251
54160.00 14.64479
54150.00 14.64708
54140.00 14.64937
54130.00 14.65166
54120.00 14.65395
54110.00 14.65625
54100.00 14.65854
54090.00 14.66084
54080.00 14.66314
54070.00 14.66544
54060.00 14.66774
54050.00 14.67005
54040.00 14.67235
54030.00 14.67466
54020.00 14.67697
54010.00 14.67928
54000.00 14.68160
53990.00 14.68391
53980.00 14.68623
53970.00 14.68855
53960.00 14.69087
53950.00 14.69319
53940.00 14.69551
53930.00 14.69784
53920.00 14.70016
53910.00 14.70250
53900.00 14.70483
53890.00 14.70716
53880.00 14.70949
53870.00 14.71183
53860.00 14.71417
53850.00 14.71651
53840.00 14.71885
53830.00 14.72119
53820.00 14.72353
53810.00 14.72588
53800.00 14.72823
53790.00 14.73058
53780.00 14.73293
53770.00 14.73528
53760.00 14.73764
53750.00 14.73999
53740.00 14.74235
53730.00 14.74471
53720.00 14.74707
53710.00 14.74944
53700.00 14.75180
53690.00 14.75417
53680.00 14.75654
53670.00 14.75891
53660.00 14.76128
53650.00 14.76365
53640.00 14.76603
53630.00 14.76841
53620.00 14.77079
53610.00 14.77317
53600.00 14.77555
53590.00 14.77793
53580.00 14.78032
53570.00 14.78271
53560.00 14.78509
53550.00 14.78749
53540.00 14.78988
53530.00 14.79228
53520.00 14.79467
53510.00 14.79707
53500.00 14.79947
53490.00 14.80187
