#1st harmonic bragg gap dummypitch dummyroll
Units mDeg mm mm mm
72000.00 12.33060
71919.00 12.33530
71839.00 12.34000
71758.00 12.34470
71678.00 12.34950
71598.00 12.35430
71517.60 12.35920
71120.00 12.36377
71110.00 12.36447
71100.00 12.36516
71090.00 12.36586
71080.00 12.36656
71070.00 12.36727
71060.00 12.36797
71050.00 12.36867
71040.00 12.36937
71030.00 12.37007
71020.00 12.37078
71010.00 12.37148
71000.00 12.37219
70990.00 12.37290
70980.00 12.37360
70970.00 12.37431
70960.00 12.37502
70950.00 12.37572
70940.00 12.37643
70930.00 12.37715
70920.00 12.37786
70910.00 12.37857
70900.00 12.37928
70890.00 12.37999
70880.00 12.38070
70870.00 12.38142
70860.00 12.38213
70850.00 12.38285
70840.00 12.38356
70830.00 12.38428
70820.00 12.38500
70810.00 12.38572
70800.00 12.38644
70790.00 12.38716
70780.00 12.38787
70770.00 12.38860
70760.00 12.38932
70750.00 12.39004
70740.00 12.39076
70730.00 12.39149
70720.00 12.39221
70710.00 12.39293
70700.00 12.39366
70690.00 12.39438
70680.00 12.39511
70670.00 12.39584
70660.00 12.39657
70650.00 12.39729
70640.00 12.39802
70630.00 12.39875
70620.00 12.39948
70610.00 12.40021
70600.00 12.40095
70590.00 12.40168
70580.00 12.40241
70570.00 12.40315
70560.00 12.40388
70550.00 12.40462
70540.00 12.40535
70530.00 12.40609
70520.00 12.40683
70510.00 12.40756
70500.00 12.40830
70490.00 12.40904
70480.00 12.40978
70470.00 12.41052
70460.00 12.41126
70450.00 12.41201
70440.00 12.41275
70430.00 12.41349
70420.00 12.41423
70410.00 12.41498
70400.00 12.41572
70390.00 12.41647
70380.00 12.41722
70370.00 12.41796
70360.00 12.41871
70350.00 12.41946
70340.00 12.42021
70330.00 12.42096
70320.00 12.42170
70310.00 12.42246
70300.00 12.42321
70290.00 12.42396
70280.00 12.42472
70270.00 12.42547
70260.00 12.42622
70250.00 12.42698
70240.00 12.42773
70230.00 12.42849
70220.00 12.42925
70210.00 12.43001
70200.00 12.43076
70190.00 12.43152
70180.00 12.43228
70170.00 12.43304
70160.00 12.43380
70150.00 12.43456
70140.00 12.43533
70130.00 12.43609
70120.00 12.43685
70110.00 12.43761
70100.00 12.43839
70090.00 12.43915
70080.00 12.43991
70070.00 12.44068
70060.00 12.44145
70050.00 12.44221
70040.00 12.44298
70030.00 12.44376
70020.00 12.44453
70010.00 12.44530
70000.00 12.44607
69990.00 12.44684
69980.00 12.44761
69970.00 12.44839
69960.00 12.44916
69950.00 12.44994
69940.00 12.45071
69930.00 12.45149
69920.00 12.45226
69910.00 12.45304
69900.00 12.45382
69890.00 12.45460
69880.00 12.45538
69870.00 12.45616
69860.00 12.45694
69850.00 12.45772
69840.00 12.45850
69830.00 12.45929
69820.00 12.46007
69810.00 12.46085
69800.00 12.46164
69790.00 12.46242
69780.00 12.46321
69770.00 12.46399
69760.00 12.46478
69750.00 12.46557
69740.00 12.46636
69730.00 12.46715
69720.00 12.46794
69710.00 12.46873
69700.00 12.46952
69690.00 12.47032
69680.00 12.47111
69670.00 12.47190
69660.00 12.47269
69650.00 12.47349
69640.00 12.47428
69630.00 12.47508
69620.00 12.47588
69610.00 12.47668
69600.00 12.47747
69590.00 12.47827
69580.00 12.47907
69570.00 12.47987
69560.00 12.48067
69550.00 12.48147
69540.00 12.48228
69530.00 12.48308
69520.00 12.48388
69510.00 12.48468
69500.00 12.48549
69490.00 12.48629
69480.00 12.48710
69470.00 12.48791
69460.00 12.48871
69450.00 12.48952
69440.00 12.49033
69430.00 12.49114
69420.00 12.49195
69410.00 12.49276
69400.00 12.49357
69390.00 12.49438
69380.00 12.49519
69370.00 12.49601
69360.00 12.49682
69350.00 12.49763
69340.00 12.49846
69330.00 12.49927
69320.00 12.50008
69310.00 12.50090
69300.00 12.50172
69290.00 12.50254
69280.00 12.50336
69270.00 12.50418
69260.00 12.50500
69250.00 12.50582
69240.00 12.50664
69230.00 12.50746
69220.00 12.50829
69210.00 12.50911
69200.00 12.50993
69190.00 12.51076
69180.00 12.51159
69170.00 12.51241
69160.00 12.51324
69150.00 12.51406
69140.00 12.51489
69130.00 12.51572
69120.00 12.51655
69110.00 12.51738
69100.00 12.51822
69090.00 12.51905
69080.00 12.51988
69070.00 12.52071
69060.00 12.52155
69050.00 12.52238
69040.00 12.52321
69030.00 12.52405
69020.00 12.52489
69010.00 12.52572
69000.00 12.52656
68990.00 12.52740
68980.00 12.52824
68970.00 12.52908
68960.00 12.52992
68950.00 12.53076
68940.00 12.53160
68930.00 12.53245
68920.00 12.53329
68910.00 12.53413
68900.00 12.53498
68890.00 12.53582
68880.00 12.53666
68870.00 12.53751
68860.00 12.53836
68850.00 12.53921
68840.00 12.54005
68830.00 12.54090
68820.00 12.54175
68810.00 12.54260
68800.00 12.54345
68790.00 12.54431
68780.00 12.54516
68770.00 12.54601
68760.00 12.54686
68750.00 12.54772
68740.00 12.54857
68730.00 12.54943
68720.00 12.55029
68710.00 12.55114
68700.00 12.55200
68690.00 12.55286
68680.00 12.55372
68670.00 12.55458
68660.00 12.55544
68650.00 12.55630
68640.00 12.55716
68630.00 12.55802
68620.00 12.55888
68610.00 12.55975
68600.00 12.56061
68590.00 12.56148
68580.00 12.56234
68570.00 12.56321
68560.00 12.56408
68550.00 12.56494
68540.00 12.56581
68530.00 12.56668
68520.00 12.56755
68510.00 12.56842
68500.00 12.56929
68490.00 12.57016
68480.00 12.57103
68470.00 12.57191
68460.00 12.57278
68450.00 12.57365
68440.00 12.57453
68430.00 12.57541
68420.00 12.57628
68410.00 12.57716
68400.00 12.57803
68390.00 12.57891
68380.00 12.57979
68370.00 12.58067
68360.00 12.58155
68350.00 12.58243
68340.00 12.58331
68330.00 12.58419
68320.00 12.58508
68310.00 12.58596
68300.00 12.58685
68290.00 12.58773
68280.00 12.58861
68270.00 12.58950
68260.00 12.59039
68250.00 12.59127
68240.00 12.59216
68230.00 12.59305
68220.00 12.59394
68210.00 12.59483
68200.00 12.59572
68190.00 12.59661
68180.00 12.59750
68170.00 12.59840
68160.00 12.59929
68150.00 12.60018
68140.00 12.60108
68130.00 12.60197
68120.00 12.60287
68110.00 12.60376
68100.00 12.60466
68090.00 12.60556
68080.00 12.60646
68070.00 12.60736
68060.00 12.60826
68050.00 12.60916
68040.00 12.61006
68030.00 12.61096
68020.00 12.61186
68010.00 12.61277
68000.00 12.61367
67990.00 12.61457
67980.00 12.61548
67970.00 12.61638
67960.00 12.61729
67950.00 12.61820
67940.00 12.61911
67930.00 12.62002
67920.00 12.62092
67910.00 12.62183
67900.00 12.62274
67890.00 12.62366
67880.00 12.62457
67870.00 12.62548
67860.00 12.62639
67850.00 12.62731
67840.00 12.62822
67830.00 12.62914
67820.00 12.63005
67810.00 12.63097
67800.00 12.63189
67790.00 12.63280
67780.00 12.63372
67770.00 12.63464
67760.00 12.63556
67750.00 12.63648
67740.00 12.63741
67730.00 12.63832
67720.00 12.63925
67710.00 12.64017
67700.00 12.64109
67690.00 12.64202
67680.00 12.64294
67670.00 12.64387
67660.00 12.64479
67650.00 12.64572
67640.00 12.64665
67630.00 12.64758
67620.00 12.64851
67610.00 12.64944
67600.00 12.65037
67590.00 12.65130
67580.00 12.65223
67570.00 12.65316
67560.00 12.65409
67550.00 12.65503
67540.00 12.65596
67530.00 12.65690
67520.00 12.65783
67510.00 12.65877
67500.00 12.65971
67490.00 12.66064
67480.00 12.66158
67470.00 12.66252
67460.00 12.66346
67450.00 12.66440
67440.00 12.66534
67430.00 12.66628
67420.00 12.66722
67410.00 12.66817
67400.00 12.66911
67390.00 12.67006
67380.00 12.67100
67370.00 12.67194
67360.00 12.67289
67350.00 12.67384
67340.00 12.67479
67330.00 12.67574
67320.00 12.67668
67310.00 12.67763
67300.00 12.67858
67290.00 12.67953
67280.00 12.68048
67270.00 12.68144
67260.00 12.68239
67250.00 12.68334
67240.00 12.68430
67230.00 12.68525
67220.00 12.68621
67210.00 12.68716
67200.00 12.68812
67190.00 12.68908
67180.00 12.69004
67170.00 12.69099
67160.00 12.69195
67150.00 12.69291
67140.00 12.69387
67130.00 12.69484
67120.00 12.69580
67110.00 12.69676
67100.00 12.69773
67090.00 12.69869
67080.00 12.69965
67070.00 12.70062
67060.00 12.70159
67050.00 12.70255
67040.00 12.70352
67030.00 12.70449
67020.00 12.70545
67010.00 12.70642
67000.00 12.70739
66990.00 12.70837
66980.00 12.70934
66970.00 12.71031
66960.00 12.71128
66950.00 12.71225
66940.00 12.71323
66930.00 12.71420
66920.00 12.71518
66910.00 12.71615
66900.00 12.71713
66890.00 12.71811
66880.00 12.71909
66870.00 12.72006
66860.00 12.72104
66850.00 12.72202
66840.00 12.72300
66830.00 12.72398
66820.00 12.72497
66810.00 12.72595
66800.00 12.72693
66790.00 12.72791
66780.00 12.72890
66770.00 12.72989
66760.00 12.73087
66750.00 12.73186
66740.00 12.73285
66730.00 12.73383
66720.00 12.73482
66710.00 12.73581
66700.00 12.73680
66690.00 12.73779
66680.00 12.73878
66670.00 12.73977
66660.00 12.74077
66650.00 12.74176
66640.00 12.74275
66630.00 12.74375
66620.00 12.74474
66610.00 12.74574
66600.00 12.74673
66590.00 12.74773
66580.00 12.74873
66570.00 12.74973
66560.00 12.75073
66550.00 12.75173
66540.00 12.75273
66530.00 12.75373
66520.00 12.75473
66510.00 12.75574
66500.00 12.75674
66490.00 12.75774
66480.00 12.75874
66470.00 12.75975
66460.00 12.76076
66450.00 12.76176
66440.00 12.76277
66430.00 12.76378
66420.00 12.76479
66410.00 12.76579
66400.00 12.76680
66390.00 12.76781
66380.00 12.76882
66370.00 12.76984
66360.00 12.77085
66350.00 12.77186
66340.00 12.77288
66330.00 12.77389
66320.00 12.77490
66310.00 12.77592
66300.00 12.77694
66290.00 12.77795
66280.00 12.77897
66270.00 12.77999
66260.00 12.78101
66250.00 12.78203
66240.00 12.78305
66230.00 12.78407
66220.00 12.78509
66210.00 12.78611
66200.00 12.78714
66190.00 12.78816
66180.00 12.78918
66170.00 12.79021
66160.00 12.79123
66150.00 12.79226
66140.00 12.79329
66130.00 12.79432
66120.00 12.79534
66110.00 12.79637
66100.00 12.79740
66090.00 12.79843
66080.00 12.79946
66070.00 12.80050
66060.00 12.80153
66050.00 12.80256
66040.00 12.80359
66030.00 12.80462
66020.00 12.80566
66010.00 12.80670
66000.00 12.80773
65990.00 12.80877
65980.00 12.80981
65970.00 12.81084
65960.00 12.81188
65950.00 12.81292
65940.00 12.81396
65930.00 12.81500
65920.00 12.81604
65910.00 12.81709
65900.00 12.81813
65890.00 12.81917
65880.00 12.82022
65870.00 12.82126
65860.00 12.82231
65850.00 12.82335
65840.00 12.82440
65830.00 12.82545
65820.00 12.82649
65810.00 12.82755
65800.00 12.82859
65790.00 12.82964
65780.00 12.83069
65770.00 12.83175
65760.00 12.83280
65750.00 12.83385
65740.00 12.83490
65730.00 12.83596
65720.00 12.83701
65710.00 12.83807
65700.00 12.83912
65690.00 12.84018
65680.00 12.84124
65670.00 12.84230
65660.00 12.84336
65650.00 12.84441
65640.00 12.84547
65630.00 12.84653
65620.00 12.84760
65610.00 12.84866
65600.00 12.84972
65590.00 12.85078
65580.00 12.85185
65570.00 12.85291
65560.00 12.85398
65550.00 12.85504
65540.00 12.85611
65530.00 12.85718
65520.00 12.85825
65510.00 12.85931
65500.00 12.86038
65490.00 12.86145
65480.00 12.86252
65470.00 12.86359
65460.00 12.86467
65450.00 12.86574
65440.00 12.86681
65430.00 12.86789
65420.00 12.86896
65410.00 12.87003
65400.00 12.87111
65390.00 12.87219
65380.00 12.87326
65370.00 12.87434
65360.00 12.87542
65350.00 12.87650
65340.00 12.87758
65330.00 12.87866
65320.00 12.87974
65310.00 12.88082
65300.00 12.88190
65290.00 12.88299
65280.00 12.88407
65270.00 12.88515
65260.00 12.88624
65250.00 12.88733
65240.00 12.88841
65230.00 12.88950
65220.00 12.89059
65210.00 12.89167
65200.00 12.89277
65190.00 12.89386
65180.00 12.89495
65170.00 12.89604
65160.00 12.89713
65150.00 12.89822
65140.00 12.89931
65130.00 12.90041
65120.00 12.90150
65110.00 12.90260
65100.00 12.90369
65090.00 12.90479
65080.00 12.90588
65070.00 12.90698
65060.00 12.90808
65050.00 12.90918
65040.00 12.91028
65030.00 12.91138
65020.00 12.91248
65010.00 12.91358
65000.00 12.91468
64990.00 12.91579
64980.00 12.91689
64970.00 12.91800
64960.00 12.91910
64950.00 12.92021
64940.00 12.92131
64930.00 12.92242
64920.00 12.92353
64910.00 12.92464
64900.00 12.92575
64890.00 12.92685
64880.00 12.92796
64870.00 12.92907
64860.00 12.93019
64850.00 12.93130
64840.00 12.93241
64830.00 12.93353
64820.00 12.93464
64810.00 12.93575
64800.00 12.93687
64790.00 12.93798
64780.00 12.93911
64770.00 12.94022
64760.00 12.94134
64750.00 12.94246
64740.00 12.94358
64730.00 12.94469
64720.00 12.94582
64710.00 12.94694
64700.00 12.94806
64690.00 12.94918
64680.00 12.95031
64670.00 12.95143
64660.00 12.95256
64650.00 12.95368
64640.00 12.95481
64630.00 12.95594
64620.00 12.95706
64610.00 12.95819
64600.00 12.95932
64590.00 12.96045
64580.00 12.96158
64570.00 12.96271
64560.00 12.96384
64550.00 12.96497
64540.00 12.96610
64530.00 12.96724
64520.00 12.96837
64510.00 12.96951
64500.00 12.97064
64490.00 12.97178
64480.00 12.97292
64470.00 12.97405
64460.00 12.97519
64450.00 12.97633
64440.00 12.97747
64430.00 12.97861
64420.00 12.97975
64410.00 12.98089
64400.00 12.98203
64390.00 12.98317
64380.00 12.98432
64370.00 12.98546
64360.00 12.98661
64350.00 12.98775
64340.00 12.98890
64330.00 12.99004
64320.00 12.99119
64310.00 12.99234
64300.00 12.99349
64290.00 12.99464
64280.00 12.99579
64270.00 12.99694
64260.00 12.99809
64250.00 12.99924
64240.00 13.00039
64230.00 13.00154
64220.00 13.00270
64210.00 13.00386
64200.00 13.00501
64190.00 13.00616
64180.00 13.00732
64170.00 13.00848
64160.00 13.00964
64150.00 13.01080
64140.00 13.01196
64130.00 13.01311
64120.00 13.01427
64110.00 13.01543
64100.00 13.01660
64090.00 13.01776
64080.00 13.01892
64070.00 13.02009
64060.00 13.02125
64050.00 13.02242
64040.00 13.02358
64030.00 13.02475
64020.00 13.02592
64010.00 13.02708
64000.00 13.02897
63990.00 13.03010
63980.00 13.03122
63970.00 13.03234
63960.00 13.03347
63950.00 13.03460
63940.00 13.03572
63930.00 13.03685
63920.00 13.03798
63910.00 13.03911
63900.00 13.04024
63890.00 13.04137
63880.00 13.04251
63870.00 13.04364
63860.00 13.04478
63850.00 13.04591
63840.00 13.04705
63830.00 13.04819
63820.00 13.04933
63810.00 13.05046
63800.00 13.05161
63790.00 13.05275
63780.00 13.05389
63770.00 13.05504
63760.00 13.05618
63750.00 13.05733
63740.00 13.05847
63730.00 13.05962
63720.00 13.06077
63710.00 13.06192
63700.00 13.06307
63690.00 13.06422
63680.00 13.06538
63670.00 13.06653
63660.00 13.06769
63650.00 13.06885
63640.00 13.07000
63630.00 13.07116
63620.00 13.07232
63610.00 13.07348
63600.00 13.07464
63590.00 13.07580
63580.00 13.07697
63570.00 13.07813
63560.00 13.07930
63550.00 13.08047
63540.00 13.08163
63530.00 13.08280
63520.00 13.08397
63510.00 13.08514
63500.00 13.08631
63490.00 13.08749
63480.00 13.08866
63470.00 13.08983
63460.00 13.09101
63450.00 13.09219
63440.00 13.09336
63430.00 13.09454
63420.00 13.09572
63410.00 13.09690
63400.00 13.09808
63390.00 13.09927
63380.00 13.10045
63370.00 13.10163
63360.00 13.10282
63350.00 13.10401
63340.00 13.10520
63330.00 13.10639
63320.00 13.10757
63310.00 13.10876
63300.00 13.10996
63290.00 13.11115
63280.00 13.11234
63270.00 13.11354
63260.00 13.11473
63250.00 13.11593
63240.00 13.11713
63230.00 13.11833
63220.00 13.11953
63210.00 13.12073
63200.00 13.12193
63190.00 13.12313
63180.00 13.12434
63170.00 13.12555
63160.00 13.12675
63150.00 13.12796
63140.00 13.12917
63130.00 13.13037
63120.00 13.13158
63110.00 13.13280
63100.00 13.13401
63090.00 13.13522
63080.00 13.13643
63070.00 13.13765
63060.00 13.13887
63050.00 13.14008
63040.00 13.14130
63030.00 13.14252
63020.00 13.14374
63010.00 13.14496
63000.00 13.14618
62990.00 13.14741
62980.00 13.14863
62970.00 13.14986
62960.00 13.15108
62950.00 13.15231
62940.00 13.15354
62930.00 13.15477
62920.00 13.15600
62910.00 13.15723
62900.00 13.15846
62890.00 13.15970
62880.00 13.16093
62870.00 13.16217
62860.00 13.16340
62850.00 13.16464
62840.00 13.16588
62830.00 13.16712
62820.00 13.16836
62810.00 13.16960
62800.00 13.17084
62790.00 13.17208
62780.00 13.17333
62770.00 13.17458
62760.00 13.17582
62750.00 13.17707
62740.00 13.17832
62730.00 13.17957
62720.00 13.18082
62710.00 13.18207
62700.00 13.18332
62690.00 13.18458
62680.00 13.18583
62670.00 13.18709
62660.00 13.18834
62650.00 13.18960
62640.00 13.19086
62630.00 13.19212
62620.00 13.19338
62610.00 13.19464
62600.00 13.19591
62590.00 13.19717
62580.00 13.19844
62570.00 13.19970
62560.00 13.20097
62550.00 13.20224
62540.00 13.20350
62530.00 13.20477
62520.00 13.20605
62510.00 13.20732
62500.00 13.20859
62490.00 13.20987
62480.00 13.21114
62470.00 13.21242
62460.00 13.21369
62450.00 13.21497
62440.00 13.21625
62430.00 13.21753
62420.00 13.21881
62410.00 13.22009
62400.00 13.22138
62390.00 13.22266
62380.00 13.22395
62370.00 13.22523
62360.00 13.22652
62350.00 13.22781
62340.00 13.22910
62330.00 13.23038
62320.00 13.23168
62310.00 13.23297
62300.00 13.23426
62290.00 13.23556
62280.00 13.23685
62270.00 13.23815
62260.00 13.23944
62250.00 13.24074
62240.00 13.24204
62230.00 13.24334
62220.00 13.24465
62210.00 13.24595
62200.00 13.24725
62190.00 13.24855
62180.00 13.24986
62170.00 13.25117
62160.00 13.25247
62150.00 13.25378
62140.00 13.25509
62130.00 13.25640
62120.00 13.25772
62110.00 13.25903
62100.00 13.26034
62090.00 13.26166
62080.00 13.26297
62070.00 13.26429
62060.00 13.26561
62050.00 13.26692
62040.00 13.26824
62030.00 13.26956
62020.00 13.27088
62010.00 13.27221
62000.00 13.27353
61990.00 13.27485
61980.00 13.27618
61970.00 13.27751
61960.00 13.27883
61950.00 13.28016
61940.00 13.28149
61930.00 13.28283
61920.00 13.28415
61910.00 13.28549
61900.00 13.28683
61890.00 13.28816
61880.00 13.28949
61870.00 13.29083
61860.00 13.29217
61850.00 13.29351
61840.00 13.29485
61830.00 13.29619
61820.00 13.29753
61810.00 13.29887
61800.00 13.30021
61790.00 13.30156
61780.00 13.30291
61770.00 13.30425
61760.00 13.30560
61750.00 13.30695
61740.00 13.30830
61730.00 13.30965
61720.00 13.31100
61710.00 13.31236
61700.00 13.31371
61690.00 13.31507
61680.00 13.31642
61670.00 13.31778
61660.00 13.31914
61650.00 13.32049
61640.00 13.32186
61630.00 13.32322
61620.00 13.32458
61610.00 13.32594
61600.00 13.32731
61590.00 13.32867
61580.00 13.33004
61570.00 13.33141
61560.00 13.33278
61550.00 13.33414
61540.00 13.33551
61530.00 13.33689
61520.00 13.33826
61510.00 13.33963
61500.00 13.34101
61490.00 13.34238
61480.00 13.34376
61470.00 13.34514
61460.00 13.34651
61450.00 13.34789
61440.00 13.34927
61430.00 13.35065
61420.00 13.35204
61410.00 13.35342
61400.00 13.35480
61390.00 13.35619
61380.00 13.35758
61370.00 13.35896
61360.00 13.36035
61350.00 13.36174
61340.00 13.36313
61330.00 13.36452
61320.00 13.36592
61310.00 13.36731
61300.00 13.36870
61290.00 13.37010
61280.00 13.37150
61270.00 13.37289
61260.00 13.37429
61250.00 13.37569
61240.00 13.37709
61230.00 13.37849
61220.00 13.37990
61210.00 13.38130
61200.00 13.38271
61190.00 13.38411
61180.00 13.38552
61170.00 13.38693
61160.00 13.38834
61150.00 13.38974
61140.00 13.39116
61130.00 13.39257
61120.00 13.39398
61110.00 13.39539
61100.00 13.39681
61090.00 13.39822
61080.00 13.39964
61070.00 13.40106
61060.00 13.40248
61050.00 13.40390
61040.00 13.40532
61030.00 13.40674
61020.00 13.40816
61010.00 13.40959
61000.00 13.41101
60990.00 13.41244
60980.00 13.41387
60970.00 13.41530
60960.00 13.41672
60950.00 13.41816
60940.00 13.41959
60930.00 13.42102
60920.00 13.42245
60910.00 13.42389
60900.00 13.42532
60890.00 13.42676
60880.00 13.42819
60870.00 13.42963
60860.00 13.43107
60850.00 13.43251
60840.00 13.43395
60830.00 13.43539
60820.00 13.43684
60810.00 13.43828
60800.00 13.43973
60790.00 13.44117
60780.00 13.44262
60770.00 13.44407
60760.00 13.44552
60750.00 13.44697
60740.00 13.44842
60730.00 13.44987
60720.00 13.45132
60710.00 13.45278
60700.00 13.45424
60690.00 13.45569
60680.00 13.45715
60670.00 13.45861
60660.00 13.46007
60650.00 13.46153
60640.00 13.46299
60630.00 13.46445
60620.00 13.46592
60610.00 13.46738
60600.00 13.46885
60590.00 13.47031
60580.00 13.47178
60570.00 13.47325
60560.00 13.47472
60550.00 13.47619
60540.00 13.47766
60530.00 13.47913
60520.00 13.48061
60510.00 13.48208
60500.00 13.48356
60490.00 13.48503
60480.00 13.48651
60470.00 13.48799
60460.00 13.48947
60450.00 13.49095
60440.00 13.49243
60430.00 13.49392
60420.00 13.49540
60410.00 13.49688
60400.00 13.49837
60390.00 13.49986
60380.00 13.50134
60370.00 13.50283
60360.00 13.50432
60350.00 13.50581
60340.00 13.50731
60330.00 13.50880
60320.00 13.51029
60310.00 13.51179
60300.00 13.51328
60290.00 13.51478
60280.00 13.51628
60270.00 13.51778
60260.00 13.51928
60250.00 13.52078
60240.00 13.52228
60230.00 13.52378
60220.00 13.52529
60210.00 13.52679
60200.00 13.52830
60190.00 13.52981
60180.00 13.53131
60170.00 13.53282
60160.00 13.53433
60150.00 13.53584
60140.00 13.53736
60130.00 13.53887
60120.00 13.54038
60110.00 13.54190
60100.00 13.54342
60090.00 13.54493
60080.00 13.54645
60070.00 13.54797
60060.00 13.54949
60050.00 13.55101
60040.00 13.55253
60030.00 13.55406
60020.00 13.55558
60010.00 13.55711
60000.00 13.55863
59990.00 13.56016
59980.00 13.56169
59970.00 13.56322
59960.00 13.56475
59950.00 13.56628
59940.00 13.56781
59930.00 13.56935
59920.00 13.57088
59910.00 13.57242
59900.00 13.57395
59890.00 13.57549
59880.00 13.57703
59870.00 13.57857
59860.00 13.58011
59850.00 13.58165
59840.00 13.58319
59830.00 13.58474
59820.00 13.58628
59810.00 13.58783
59800.00 13.58937
59790.00 13.59092
59780.00 13.59247
59770.00 13.59402
59760.00 13.59557
59750.00 13.59712
59740.00 13.59868
59730.00 13.60023
59720.00 13.60178
59710.00 13.60334
59700.00 13.60490
59690.00 13.60645
59680.00 13.60802
59670.00 13.60958
59660.00 13.61113
59650.00 13.61270
59640.00 13.61426
59630.00 13.61582
59620.00 13.61739
59610.00 13.61896
59600.00 13.62052
59590.00 13.62209
59580.00 13.62366
59570.00 13.62523
59560.00 13.62680
59550.00 13.62837
59540.00 13.62994
59530.00 13.63152
59520.00 13.63309
59510.00 13.63467
59500.00 13.63625
59490.00 13.63783
59480.00 13.63940
59470.00 13.64098
59460.00 13.64256
59450.00 13.64414
59440.00 13.64573
59430.00 13.64731
59420.00 13.64890
59410.00 13.65048
59400.00 13.65207
59390.00 13.65366
59380.00 13.65525
59370.00 13.65684
59360.00 13.65843
59350.00 13.66002
59340.00 13.66162
59330.00 13.66321
59320.00 13.66480
59310.00 13.66640
59300.00 13.66800
59290.00 13.66960
59280.00 13.67120
59270.00 13.67280
59260.00 13.67440
59250.00 13.67600
59240.00 13.67761
59230.00 13.67921
59220.00 13.68081
59210.00 13.68242
59200.00 13.68403
59190.00 13.68564
59180.00 13.68725
59170.00 13.68886
59160.00 13.69047
59150.00 13.69208
59140.00 13.69369
59130.00 13.69531
59120.00 13.69693
59110.00 13.69854
59100.00 13.70016
59090.00 13.70178
59080.00 13.70340
59070.00 13.70502
59060.00 13.70664
59050.00 13.70826
59040.00 13.70989
59030.00 13.71151
59020.00 13.71314
59010.00 13.71476
59000.00 13.71639
58990.00 13.71802
58980.00 13.71965
58970.00 13.72128
58960.00 13.72291
58950.00 13.72454
58940.00 13.72618
58930.00 13.72782
58920.00 13.72945
58910.00 13.73109
58900.00 13.73273
58890.00 13.73436
58880.00 13.73600
58870.00 13.73764
58860.00 13.73929
58850.00 13.74093
58840.00 13.74257
58830.00 13.74422
58820.00 13.74586
58810.00 13.74751
58800.00 13.74916
58790.00 13.75081
58780.00 13.75246
58770.00 13.75411
58760.00 13.75576
58750.00 13.75742
58740.00 13.75907
58730.00 13.76072
58720.00 13.76238
58710.00 13.76404
58700.00 13.76570
58690.00 13.76735
58680.00 13.76902
58670.00 13.77067
58660.00 13.77234
58650.00 13.77400
58640.00 13.77567
58630.00 13.77733
58620.00 13.77900
58610.00 13.78066
58600.00 13.78233
58590.00 13.78400
58580.00 13.78567
58570.00 13.78734
58560.00 13.78902
58550.00 13.79069
58540.00 13.79236
58530.00 13.79404
58520.00 13.79571
58510.00 13.79739
58500.00 13.79907
58490.00 13.80075
58480.00 13.80243
58470.00 13.80411
58460.00 13.80579
58450.00 13.80748
58440.00 13.80916
58430.00 13.81085
58420.00 13.81254
58410.00 13.81422
58400.00 13.81591
58390.00 13.81760
58380.00 13.81929
58370.00 13.82099
58360.00 13.82268
58350.00 13.82437
58340.00 13.82607
58330.00 13.82776
58320.00 13.82946
58310.00 13.83116
58300.00 13.83285
58290.00 13.83455
58280.00 13.83625
58270.00 13.83796
58260.00 13.83966
58250.00 13.84136
58240.00 13.84307
58230.00 13.84477
58220.00 13.84648
58210.00 13.84819
58200.00 13.84990
58190.00 13.85161
58180.00 13.85332
58170.00 13.85503
58160.00 13.85674
58150.00 13.85845
58140.00 13.86017
58130.00 13.86189
58120.00 13.86360
58110.00 13.86532
58100.00 13.86704
58090.00 13.86876
58080.00 13.87048
58070.00 13.87220
58060.00 13.87393
58050.00 13.87565
58040.00 13.87737
58030.00 13.87910
58020.00 13.88083
58010.00 13.88256
58000.00 13.88429
57990.00 13.88601
57980.00 13.88775
57970.00 13.88948
57960.00 13.89121
57950.00 13.89295
57940.00 13.89468
57930.00 13.89642
57920.00 13.89816
57910.00 13.89989
57900.00 13.90163
57890.00 13.90337
57880.00 13.90512
57870.00 13.90685
57860.00 13.90860
57850.00 13.91035
57840.00 13.91209
57830.00 13.91384
57820.00 13.91558
57810.00 13.91733
57800.00 13.91908
57790.00 13.92083
57780.00 13.92258
57770.00 13.92434
57760.00 13.92609
57750.00 13.92784
57740.00 13.92960
57730.00 13.93136
57720.00 13.93312
57710.00 13.93487
57700.00 13.93663
57690.00 13.93839
57680.00 13.94015
57670.00 13.94192
57660.00 13.94368
57650.00 13.94544
57640.00 13.94721
57630.00 13.94898
57620.00 13.95074
57610.00 13.95251
57600.00 13.95428
57590.00 13.95605
57580.00 13.95782
57570.00 13.95960
57560.00 13.96137
57550.00 13.96315
57540.00 13.96492
57530.00 13.96670
57520.00 13.96848
57510.00 13.97025
57500.00 13.97203
57490.00 13.97381
57480.00 13.97560
57470.00 13.97738
57460.00 13.97916
57450.00 13.98095
57440.00 13.98273
57430.00 13.98452
57420.00 13.98631
57410.00 13.98810
57400.00 13.98989
57390.00 13.99168
57380.00 13.99347
57370.00 13.99526
57360.00 13.99706
57350.00 13.99885
57340.00 14.00065
57330.00 14.00245
57320.00 14.00425
57310.00 14.00604
57300.00 14.00784
57290.00 14.00965
57280.00 14.01145
57270.00 14.01325
57260.00 14.01505
57250.00 14.01686
57240.00 14.01867
57230.00 14.02047
57220.00 14.02228
57210.00 14.02409
57200.00 14.02590
57190.00 14.02771
57180.00 14.02952
57170.00 14.03134
57160.00 14.03315
57150.00 14.03497
57140.00 14.03678
57130.00 14.03860
57120.00 14.04042
57110.00 14.04224
57100.00 14.04406
57090.00 14.04588
57080.00 14.04770
57070.00 14.04953
57060.00 14.05135
57050.00 14.05317
57040.00 14.05500
57030.00 14.05683
57020.00 14.05866
57010.00 14.06049
57000.00 14.06505
56990.00 14.06684
56980.00 14.06865
56970.00 14.07044
56960.00 14.07225
56950.00 14.07405
56940.00 14.07586
56930.00 14.07767
56920.00 14.07947
56910.00 14.08128
56900.00 14.08310
56890.00 14.08491
56880.00 14.08673
56870.00 14.08855
56860.00 14.09037
56850.00 14.09218
56840.00 14.09401
56830.00 14.09583
56820.00 14.09766
56810.00 14.09949
56800.00 14.10132
56790.00 14.10315
56780.00 14.10498
56770.00 14.10682
56760.00 14.10865
56750.00 14.11049
56740.00 14.11233
56730.00 14.11418
56720.00 14.11602
56710.00 14.11786
56700.00 14.11971
56690.00 14.12156
56680.00 14.12341
56670.00 14.12526
56660.00 14.12712
56650.00 14.12897
56640.00 14.13083
56630.00 14.13268
56620.00 14.13455
56610.00 14.13641
56600.00 14.13827
56590.00 14.14014
56580.00 14.14201
56570.00 14.14388
56560.00 14.14574
56550.00 14.14762
56540.00 14.14949
56530.00 14.15137
56520.00 14.15325
56510.00 14.15513
56500.00 14.15702
56490.00 14.15889
56480.00 14.16078
56470.00 14.16267
56460.00 14.16455
56450.00 14.16645
56440.00 14.16834
56430.00 14.17023
56420.00 14.17212
56410.00 14.17402
56400.00 14.17592
56390.00 14.17782
56380.00 14.17973
56370.00 14.18163
56360.00 14.18354
56350.00 14.18544
56340.00 14.18735
56330.00 14.18926
56320.00 14.19117
56310.00 14.19309
56300.00 14.19501
56290.00 14.19693
56280.00 14.19884
56270.00 14.20076
56260.00 14.20269
56250.00 14.20461
56240.00 14.20654
56230.00 14.20847
56220.00 14.21040
56210.00 14.21232
56200.00 14.21426
56190.00 14.21620
56180.00 14.21814
56170.00 14.22007
56160.00 14.22202
56150.00 14.22396
56140.00 14.22589
56130.00 14.22784
56120.00 14.22979
56110.00 14.23174
56100.00 14.23369
56090.00 14.23565
56080.00 14.23760
56070.00 14.23955
56060.00 14.24151
56050.00 14.24347
56040.00 14.24543
56030.00 14.24739
56020.00 14.24936
56010.00 14.25132
56000.00 14.25330
55990.00 14.25526
55980.00 14.25723
55970.00 14.25920
55960.00 14.26118
55950.00 14.26316
55940.00 14.26514
55930.00 14.26712
55920.00 14.26909
55910.00 14.27108
55900.00 14.27307
55890.00 14.27505
55880.00 14.27704
55870.00 14.27903
55860.00 14.28103
55850.00 14.28302
55840.00 14.28502
55830.00 14.28701
55820.00 14.28901
55810.00 14.29101
55800.00 14.29302
55790.00 14.29502
55780.00 14.29702
55770.00 14.29903
55760.00 14.30104
55750.00 14.30305
55740.00 14.30507
55730.00 14.30708
55720.00 14.30910
55710.00 14.31111
55700.00 14.31313
55690.00 14.31515
55680.00 14.31718
55670.00 14.31920
55660.00 14.32123
55650.00 14.32326
55640.00 14.32528
55630.00 14.32732
55620.00 14.32935
55610.00 14.33139
55600.00 14.33343
55590.00 14.33547
55580.00 14.33751
55570.00 14.33954
55560.00 14.34159
55550.00 14.34364
55540.00 14.34568
55530.00 14.34774
55520.00 14.34979
55510.00 14.35184
55500.00 14.35389
55490.00 14.35595
55480.00 14.35801
55470.00 14.36007
55460.00 14.36213
55450.00 14.36419
55440.00 14.36626
55430.00 14.36832
55420.00 14.37038
55410.00 14.37246
55400.00 14.37453
55390.00 14.37661
55380.00 14.37868
55370.00 14.38076
55360.00 14.38283
55350.00 14.38491
55340.00 14.38699
55330.00 14.38908
55320.00 14.39116
55310.00 14.39325
55300.00 14.39534
55290.00 14.39743
55280.00 14.39952
55270.00 14.40162
55260.00 14.40371
55250.00 14.40581
55240.00 14.40791
55230.00 14.41002
55220.00 14.41212
55210.00 14.41422
55200.00 14.41632
55190.00 14.41843
55180.00 14.42054
55170.00 14.42265
55160.00 14.42477
55150.00 14.42688
55140.00 14.42899
55130.00 14.43111
55120.00 14.43323
55110.00 14.43536
55100.00 14.43748
55090.00 14.43961
55080.00 14.44173
55070.00 14.44386
55060.00 14.44599
55050.00 14.44812
55040.00 14.45026
55030.00 14.45239
55020.00 14.45453
55010.00 14.45667
55000.00 14.45881
54990.00 14.46095
54980.00 14.46309
54970.00 14.46524
54960.00 14.46739
54950.00 14.46954
54940.00 14.47169
54930.00 14.47384
54920.00 14.47599
54910.00 14.47815
54900.00 14.48031
54890.00 14.48247
54880.00 14.48463
54870.00 14.48679
54860.00 14.48896
54850.00 14.49113
54840.00 14.49329
54830.00 14.49546
54820.00 14.49764
54810.00 14.49981
54800.00 14.50198
54790.00 14.50416
54780.00 14.50634
54770.00 14.50852
54760.00 14.51070
54750.00 14.51289
54740.00 14.51507
54730.00 14.51726
54720.00 14.51945
54710.00 14.52164
54700.00 14.52383
54690.00 14.52603
54680.00 14.52822
54670.00 14.53042
54660.00 14.53262
54650.00 14.53482
54640.00 14.53702
54630.00 14.53923
54620.00 14.54143
54610.00 14.54364
54600.00 14.54585
54590.00 14.54806
54580.00 14.55027
54570.00 14.55249
54560.00 14.55471
54550.00 14.55693
54540.00 14.55915
54530.00 14.56137
54520.00 14.56359
54510.00 14.56581
54500.00 14.56804
54490.00 14.57027
54480.00 14.57250
54470.00 14.57473
54460.00 14.57697
54450.00 14.57920
54440.00 14.58144
54430.00 14.58368
54420.00 14.58593
54410.00 14.58816
54400.00 14.59041
54390.00 14.59266
54380.00 14.59490
54370.00 14.59715
54360.00 14.59940
54350.00 14.60166
54340.00 14.60391
54330.00 14.60617
54320.00 14.60843
54310.00 14.61068
54300.00 14.61295
54290.00 14.61521
54280.00 14.61747
54270.00 14.61974
54260.00 14.62201
54250.00 14.62428
54240.00 14.62655
54230.00 14.62883
54220.00 14.63110
54210.00 14.63338
54200.00 14.63565
54190.00 14.63794
54180.00 14.64022
54170.00 14.64251
54160.00 14.64479
54150.00 14.64708
54140.00 14.64937
54130.00 14.65166
54120.00 14.65395
54110.00 14.65625
54100.00 14.65854
54090.00 14.66084
54080.00 14.66314
54070.00 14.66544
54060.00 14.66774
54050.00 14.67005
54040.00 14.67235
54030.00 14.67466
54020.00 14.67697
54010.00 14.67928
54000.00 14.68160
53990.00 14.68391
53980.00 14.68623
53970.00 14.68855
53960.00 14.69087
53950.00 14.69319
53940.00 14.69551
53930.00 14.69784
53920.00 14.70016
53910.00 14.70250
53900.00 14.70483
53890.00 14.70716
53880.00 14.70949
53870.00 14.71183
53860.00 14.71417
53850.00 14.71651
53840.00 14.71885
53830.00 14.72119
53820.00 14.72353
53810.00 14.72588
53800.00 14.72823
53790.00 14.73058
53780.00 14.73293
53770.00 14.73528
53760.00 14.73764
53750.00 14.73999
53740.00 14.74235
53730.00 14.74471
53720.00 14.74707
53710.00 14.74944
53700.00 14.75180
53690.00 14.75417
53680.00 14.75654
53670.00 14.75891
53660.00 14.76128
53650.00 14.76365
53640.00 14.76603
53630.00 14.76841
53620.00 14.77079
53610.00 14.77317
53600.00 14.77555
53590.00 14.77793
53580.00 14.78032
53570.00 14.78271
53560.00 14.78509
53550.00 14.78749
53540.00 14.78988
53530.00 14.79228
53520.00 14.79467
53510.00 14.79707
53500.00 14.79947
53490.00 14.80187
