#Bragg gap
Units mDeg mm
17400   6.00900
17300   6.04300
17200   6.07700
17100   6.11100
17000   6.14400
16900   6.17400
16800   6.20900
16700	6.22695
16600	6.26355
16500   6.29945
16400   6.33900
16360	6.35585
16260	6.39060
16160	6.4272
16060	6.46125
15960	6.50175
15860	6.54250
15760	6.57805
15660	6.61675
15500	6.67739
15400   6.71405
15300   6.75695
15200   6.79520
15100   6.83655
15000	6.88025
14900	6.92075
14800	6.96305
14700	7.00595
14600	7.05105
14500	7.09275
14400	7.14005
14300	7.18200
14200	7.22690
14100	7.27670
14000	7.31885
13900	7.36775
13800	7.41610
13700	7.46480
13600   7.51340
13500	7.56075
13400	7.60990
13300	7.65695
13200	7.70780
13100	7.76095
13000	7.81315
12900	7.86505
12800	7.91995
12700	7.97505
12600	8.02975
12500	8.08490
12400	8.14290
12300	8.19805
12200	8.25590
11000   9.037
10750   9.220
10500   9.407
10250   9.605
10000   9.815
