# bragg	idgap
Units	Deg	mm
60.000 6.20850
59.000 6.25416
58.990 6.25480
58.980 6.25545
58.970 6.25610
58.960 6.25675
58.950 6.25740
58.940 6.25805
58.930 6.25870
58.920 6.25934
58.910 6.25999
58.900 6.26064
58.890 6.26129
58.880 6.26194
58.870 6.26259
58.860 6.26325
58.850 6.26390
58.840 6.26455
58.830 6.26520
58.820 6.26585
58.810 6.26651
58.800 6.26716
58.790 6.26781
58.780 6.26847
58.770 6.26912
58.760 6.26977
58.750 6.27042
58.740 6.27108
58.730 6.27173
58.720 6.27239
58.710 6.27304
58.700 6.27370
58.690 6.27435
58.680 6.27501
58.670 6.27567
58.660 6.27632
58.650 6.27698
58.600 6.29255
58.590 6.29320
58.580 6.29384
58.570 6.29449
58.560 6.29513
58.550 6.29578
58.540 6.29643
58.530 6.29707
58.520 6.29772
58.510 6.29837
58.500 6.30572
58.490 6.30639
58.480 6.30706
58.470 6.30772
58.460 6.30839
58.450 6.30906
58.440 6.30972
58.430 6.31039
58.420 6.31106
58.410 6.31173
58.400 6.31239
58.390 6.31306
58.380 6.31373
58.370 6.31440
58.360 6.31507
58.350 6.31574
58.340 6.31641
58.330 6.31708
58.320 6.31775
58.310 6.31842
58.300 6.31909
58.290 6.31976
58.280 6.32043
58.270 6.32110
58.260 6.32177
58.250 6.32244
58.240 6.32312
58.230 6.32379
58.220 6.32446
58.210 6.32513
57.99 6.32646
57.98 6.32714
57.97 6.32781
57.96 6.32849
57.95 6.32917
57.94 6.32985
57.93 6.33053
57.92 6.33121
57.91 6.33189
57.90 6.33257
57.89 6.33325
57.88 6.33394
57.87 6.33462
57.86 6.33530
57.85 6.33598
57.84 6.33666
57.83 6.33734
57.82 6.33803
57.81 6.33871
57.80 6.33939
57.79 6.34008
57.78 6.34076
57.77 6.34144
57.76 6.34213
57.75 6.34281
57.74 6.34350
57.73 6.34418
57.72 6.34487
57.71 6.34555
57.70 6.34624
57.69 6.34693
57.68 6.34761
57.67 6.34830
57.66 6.34899
57.65 6.34967
57.64 6.35036
57.63 6.35105
57.62 6.35174
57.61 6.35242
57.60 6.35311
57.59 6.35380
57.58 6.35449
57.57 6.35518
57.56 6.35587
57.55 6.35656
57.54 6.35725
57.53 6.35794
57.52 6.35863
57.51 6.35932
57.50 6.36001
57.49 6.36070
57.48 6.36139
57.47 6.36208
57.46 6.36278
57.45 6.36347
57.44 6.36416
57.43 6.36485
57.42 6.36555
57.41 6.36624
57.40 6.36693
57.39 6.36763
57.38 6.36832
57.37 6.36901
57.36 6.36971
57.35 6.37040
57.34 6.37110
57.33 6.37179
57.32 6.37249
57.31 6.37319
57.30 6.37388
57.29 6.37458
57.28 6.37527
57.27 6.37597
57.26 6.37667
57.25 6.37737
57.24 6.37806
57.23 6.37876
57.22 6.37946
57.21 6.38016
57.20 6.38086
57.19 6.38156
57.18 6.38226
57.17 6.38295
57.16 6.38365
57.15 6.38435
57.14 6.38505
57.13 6.38576
57.12 6.38646
57.11 6.38716
57.10 6.38786
57.09 6.38856
57.08 6.38926
57.07 6.38996
57.06 6.39067
57.05 6.39137
57.04 6.39207
57.03 6.39277
57.02 6.39348
57.01 6.39418
57.00 6.39489
56.99 6.39559
56.98 6.39629
56.97 6.39700
56.96 6.39770
56.95 6.39841
56.94 6.39911
56.93 6.39982
56.92 6.40053
56.91 6.40123
56.90 6.40194
56.89 6.40264
56.88 6.40335
56.87 6.40406
56.86 6.40477
56.85 6.40547
56.84 6.40618
56.83 6.40689
56.82 6.40760
56.81 6.40831
56.80 6.40902
56.79 6.40973
56.78 6.41044
56.77 6.41114
56.76 6.41185
56.75 6.41257
56.74 6.41328
56.73 6.41399
56.72 6.41470
56.71 6.41541
56.70 6.41612
56.69 6.41683
56.68 6.41754
56.67 6.41826
56.66 6.41897
56.65 6.41968
56.64 6.42040
56.63 6.42111
56.62 6.42182
56.61 6.42254
56.60 6.42325
56.59 6.42397
56.58 6.42468
56.57 6.42540
56.56 6.42611
56.55 6.42683
56.54 6.42754
56.53 6.42826
56.52 6.42897
56.51 6.42969
56.50 6.43041
56.49 6.43112
56.48 6.43184
56.47 6.43256
56.46 6.43328
56.45 6.43399
56.44 6.43471
56.43 6.43543
56.42 6.43615
56.41 6.43687
56.40 6.43759
56.39 6.43831
56.38 6.43903
56.37 6.43975
56.36 6.44047
56.35 6.44119
56.34 6.44191
56.33 6.44263
56.32 6.44335
56.31 6.44407
56.30 6.44480
56.29 6.44552
56.28 6.44624
56.27 6.44696
56.26 6.44769
56.25 6.44841
56.24 6.44913
56.23 6.44986
56.22 6.45058
56.21 6.45131
56.20 6.45203
56.19 6.45276
56.18 6.45348
56.17 6.45421
56.16 6.45493
56.15 6.45566
56.14 6.45638
56.13 6.45711
56.12 6.45784
56.11 6.45856
56.10 6.45929
56.09 6.46002
56.08 6.46074
56.07 6.46147
56.06 6.46220
56.05 6.46293
56.04 6.46366
56.03 6.46439
56.02 6.46512
56.01 6.46585
56.00 6.46657
55.99 6.46730
55.98 6.46804
55.97 6.46877
55.96 6.46950
55.95 6.47023
55.94 6.47096
55.93 6.47169
55.92 6.47242
55.91 6.47315
55.90 6.47389
55.89 6.47462
55.88 6.47535
55.87 6.47608
55.86 6.47682
55.85 6.47755
55.84 6.47829
55.83 6.47902
55.82 6.47975
55.81 6.48049
55.80 6.48122
55.79 6.48196
55.78 6.48269
55.77 6.48343
55.76 6.48416
55.75 6.48490
55.74 6.48564
55.73 6.48637
55.72 6.48711
55.71 6.48785
55.70 6.48859
55.69 6.48932
55.68 6.49006
55.67 6.49080
55.66 6.49154
55.65 6.49228
55.64 6.49302
55.63 6.49376
55.62 6.49449
55.61 6.49523
55.60 6.49597
55.59 6.49671
55.58 6.49746
55.57 6.49820
55.56 6.49894
55.55 6.49968
55.54 6.50042
55.53 6.50116
55.52 6.50190
55.51 6.50265
55.50 6.50339
55.49 6.50413
55.48 6.50487
55.47 6.50562
55.46 6.50636
55.45 6.50711
55.44 6.50785
55.43 6.50859
55.42 6.50934
55.41 6.51008
55.40 6.51083
55.39 6.51157
55.38 6.51232
55.37 6.51307
55.36 6.51381
55.35 6.51456
55.34 6.51531
55.33 6.51605
55.32 6.51680
55.31 6.51755
55.30 6.51830
55.29 6.51904
55.28 6.51979
55.27 6.52054
55.26 6.52129
55.25 6.52204
55.24 6.52279
55.23 6.52354
55.22 6.52429
55.21 6.52504
55.20 6.52579
55.19 6.52654
55.18 6.52729
55.17 6.52804
55.16 6.52879
55.15 6.52954
55.14 6.53029
55.13 6.53105
55.12 6.53180
55.11 6.53255
55.10 6.53330
55.09 6.53406
55.08 6.53481
55.07 6.53557
55.06 6.53632
55.05 6.53707
55.04 6.53783
55.03 6.53858
55.02 6.53934
55.01 6.54009
55.00 6.54085
54.99 6.54160
54.98 6.54236
54.97 6.54312
54.96 6.54387
54.95 6.54463
54.94 6.54539
54.93 6.54614
54.92 6.54690
54.91 6.54766
54.90 6.54842
54.89 6.54918
54.88 6.54994
54.87 6.55069
54.86 6.55145
54.85 6.55221
54.84 6.55297
54.83 6.55373
54.82 6.55449
54.81 6.55525
54.80 6.55601
54.79 6.55677
54.78 6.55754
54.77 6.55830
54.76 6.55906
54.75 6.55982
54.74 6.56058
54.73 6.56135
54.72 6.56211
54.71 6.56287
54.70 6.56363
54.69 6.56440
54.68 6.56516
54.67 6.56593
54.66 6.56669
54.65 6.56745
54.64 6.56822
54.63 6.56898
54.62 6.56975
54.61 6.57052
54.60 6.57128
54.59 6.57205
54.58 6.57281
54.57 6.57358
54.56 6.57435
54.55 6.57511
54.54 6.57588
54.53 6.57665
54.52 6.57742
54.51 6.57819
54.50 6.57895
54.49 6.57972
54.48 6.58049
54.47 6.58126
54.46 6.58203
54.45 6.58280
54.44 6.58357
54.43 6.58434
54.42 6.58511
54.41 6.58588
54.40 6.58665
54.39 6.58742
54.38 6.58820
54.37 6.58897
54.36 6.58974
54.35 6.59051
54.34 6.59128
54.33 6.59206
54.32 6.59283
54.31 6.59360
54.30 6.59438
54.29 6.59515
54.28 6.59593
54.27 6.59670
54.26 6.59747
54.25 6.59825
54.24 6.59902
54.23 6.59980
54.22 6.60058
54.21 6.60135
54.20 6.60213
54.19 6.60290
54.18 6.60368
54.17 6.60446
54.16 6.60524
54.15 6.60601
54.14 6.60679
54.13 6.60757
54.12 6.60835
54.11 6.60913
54.10 6.60990
54.09 6.61068
54.08 6.61146
54.07 6.61224
54.06 6.61302
54.05 6.61380
54.04 6.61458
54.03 6.61536
54.02 6.61614
54.01 6.61692
54.00 6.61771
53.99 6.61849
53.98 6.61927
53.97 6.62005
53.96 6.62083
53.95 6.62162
53.94 6.62240
53.93 6.62318
53.92 6.62397
53.91 6.62475
53.90 6.62553
53.89 6.62632
53.88 6.62710
53.87 6.62789
53.86 6.62867
53.85 6.62946
53.84 6.63024
53.83 6.63103
53.82 6.63181
53.81 6.63260
53.80 6.63339
53.79 6.63417
53.78 6.63496
53.77 6.63575
53.76 6.63654
53.75 6.63732
53.74 6.63811
53.73 6.63890
53.72 6.63969
53.71 6.64048
53.70 6.64127
53.69 6.64206
53.68 6.64285
53.67 6.64364
53.66 6.64443
53.65 6.64522
53.64 6.64601
53.63 6.64680
53.62 6.64759
53.61 6.64838
53.60 6.64917
53.59 6.64996
53.58 6.65076
53.57 6.65155
53.56 6.65234
53.55 6.65313
53.54 6.65393
53.53 6.65472
53.52 6.65552
53.51 6.65631
53.50 6.65710
53.49 6.65790
53.48 6.65869
53.47 6.65949
53.46 6.66028
53.45 6.66108
53.44 6.66187
53.43 6.66267
53.42 6.66347
53.41 6.66426
53.40 6.66506
53.39 6.66586
53.38 6.66666
53.37 6.66745
53.36 6.66825
53.35 6.66905
53.34 6.66985
53.33 6.67065
53.32 6.67145
53.31 6.67224
53.30 6.67304
53.29 6.67384
53.28 6.67464
53.27 6.67544
53.26 6.67624
53.25 6.67704
53.24 6.67785
53.23 6.67865
53.22 6.67945
53.21 6.68025
53.20 6.68105
53.170 6.69728
53.160 6.69808
53.150 6.69889
53.140 6.69969
53.130 6.70050
53.120 6.70130
53.110 6.70211
53.100 6.70291
53.090 6.70372
53.080 6.70452
53.070 6.70533
53.060 6.70614
53.050 6.70694
53.040 6.70775
53.030 6.70856
53.020 6.70936
53.010 6.71017
53.000 6.71098
52.990 6.71179
52.980 6.71260
52.970 6.71340
52.960 6.71421
52.950 6.71502
52.940 6.71583
52.930 6.71664
52.920 6.71745
52.910 6.71826
52.900 6.71907
52.890 6.71988
52.880 6.72070
52.870 6.72151
52.860 6.72232
52.850 6.72313
52.840 6.72394
52.830 6.72476
52.820 6.72557
52.810 6.72638
52.800 6.72719
52.790 6.72801
52.780 6.72882
52.770 6.72964
52.760 6.73045
52.750 6.73126
52.740 6.73208
52.730 6.73289
52.720 6.73371
52.710 6.73452
52.700 6.73534
52.690 6.73616
52.680 6.73697
52.670 6.73779
52.660 6.73861
52.650 6.73942
52.640 6.74024
52.630 6.74106
52.620 6.74188
52.610 6.74269
52.600 6.74351
52.590 6.74433
52.580 6.74515
52.570 6.74597
52.560 6.74679
52.550 6.74761
52.540 6.74843
52.530 6.74925
52.520 6.75007
52.510 6.75089
52.500 6.75279
52.490 6.75366
52.480 6.75453
52.470 6.75540
52.460 6.75628
52.450 6.75715
52.440 6.75802
52.430 6.75889
52.420 6.75976
52.410 6.76063
52.400 6.76150
52.390 6.76237
52.380 6.76324
52.370 6.76411
52.360 6.76498
52.350 6.76585
52.340 6.76671
52.330 6.76758
52.320 6.76845
52.310 6.76932
52.300 6.77019
52.290 6.77106
52.280 6.77193
52.270 6.77280
52.260 6.77366
52.250 6.77453
52.240 6.77540
52.230 6.77627
52.220 6.77714
52.210 6.77800
52.200 6.77887
52.190 6.77974
52.180 6.78061
52.170 6.78147
52.160 6.78234
52.150 6.78321
52.140 6.78407
52.130 6.78494
52.120 6.78581
52.110 6.78667
52.100 6.78754
52.090 6.78841
52.080 6.78927
52.070 6.79014
52.060 6.79100
52.050 6.79187
52.040 6.79273
52.030 6.79360
52.020 6.79447
52.010 6.79533
52.000 6.79620
51.990 6.79706
51.980 6.79793
51.970 6.79879
51.960 6.79965
51.950 6.80052
51.940 6.80138
51.930 6.80225
51.920 6.80311
51.910 6.80398
51.900 6.80484
51.890 6.80570
51.880 6.80657
51.870 6.80743
51.860 6.80829
51.850 6.80916
51.840 6.81002
51.830 6.81088
51.820 6.81175
51.810 6.81261
51.800 6.81347
51.790 6.81433
51.780 6.81520
51.770 6.81606
51.760 6.81692
51.750 6.81778
51.740 6.81864
51.730 6.81951
51.720 6.82037
51.710 6.82123
51.700 6.82209
51.690 6.82295
51.680 6.82381
51.670 6.82467
51.660 6.82554
51.650 6.82640
51.640 6.82726
51.630 6.82812
51.620 6.82898
51.610 6.82984
51.600 6.83070
51.590 6.83156
51.580 6.83242
51.570 6.83328
51.560 6.83414
51.550 6.83500
51.540 6.83586
51.530 6.83672
51.520 6.83758
51.510 6.83843
51.500 6.83929
51.490 6.84015
51.480 6.84101
51.470 6.84187
51.460 6.84273
51.450 6.84359
51.440 6.84444
51.430 6.84530
51.420 6.84616
51.410 6.84702
51.400 6.84788
51.390 6.84873
51.380 6.84959
51.370 6.85045
51.360 6.85131
51.350 6.85216
51.340 6.85302
51.330 6.85388
51.320 6.85473
51.310 6.85559
51.300 6.85645
