#1st harmonic bragg gap dummypitch dummyroll
Units mDeg mm mm mm
47000	17.076	
48000	16.557	
49000	16.190		 
50000	15.808	
51000	15.531	
52000	15.251	
53000	14.973	
54000	14.723	
55000   14.4719
55081.4 14.4561
55162.8 14.4404
55244.2 14.4247
55325.6 14.409
55407   14.3935
55488.4 14.3779
55569.8 14.3625
55651.3 14.3471
55732.7 14.3317
55814.1 14.3164
55895.5 14.3011
55976.9 14.2859
56058.3 14.2708
56139.7 14.2557
56221.1 14.2406
56302.5 14.2256
56383.9 14.2107
56465.3 14.1958
56546.7 14.181
56628.1 14.1662
56709.5 14.1515
56791   14.1368
56872.4 14.1222
56953.8 14.1076
57035.2 14.0931
57116.6 14.0787
57198   14.0643
57279.4 14.0499
57360.8 14.0356
57442.2 14.0214
57523.6 14.0072
57605   13.9931
57686.4 13.979
57767.8 13.965
57849.2 13.951
57930.7 13.9371
58012.1 13.9232
58093.5 13.9094
58174.9 13.8956
58256.3 13.8819
58337.7 13.8683
58419.1 13.8547
58500.5 13.8411
58581.9 13.8276
58663.3 13.8142
58744.7 13.8008
58826.1 13.7875
58907.5 13.7742
58988.9 13.761
59070.4 13.7478
59151.8 13.7347
59233.2 13.7216
59314.6 13.7086
59396   13.6957
59477.4 13.6828
59558.8 13.6699
59640.2 13.6571
59721.6 13.6444
59803   13.6317
59884.4 13.619
59965.8 13.6065
60047.2 13.5939
60128.6 13.5815
60210.1 13.569
60291.5 13.5567
60372.9 13.5443
60454.3 13.5321
60535.7 13.5199
60617.1 13.5077
60698.5 13.4956
60779.9 13.4836
60861.3 13.4716
60942.7 13.4596
61024.1 13.4477
61105.5 13.4359
61186.9 13.4241
61268.3 13.4124
61349.7 13.4007
61431.2 13.3891
61512.6 13.3775
61594   13.366
61675.4 13.3546
61756.8 13.3432
61838.2 13.3318
61919.6 13.3205
62001   13.3093
62082.4 13.2981
62163.8 13.2869
62245.2 13.2758
62326.6 13.2648
62408   13.2538
62489.4 13.2429
62570.9 13.232
62652.3 13.2212
62733.7 13.2105
62815.1 13.1997
62896.5 13.1891
62977.9 13.1785
63059.3 13.1679
63140.7 13.1574
63222.1 13.147
63303.5 13.1366
63384.9 13.1263
63466.3 13.116
63547.7 13.1057
63629.1 13.0956
63710.6 13.0854
63792   13.0754
63873.4 13.0654
63954.8 13.0554
64036.2 13.0455
64117.6 13.0356
64199   13.0258
64280.4 13.0161
64361.8 13.0064
64443.2 12.9967
64524.6 12.9872
64606   12.9776
64687.4 12.9681
64768.8 12.9587
64850.3 12.9493
64931.7 12.94
65013.1 12.9307
65094.5 12.9215
65175.9 12.9124
65257.3 12.9033
65338.7 12.8942
65420.1 12.8852
65501.5 12.8763
65582.9 12.8674
65664.3 12.8585
65745.7 12.8497
65827.1 12.841
65908.5 12.8323
65989.9 12.8237
66071.4 12.8151
66152.8 12.8066
66234.2 12.7982
66315.6 12.7897
66397   12.7814
66478.4 12.7731
66559.8 12.7648
66641.2 12.7566
66722.6 12.7485
66804   12.7404
66885.4 12.7324
66966.8 12.7244
67048.2 12.7164
67129.6 12.7086
67211.1 12.7007
67292.5 12.693
67373.9 12.6853
67455.3 12.6776
67536.7 12.67
67618.1 12.6624
67699.5 12.6549
67780.9 12.6475
67862.3 12.6401
67943.7 12.6327
68025.1 12.6254
68106.5 12.6182
68187.9 12.611
68269.3 12.6039
68350.8 12.5968
68432.2 12.5898
68513.6 12.5828
68595   12.5759
68676.4 12.5691
68757.8 12.5623
68839.2 12.5555
68920.6 12.5488
69002   12.5422
69083.4 12.5356
69164.8 12.529
69246.2 12.5225
69327.6 12.5161
69409   12.5097
69490.5 12.5034
69571.9 12.4971
69653.3 12.4909
69734.7 12.4847
69816.1 12.4786
69897.5 12.4726
69978.9 12.4666
70060.3 12.4606
70141.7 12.4547
70223.1 12.4489
70304.5 12.4431
70385.9 12.4373
70467.3 12.4316
70548.7 12.426
70630.2 12.4204
70711.6 12.4149
70793   12.4094
70874.4 12.404
70955.8 12.3987
71037.2 12.3934
71118.6 12.3881
71200   12.3829

