#1st harmonic bragg gap dummypitch dummyroll
Units mDeg mm mm mm
60000.00 6.20850
59000.00 6.25416
58990.00 6.25480
58980.00 6.25545
58970.00 6.25610
58960.00 6.25675
58950.00 6.25740
58940.00 6.25805
58930.00 6.25870
58920.00 6.25934
58910.00 6.25999
58900.00 6.26064
58890.00 6.26129
58880.00 6.26194
58870.00 6.26259
58860.00 6.26325
58850.00 6.26390
58840.00 6.26455
58830.00 6.26520
58820.00 6.26585
58810.00 6.26651
58800.00 6.26716
58790.00 6.26781
58780.00 6.26847
58770.00 6.26912
58760.00 6.26977
58750.00 6.27042
58740.00 6.27108
58730.00 6.27173
58720.00 6.27239
58710.00 6.27304
58700.00 6.27370
58690.00 6.27435
58680.00 6.27501
58670.00 6.27567
58660.00 6.27632
58650.00 6.27698
58640.00 6.27764
58630.00 6.27829
58620.00 6.27895
58610.00 6.27961
58600.00 6.28027
58590.00 6.28093
58580.00 6.28158
58570.00 6.28224
58560.00 6.28290
58550.00 6.28356
58540.00 6.28422
58530.00 6.28488
58520.00 6.28554
58510.00 6.28620
58500.00 6.29415
58490.00 6.29481
58480.00 6.29547
58470.00 6.29613
58460.00 6.29679
58450.00 6.29745
58440.00 6.29811
58430.00 6.29877
58420.00 6.29943
58410.00 6.30009
58400.00 6.30075
58390.00 6.30141
58380.00 6.30207
58370.00 6.30274
58360.00 6.30340
58350.00 6.30406
58340.00 6.30473
58330.00 6.30539
58320.00 6.30605
58310.00 6.30672
58300.00 6.30738
58290.00 6.30805
58280.00 6.30871
58270.00 6.30938
58260.00 6.31004
58250.00 6.31071
58240.00 6.31137
58230.00 6.31204
58220.00 6.31271
58210.00 6.31337
58200.00 6.31404
58190.00 6.31471
58180.00 6.31538
58170.00 6.31604
58160.00 6.31671
58150.00 6.31738
58140.00 6.31805
58130.00 6.31872
58120.00 6.31939
58110.00 6.32006
58100.00 6.32073
58090.00 6.32140
58080.00 6.32207
58070.00 6.32274
58060.00 6.32341
58050.00 6.32408
58040.00 6.32475
58030.00 6.32543
58020.00 6.32610
58010.00 6.32677
58000.00 6.32744
57990.00 6.32812
57980.00 6.32879
57970.00 6.32946
57960.00 6.33014
57950.00 6.33081
57940.00 6.33149
57930.00 6.33216
57920.00 6.33284
57910.00 6.33351
57900.00 6.33419
57890.00 6.33486
57880.00 6.33554
57870.00 6.33621
57860.00 6.33689
57850.00 6.33757
57840.00 6.33825
57830.00 6.33892
57820.00 6.33960
57810.00 6.34028
57800.00 6.34096
57790.00 6.34164
57780.00 6.34232
57770.00 6.34299
57760.00 6.34367
57750.00 6.34435
57740.00 6.34503
57730.00 6.34571
57720.00 6.34640
57710.00 6.34708
57700.00 6.34776
57690.00 6.34844
57680.00 6.34912
57670.00 6.34980
57660.00 6.35048
57650.00 6.35117
57640.00 6.35185
57630.00 6.35253
57620.00 6.35322
57610.00 6.35390
57600.00 6.35458
57590.00 6.35527
57580.00 6.35595
57570.00 6.35664
57560.00 6.35732
57550.00 6.35801
57540.00 6.35870
57530.00 6.35938
57520.00 6.36007
57510.00 6.36075
57500.00 6.36144
57490.00 6.36213
57480.00 6.36282
57470.00 6.36350
57460.00 6.36419
57450.00 6.36488
57440.00 6.36557
57430.00 6.36626
57420.00 6.36695
57410.00 6.36763
57400.00 6.36832
57390.00 6.36901
57380.00 6.36971
57370.00 6.37040
57360.00 6.37109
57350.00 6.37178
57340.00 6.37247
57330.00 6.37316
57320.00 6.37385
57310.00 6.37455
57300.00 6.37524
57290.00 6.37593
57280.00 6.37662
57270.00 6.37732
57260.00 6.37801
57250.00 6.37870
57240.00 6.37940
57230.00 6.38009
57220.00 6.38079
57210.00 6.38148
57200.00 6.38218
57190.00 6.38287
57180.00 6.38357
57170.00 6.38427
57160.00 6.38496
57150.00 6.38566
57140.00 6.38635
57130.00 6.38705
57120.00 6.38775
57110.00 6.38845
57100.00 6.38915
57090.00 6.38984
57080.00 6.39054
57070.00 6.39124
57060.00 6.39194
57050.00 6.39264
57040.00 6.39334
57030.00 6.39404
57020.00 6.39474
57010.00 6.39544
57000.00 6.39614
56990.00 6.39684
56980.00 6.39754
56970.00 6.39825
56960.00 6.39895
56950.00 6.39965
56940.00 6.40035
56930.00 6.40106
56920.00 6.40176
56910.00 6.40246
56900.00 6.40317
56890.00 6.40387
56880.00 6.40458
56870.00 6.40528
56860.00 6.40598
56850.00 6.40669
56840.00 6.40739
56830.00 6.40810
56820.00 6.40881
56810.00 6.40951
56800.00 6.41022
56790.00 6.41093
56780.00 6.41163
56770.00 6.41234
56760.00 6.41305
56750.00 6.41376
56740.00 6.41446
56730.00 6.41517
56720.00 6.41588
56710.00 6.41659
56700.00 6.41730
56690.00 6.41801
56680.00 6.41872
56670.00 6.41943
56660.00 6.42014
56650.00 6.42085
56640.00 6.42156
56630.00 6.42227
56620.00 6.42299
56610.00 6.42370
56600.00 6.42441
56590.00 6.42512
56580.00 6.42583
56570.00 6.42655
56560.00 6.42726
56550.00 6.42797
56540.00 6.42869
56530.00 6.42940
56520.00 6.43012
56510.00 6.43083
56500.00 6.43155
56490.00 6.43226
56480.00 6.43298
56470.00 6.43369
56460.00 6.43441
56450.00 6.43513
56440.00 6.43584
56430.00 6.43656
56420.00 6.43728
56410.00 6.43799
56400.00 6.43871
56390.00 6.43943
56380.00 6.44015
56370.00 6.44087
56360.00 6.44159
56350.00 6.44231
56340.00 6.44303
56330.00 6.44374
56320.00 6.44446
56310.00 6.44518
56300.00 6.44591
56290.00 6.44663
56280.00 6.44735
56270.00 6.44807
56260.00 6.44879
56250.00 6.44951
56240.00 6.45024
56230.00 6.45096
56220.00 6.45168
56210.00 6.45240
56200.00 6.45313
56190.00 6.45385
56180.00 6.45458
56170.00 6.45530
56160.00 6.45602
56150.00 6.45675
56140.00 6.45747
56130.00 6.45820
56120.00 6.45893
56110.00 6.45965
56100.00 6.46038
56090.00 6.46110
56080.00 6.46183
56070.00 6.46256
56060.00 6.46329
56050.00 6.46401
56040.00 6.46474
56030.00 6.46547
56020.00 6.46620
56010.00 6.46693
56000.00 6.46766
55990.00 6.46838
55980.00 6.46911
55970.00 6.46984
55960.00 6.47057
55950.00 6.47130
55940.00 6.47204
55930.00 6.47277
55920.00 6.47350
55910.00 6.47423
55900.00 6.47496
55890.00 6.47569
55880.00 6.47643
55870.00 6.47716
55860.00 6.47789
55850.00 6.47862
55840.00 6.47936
55830.00 6.48009
55820.00 6.48083
55810.00 6.48156
55800.00 6.48230
55790.00 6.48303
55780.00 6.48376
55770.00 6.48450
55760.00 6.48524
55750.00 6.48597
55740.00 6.48671
55730.00 6.48745
55720.00 6.48818
55710.00 6.48892
55700.00 6.48966
55690.00 6.49040
55680.00 6.49113
55670.00 6.49187
55660.00 6.49261
55650.00 6.49335
55640.00 6.49409
55630.00 6.49483
55620.00 6.49557
55610.00 6.49631
55600.00 6.49705
55590.00 6.49779
55580.00 6.49853
55570.00 6.49927
55560.00 6.50001
55550.00 6.50075
55540.00 6.50150
55530.00 6.50224
55520.00 6.50298
55510.00 6.50372
55500.00 6.50447
55490.00 6.50521
55480.00 6.50595
55470.00 6.50670
55460.00 6.50744
55450.00 6.50819
55440.00 6.50893
55430.00 6.50968
55420.00 6.51042
55410.00 6.51117
55400.00 6.51191
55390.00 6.51266
55380.00 6.51341
55370.00 6.51415
55360.00 6.51490
55350.00 6.51565
55340.00 6.51640
55330.00 6.51714
55320.00 6.51789
55310.00 6.51864
55300.00 6.51939
55290.00 6.52014
55280.00 6.52089
55270.00 6.52164
55260.00 6.52239
55250.00 6.52314
55240.00 6.52389
55230.00 6.52464
55220.00 6.52539
55210.00 6.52614
55200.00 6.52689
55190.00 6.52764
55180.00 6.52839
55170.00 6.52915
55160.00 6.52990
55150.00 6.53065
55140.00 6.53141
55130.00 6.53216
55120.00 6.53291
55110.00 6.53367
55100.00 6.53442
55090.00 6.53518
55080.00 6.53593
55070.00 6.53669
55060.00 6.53744
55050.00 6.53820
55040.00 6.53895
55030.00 6.53971
55020.00 6.54047
55010.00 6.54122
55000.00 6.54198
54990.00 6.54274
54980.00 6.54350
54970.00 6.54425
54960.00 6.54501
54950.00 6.54577
54940.00 6.54653
54930.00 6.54729
54920.00 6.54805
54910.00 6.54881
54900.00 6.54957
54890.00 6.55033
54880.00 6.55109
54870.00 6.55185
54860.00 6.55261
54850.00 6.55337
54840.00 6.55413
54830.00 6.55490
54820.00 6.55566
54810.00 6.55642
54800.00 6.55718
54790.00 6.55795
54780.00 6.55871
54770.00 6.55947
54760.00 6.56024
54750.00 6.56100
54740.00 6.56177
54730.00 6.56253
54720.00 6.56330
54710.00 6.56406
54700.00 6.56483
54690.00 6.56559
54680.00 6.56636
54670.00 6.56713
54660.00 6.56789
54650.00 6.56866
54640.00 6.56943
54630.00 6.57020
54620.00 6.57096
54610.00 6.57173
54600.00 6.57250
54590.00 6.57327
54580.00 6.57404
54570.00 6.57481
54560.00 6.57558
54550.00 6.57635
54540.00 6.57712
54530.00 6.57789
54520.00 6.57866
54510.00 6.57943
54500.00 6.58020
54490.00 6.58097
54480.00 6.58174
54470.00 6.58251
54460.00 6.58329
54450.00 6.58406
54440.00 6.58483
54430.00 6.58561
54420.00 6.58638
54410.00 6.58715
54400.00 6.58793
54390.00 6.58870
54380.00 6.58948
54370.00 6.59025
54360.00 6.59103
54350.00 6.59180
54340.00 6.59258
54330.00 6.59335
54320.00 6.59413
54310.00 6.59491
54300.00 6.59568
54290.00 6.59646
54280.00 6.59724
54270.00 6.59801
54260.00 6.59879
54250.00 6.59957
54240.00 6.60035
54230.00 6.60113
54220.00 6.60191
54210.00 6.60269
54200.00 6.60347
54190.00 6.60425
54180.00 6.60503
54170.00 6.60581
54160.00 6.60659
54150.00 6.60737
54140.00 6.60815
54130.00 6.60893
54120.00 6.60972
54110.00 6.61050
54100.00 6.61128
54090.00 6.61206
54080.00 6.61285
54070.00 6.61363
54060.00 6.61441
54050.00 6.61520
54040.00 6.61598
54030.00 6.61677
54020.00 6.61755
54010.00 6.61834
54000.00 6.61912
53990.00 6.61991
53980.00 6.62069
53970.00 6.62148
53960.00 6.62226
53950.00 6.62305
53940.00 6.62384
53930.00 6.62463
53920.00 6.62541
53910.00 6.62620
53900.00 6.62699
53890.00 6.62778
53880.00 6.62857
53870.00 6.62936
53860.00 6.63014
53850.00 6.63093
53840.00 6.63173
53830.00 6.63251
53820.00 6.63330
53810.00 6.63410
53800.00 6.63489
53790.00 6.63568
53780.00 6.63647
53770.00 6.63726
53760.00 6.63805
53750.00 6.63885
53740.00 6.63964
53730.00 6.64043
53720.00 6.64122
53710.00 6.64202
53700.00 6.64281
53690.00 6.64361
53680.00 6.64440
53670.00 6.64519
53660.00 6.64599
53650.00 6.64678
53640.00 6.64758
53630.00 6.64838
53620.00 6.64917
53610.00 6.64997
53600.00 6.65076
53590.00 6.65156
53580.00 6.65236
53570.00 6.65316
53560.00 6.65395
53550.00 6.65475
53540.00 6.65555
53530.00 6.65635
53520.00 6.65715
53510.00 6.65795
53500.00 6.65875
53490.00 6.65955
53480.00 6.66035
53470.00 6.66115
53460.00 6.66195
53450.00 6.66275
53440.00 6.66355
53430.00 6.66435
53420.00 6.66515
53410.00 6.66595
53400.00 6.66675
53390.00 6.66756
53380.00 6.66836
53370.00 6.66916
53360.00 6.66997
53350.00 6.67077
53340.00 6.67157
53330.00 6.67238
53320.00 6.67318
53310.00 6.67399
53300.00 6.67479
53290.00 6.67560
53280.00 6.67640
53270.00 6.67721
53260.00 6.67802
53250.00 6.67882
53240.00 6.67963
53230.00 6.68044
53220.00 6.68124
53210.00 6.68205
53200.00 6.68286
53190.00 6.68367
53180.00 6.68447
53170.00 6.68528
53160.00 6.68609
53150.00 6.68690
53140.00 6.68771
53130.00 6.68852
53120.00 6.68933
53110.00 6.69014
53100.00 6.69095
53090.00 6.69176
53080.00 6.69257
53070.00 6.69339
53060.00 6.69420
53050.00 6.69501
53040.00 6.69582
53030.00 6.69663
53020.00 6.69745
53010.00 6.69826
53000.00 6.69907
52990.00 6.69989
52980.00 6.70070
52970.00 6.70152
52960.00 6.70233
52950.00 6.70315
52940.00 6.70396
52930.00 6.70478
52920.00 6.70559
52910.00 6.70641
52900.00 6.70722
52890.00 6.70804
52880.00 6.70886
52870.00 6.70967
52860.00 6.71049
52850.00 6.71131
52840.00 6.71213
52830.00 6.71295
52820.00 6.71376
52810.00 6.71458
52800.00 6.71540
52790.00 6.71622
52780.00 6.71704
52770.00 6.71786
52760.00 6.71868
52750.00 6.71950
52740.00 6.72032
52730.00 6.72114
52720.00 6.72196
52710.00 6.72279
52700.00 6.72361
52690.00 6.72443
52680.00 6.72525
52670.00 6.72608
52660.00 6.72690
52650.00 6.72772
52640.00 6.72855
52630.00 6.72937
52620.00 6.73019
52610.00 6.73102
52600.00 6.73184
52590.00 6.73267
52580.00 6.73349
52570.00 6.73432
52560.00 6.73514
52550.00 6.73597
52540.00 6.73680
52530.00 6.73762
52520.00 6.73845
52510.00 6.73928
52500.00 6.74011
52490.00 6.74093
52480.00 6.74176
52470.00 6.74259
52460.00 6.74342
52450.00 6.74425
52440.00 6.74508
52430.00 6.74591
52420.00 6.74674
52410.00 6.74757
52400.00 6.74840
52390.00 6.74923
52380.00 6.75006
52370.00 6.75089
52360.00 6.75172
52350.00 6.75255
52340.00 6.75338
52330.00 6.75422
52320.00 6.75505
52310.00 6.75588
52300.00 6.75672
52290.00 6.75755
52280.00 6.75838
52270.00 6.75922
52260.00 6.76005
52250.00 6.76089
52240.00 6.76172
52230.00 6.76255
52220.00 6.76339
52210.00 6.76423
52200.00 6.76506
