Units mDeg mm	
5732.00 6.273
5730.00 6.27640
5720.00 6.28713
5710.00 6.30090
5700.00 6.31748
5690.00 6.32855
5680.00 6.33961
5670.00 6.35063
5660.00 6.36163
5650.00 6.37260
5640.00 6.38355
5630.00 6.39446
5620.00 6.40536
5610.00 6.41622
5600.00 6.42706
5590.00 6.43787
5580.00 6.44866
5570.00 6.45941
5560.00 6.47015
5550.00 6.48085
5540.00 6.49153
5530.00 6.50218
5520.00 6.51281
5510.00 6.52340
5500.00 6.53397
5490.00 6.54278
5480.00 6.55347
5470.00 6.56414
5460.00 6.57478
