#3rd harmonic bragg gap
Units mDeg mm	
56100.00 5.00130
55491.00 5.03726
55481.00 5.03791
55471.00 5.03856
55461.00 5.03920
55451.00 5.03985
55441.00 5.04049
55431.00 5.04114
55421.00 5.04179
55411.00 5.04244
55401.00 5.04309
55391.00 5.04374
55381.00 5.04438
55371.00 5.04503
55361.00 5.04568
55351.00 5.04633
55341.00 5.04698
55331.00 5.04763
55321.00 5.04829
55311.00 5.04894
55301.00 5.04959
55291.00 5.05024
55281.00 5.05089
55271.00 5.05155
55261.00 5.05220
55251.00 5.05285
55241.00 5.05351
55231.00 5.05416
55221.00 5.05482
55211.00 5.05547
55201.00 5.05613
55191.00 5.05678
55181.00 5.05744
55171.00 5.05809
55161.00 5.05875
55151.00 5.05941
55141.00 5.06007
55131.00 5.06072
55121.00 5.06138
55111.00 5.06204
55101.00 5.06270
55091.00 5.06336
55081.00 5.06402
55071.00 5.06468
55061.00 5.06534
55051.00 5.06600
55041.00 5.06666
55031.00 5.06732
55021.00 5.06799
55011.00 5.06865
55001.00 5.06931
54991.00 5.06997
54981.00 5.07064
54971.00 5.07130
54961.00 5.07197
54951.00 5.07263
54941.00 5.07329
54931.00 5.07396
54921.00 5.07462
54911.00 5.07529
54901.00 5.07596
54891.00 5.07662
54881.00 5.07729
54871.00 5.07796
54861.00 5.07862
54851.00 5.07929
54841.00 5.07996
54831.00 5.08063
54821.00 5.08130
54811.00 5.08197
54801.00 5.08264
54791.00 5.08331
54781.00 5.08398
54771.00 5.08465
54761.00 5.08532
54751.00 5.08599
54741.00 5.08666
54731.00 5.08734
54721.00 5.08801
54711.00 5.08868
54701.00 5.08936
54691.00 5.09003
54681.00 5.09070
54671.00 5.09138
54661.00 5.09205
54651.00 5.09273
54641.00 5.09340
54631.00 5.09408
54621.00 5.09476
54611.00 5.09543
54601.00 5.09611
54591.00 5.09679
54581.00 5.09746
54571.00 5.09814
54561.00 5.09882
54551.00 5.09950
54541.00 5.10018
54531.00 5.10086
54521.00 5.10154
54511.00 5.10222
54501.00 5.10290
54491.00 5.10358
54481.00 5.10426
54471.00 5.10494
54461.00 5.10562
54451.00 5.10630
54441.00 5.10699
54431.00 5.10767
54421.00 5.10835
54411.00 5.10904
54401.00 5.10972
54391.00 5.11040
54381.00 5.11109
54371.00 5.11178
54361.00 5.11246
54351.00 5.11315
54341.00 5.11383
54331.00 5.11452
54321.00 5.11521
54311.00 5.11589
54301.00 5.11658
54291.00 5.11727
54281.00 5.11796
54271.00 5.11865
54261.00 5.11934
54251.00 5.12002
54241.00 5.12071
54231.00 5.12140
54221.00 5.12210
54211.00 5.12279
54201.00 5.12348
54191.00 5.12417
54181.00 5.12486
54171.00 5.12555
54161.00 5.12625
54151.00 5.12694
54141.00 5.12763
54131.00 5.12833
54121.00 5.12902
54111.00 5.12971
54101.00 5.13041
54091.00 5.13110
54081.00 5.13180
54071.00 5.13250
54061.00 5.13319
54051.00 5.13389
54041.00 5.13458
54031.00 5.13528
54021.00 5.13598
54011.00 5.13668
54001.00 5.13738
53991.00 5.13807
53981.00 5.13877
53971.00 5.13947
53961.00 5.14017
53951.00 5.14087
53941.00 5.14157
53931.00 5.14227
53921.00 5.14297
53911.00 5.14368
53901.00 5.14438
53891.00 5.14508
53881.00 5.14578
53871.00 5.14649
53861.00 5.14719
53851.00 5.14789
53841.00 5.14860
53831.00 5.14930
53821.00 5.15001
53811.00 5.15071
53801.00 5.15142
53791.00 5.15212
53781.00 5.15283
53771.00 5.15354
53761.00 5.15424
53751.00 5.15495
53741.00 5.15566
53731.00 5.15637
53721.00 5.15707
53711.00 5.15778
53701.00 5.15849
53691.00 5.15920
53681.00 5.15991
53671.00 5.16062
53661.00 5.16133
53651.00 5.16204
53641.00 5.16276
53631.00 5.16347
53621.00 5.16418
53611.00 5.16489
53601.00 5.16560
53591.00 5.16632
53581.00 5.16703
53571.00 5.16774
53561.00 5.16846
53551.00 5.16917
53541.00 5.16989
53531.00 5.17060
53521.00 5.17132
53511.00 5.17203
53501.00 5.17275
53491.00 5.17347
53481.00 5.17418
53471.00 5.17490
53461.00 5.17562
53451.00 5.17634
53441.00 5.17706
53431.00 5.17777
53421.00 5.17849
53411.00 5.17921
53401.00 5.17993
53391.00 5.18065
53381.00 5.18137
53371.00 5.18209
53361.00 5.18281
53351.00 5.18354
53341.00 5.18426
53331.00 5.18498
53321.00 5.18570
53311.00 5.18643
53301.00 5.18715
53291.00 5.18787
53281.00 5.18860
53271.00 5.18932
53261.00 5.19005
53251.00 5.19077
53241.00 5.19150
53231.00 5.19222
53221.00 5.19295
53211.00 5.19368
53201.00 5.19440
53191.00 5.19513
53181.00 5.19586
53171.00 5.19659
53161.00 5.19732
53151.00 5.19804
53141.00 5.19877
53131.00 5.19950
53121.00 5.20023
53111.00 5.20096
53101.00 5.20169
53091.00 5.20242
53081.00 5.20316
53071.00 5.20389
53061.00 5.20462
53051.00 5.20535
53041.00 5.20608
53031.00 5.20682
53021.00 5.20755
53011.00 5.20828
53001.00 5.20902
52991.00 5.20975
52981.00 5.21049
52971.00 5.21122
52961.00 5.21196
52951.00 5.21269
52941.00 5.21343
52931.00 5.21417
52921.00 5.21490
52911.00 5.21564
52901.00 5.21638
52891.00 5.21712
52881.00 5.21785
52871.00 5.21859
52861.00 5.21933
52851.00 5.22007
52841.00 5.22081
52831.00 5.22155
52821.00 5.22229
52811.00 5.22303
52801.00 5.22378
52791.00 5.22452
52781.00 5.22526
52771.00 5.22600
52761.00 5.22674
52751.00 5.22749
52741.00 5.22823
52731.00 5.22897
52721.00 5.22972
52711.00 5.23046
52701.00 5.23121
52691.00 5.23195
52681.00 5.23270
52671.00 5.23344
52661.00 5.23419
52651.00 5.23494
52641.00 5.23568
52631.00 5.23643
52621.00 5.23718
52611.00 5.23793
52601.00 5.23868
52591.00 5.23942
52581.00 5.24017
52571.00 5.24092
52561.00 5.24167
52551.00 5.24242
52541.00 5.24317
52531.00 5.24393
52521.00 5.24468
52511.00 5.24543
52501.00 5.24618
52491.00 5.24693
52481.00 5.24768
52471.00 5.24844
52461.00 5.24919
52451.00 5.24994
52441.00 5.25070
52431.00 5.25145
52421.00 5.25221
52411.00 5.25296
52401.00 5.25372
52391.00 5.25447
52381.00 5.25523
52371.00 5.25599
52361.00 5.25674
52351.00 5.25750
52341.00 5.25826
52331.00 5.25902
52321.00 5.25978
52311.00 5.26053
52301.00 5.26129
52291.00 5.26205
52281.00 5.26281
52271.00 5.26357
52261.00 5.26433
52251.00 5.26509
52241.00 5.26586
52231.00 5.26662
52221.00 5.26738
52211.00 5.26814
52201.00 5.26891
52191.00 5.26967
52181.00 5.27043
52171.00 5.27120
52161.00 5.27196
52151.00 5.27273
52141.00 5.27349
52131.00 5.27425
52121.00 5.27502
52111.00 5.27579
52101.00 5.27655
52091.00 5.27732
52081.00 5.27809
52071.00 5.27885
52061.00 5.27962
52051.00 5.28039
52041.00 5.28116
52031.00 5.28193
52021.00 5.28270
52011.00 5.28347
52001.00 5.28424
51991.00 5.28501
51981.00 5.28578
51971.00 5.28655
51961.00 5.28732
51951.00 5.28809
51941.00 5.28886
51931.00 5.28963
51921.00 5.29041
51911.00 5.29118
51901.00 5.29195
51891.00 5.29273
51881.00 5.29350
51871.00 5.29428
51861.00 5.29505
51851.00 5.29583
51841.00 5.29660
51831.00 5.29738
51821.00 5.29815
51811.00 5.29893
51801.00 5.29971
51791.00 5.30048
51781.00 5.30126
51771.00 5.30204
51761.00 5.30282
51751.00 5.30360
51741.00 5.30438
51731.00 5.30516
51721.00 5.30594
51711.00 5.30672
51701.00 5.30750
51691.00 5.30828
51681.00 5.30906
51671.00 5.30984
51661.00 5.31062
51651.00 5.31141
51641.00 5.31219
51631.00 5.31297
51621.00 5.31376
51611.00 5.31454
51601.00 5.31532
51591.00 5.31611
51581.00 5.31689
51571.00 5.31768
51561.00 5.31846
51551.00 5.31925
51541.00 5.32004
51531.00 5.32082
51521.00 5.32161
51511.00 5.32240
51501.00 5.32318
51491.00 5.32397
51481.00 5.32476
51471.00 5.32555
51461.00 5.32634
51451.00 5.32713
51441.00 5.32792
51431.00 5.32871
51421.00 5.32950
51411.00 5.33029
51401.00 5.33108
51391.00 5.33187
51381.00 5.33267
51371.00 5.33346
51361.00 5.33425
51351.00 5.33504
51341.00 5.33584
51331.00 5.33663
51321.00 5.33743
51311.00 5.33822
51301.00 5.33902
51291.00 5.33981
51281.00 5.34061
51271.00 5.34140
51261.00 5.34220
51251.00 5.34299
51241.00 5.34379
51231.00 5.34459
51221.00 5.34539
51211.00 5.34619
51201.00 5.34698
51191.00 5.34778
51181.00 5.34858
51171.00 5.34938
51161.00 5.35018
51151.00 5.35098
51141.00 5.35178
51131.00 5.35258
51121.00 5.35338
51111.00 5.35419
51101.00 5.35499
51091.00 5.35579
51081.00 5.35659
51071.00 5.35740
51061.00 5.35820
51051.00 5.35900
51041.00 5.35981
51031.00 5.36061
51021.00 5.36142
51011.00 5.36222
51001.00 5.36303
50991.00 5.36384
50981.00 5.36464
50971.00 5.36545
50961.00 5.36625
50951.00 5.36706
50941.00 5.36787
50931.00 5.36868
50921.00 5.36949
50911.00 5.37029
50901.00 5.37111
50891.00 5.37191
50881.00 5.37272
50871.00 5.37354
50861.00 5.37434
50851.00 5.37516
50841.00 5.37597
50831.00 5.37678
50821.00 5.37759
50811.00 5.37840
50801.00 5.37922
50791.00 5.38003
50781.00 5.38084
50771.00 5.38166
50761.00 5.38247
50751.00 5.38329
50741.00 5.38410
50731.00 5.38492
50721.00 5.38573
50711.00 5.38655
50701.00 5.38736
50691.00 5.38818
50681.00 5.38900
50671.00 5.38982
50661.00 5.39063
50651.00 5.39145
50641.00 5.39227
50631.00 5.39309
50621.00 5.39391
50611.00 5.39473
50601.00 5.39555
50591.00 5.39637
50581.00 5.39719
50571.00 5.39801
50561.00 5.39883
50551.00 5.39965
50541.00 5.40047
50531.00 5.40130
50521.00 5.40212
50511.00 5.40294
50501.00 5.40377
50491.00 5.40459
50481.00 5.40541
50471.00 5.40624
50461.00 5.40706
50451.00 5.40789
50441.00 5.40872
50431.00 5.40954
50421.00 5.41037
50411.00 5.41119
50401.00 5.41202
50391.00 5.41285
50381.00 5.41368
50371.00 5.41451
50361.00 5.41533
50351.00 5.41616
50341.00 5.41699
50331.00 5.41782
50321.00 5.41865
50311.00 5.41948
50301.00 5.42031
50291.00 5.42114
50281.00 5.42197
50271.00 5.42281
50261.00 5.42364
50251.00 5.42447
50241.00 5.42530
50231.00 5.42614
50221.00 5.42697
50211.00 5.42780
50201.00 5.42864
50191.00 5.42947
50181.00 5.43031
50171.00 5.43114
50161.00 5.43198
50151.00 5.43282
50141.00 5.43365
50131.00 5.43449
50121.00 5.43533
50111.00 5.43616
50101.00 5.43700
50091.00 5.43784
50081.00 5.43868
50071.00 5.43952
50061.00 5.44036
50051.00 5.44119
50041.00 5.44204
50031.00 5.44287
50021.00 5.44372
50011.00 5.44456
50001.00 5.44540
49991.00 5.44624
49981.00 5.44708
49971.00 5.44793
49961.00 5.44877
49951.00 5.44961
49941.00 5.45045
49931.00 5.45130
49921.00 5.45214
49911.00 5.45299
49901.00 5.45383
49891.00 5.45468
49881.00 5.45552
49871.00 5.45637
49861.00 5.45722
49851.00 5.45806
49841.00 5.45891
49831.00 5.45976
49821.00 5.46060
49811.00 5.46145
49801.00 5.46230
49791.00 5.46315
49781.00 5.46400
49771.00 5.46485
49761.00 5.46570
49751.00 5.46655
49741.00 5.46740
49731.00 5.46825
49721.00 5.46910
49711.00 5.46996
49701.00 5.47081
49691.00 5.47166
49681.00 5.47251
49671.00 5.47337
49661.00 5.47422
49651.00 5.47507
49641.00 5.47593
49631.00 5.47678
49621.00 5.47764
49611.00 5.47849
49601.00 5.47935
49591.00 5.48020
49581.00 5.48106
49571.00 5.48192
49561.00 5.48277
49551.00 5.48363
49541.00 5.48449
49531.00 5.48535
49521.00 5.48621
49511.00 5.48707
49501.00 5.48792
49491.00 5.48878
49481.00 5.48964
49471.00 5.49051
49461.00 5.49137
49451.00 5.49223
49441.00 5.49309
49431.00 5.49395
49421.00 5.49481
49411.00 5.49567
49401.00 5.49654
49391.00 5.49740
49381.00 5.49826
49371.00 5.49913
49361.00 5.49999
49351.00 5.50086
49341.00 5.50172
49331.00 5.50259
49321.00 5.50345
49311.00 5.50432
49301.00 5.50519
49291.00 5.50605
49281.00 5.50692
49271.00 5.50779
49261.00 5.50865
49251.00 5.50952
49241.00 5.51039
49231.00 5.51126
49221.00 5.51213
49211.00 5.51300
49201.00 5.51387
49191.00 5.51474
49181.00 5.51561
49171.00 5.51648
49161.00 5.51735
49151.00 5.51822
49141.00 5.51910
49131.00 5.51997
49121.00 5.52084
49111.00 5.52172
49101.00 5.52259
49091.00 5.52346
49081.00 5.52434
49071.00 5.52521
49061.00 5.52609
49051.00 5.52696
49041.00 5.52784
49031.00 5.52871
49021.00 5.52959
49011.00 5.53047
49001.00 5.53134
48991.00 5.53222
48981.00 5.53310
48971.00 5.53398
48961.00 5.53486
48951.00 5.53574
48941.00 5.53662
48931.00 5.53749
48921.00 5.53837
48911.00 5.53926
48901.00 5.54014
48891.00 5.54102
48881.00 5.54190
48871.00 5.54278
48861.00 5.54366
48851.00 5.54455
48841.00 5.54543
48831.00 5.54631
48821.00 5.54719
48811.00 5.54808
48801.00 5.54896
48791.00 5.54985
48781.00 5.55073
48771.00 5.55162
48761.00 5.55250
48751.00 5.55339
48741.00 5.55428
48731.00 5.55516
48721.00 5.55605
48711.00 5.55694
48701.00 5.55783
48691.00 5.55871
48681.00 5.55960
48671.00 5.56049
48661.00 5.56138
48651.00 5.56227
48641.00 5.56316
48631.00 5.56405
48621.00 5.56494
48611.00 5.56583
48601.00 5.56672
48591.00 5.56762
48581.00 5.56851
48571.00 5.56940
48561.00 5.57029
48551.00 5.57119
48541.00 5.57208
48531.00 5.57297
48521.00 5.57387
48511.00 5.57476
48501.00 5.57566
48491.00 5.57655
48481.00 5.57745
48471.00 5.57835
48461.00 5.57924
48451.00 5.58014
48441.00 5.58104
48431.00 5.58193
48421.00 5.58283
48411.00 5.58373
48401.00 5.58463
48391.00 5.58553
48381.00 5.58643
48371.00 5.58733
48361.00 5.58823
48351.00 5.58913
48341.00 5.59003
48331.00 5.59093
48321.00 5.59183
48311.00 5.59273
48301.00 5.59363
48291.00 5.59454
48281.00 5.59544
48271.00 5.59634
48261.00 5.59725
48251.00 5.59815
48241.00 5.59906
48231.00 5.59996
48221.00 5.60087
48211.00 5.60177
48201.00 5.60268
48191.00 5.60358
48181.00 5.60449
48171.00 5.60540
48161.00 5.60630
48151.00 5.60721
48141.00 5.60812
48131.00 5.60903
48121.00 5.60993
48111.00 5.61084
48101.00 5.61175
48091.00 5.61266
48081.00 5.61357
48071.00 5.61448
48061.00 5.61539
48051.00 5.61631
48041.00 5.61722
48031.00 5.61813
48021.00 5.61904
48011.00 5.61995
48001.00 5.62087
47991.00 5.62178
47981.00 5.62269
47971.00 5.62361
47961.00 5.62452
47951.00 5.62544
47941.00 5.62635
47931.00 5.62727
47921.00 5.62818
47911.00 5.62910
47901.00 5.63002
47891.00 5.63093
47881.00 5.63185
47871.00 5.63277
47861.00 5.63369
47851.00 5.63460
47841.00 5.63552
47831.00 5.63644
47821.00 5.63736
47811.00 5.63828
47801.00 5.63920
47791.00 5.64012
47781.00 5.64104
47771.00 5.64196
47761.00 5.64288
47751.00 5.64381
47741.00 5.64473
47731.00 5.64565
47721.00 5.64657
47711.00 5.64750
47701.00 5.64842
47691.00 5.64935
47681.00 5.65027
47671.00 5.65119
47661.00 5.65212
47651.00 5.65304
47641.00 5.65397
47631.00 5.65490
47621.00 5.65582
47611.00 5.65675
47601.00 5.65768
47591.00 5.65860
47581.00 5.65953
47571.00 5.66046
47561.00 5.66139
47551.00 5.66232
47541.00 5.66325
47531.00 5.66418
47521.00 5.66511
47511.00 5.66604
47501.00 5.66697
47491.00 5.66790
47481.00 5.66883
47471.00 5.66976
47461.00 5.67070
47451.00 5.67163
47441.00 5.67256
47431.00 5.67350
47421.00 5.67443
47411.00 5.67536
47401.00 5.67630
47391.00 5.67723
47381.00 5.67817
47371.00 5.67910
47361.00 5.68004
47351.00 5.68097
47341.00 5.68191
47331.00 5.68285
47321.00 5.68378
47311.00 5.68472
47301.00 5.68566
47291.00 5.68660
47281.00 5.68754
47271.00 5.68848
47261.00 5.68941
47251.00 5.69035
47241.00 5.69130
47231.00 5.69224
47221.00 5.69318
47211.00 5.69412
47201.00 5.69506
47191.00 5.69600
47181.00 5.69694
47171.00 5.69789
47161.00 5.69883
47151.00 5.69977
47141.00 5.70072
47131.00 5.70166
47121.00 5.70260
47111.00 5.70355
47101.00 5.70449
47091.00 5.70544
47081.00 5.70639
47071.00 5.70733
47061.00 5.70828
47051.00 5.70922
47041.00 5.71017
47031.00 5.71112
47021.00 5.71207
47011.00 5.71302
47001.00 5.71397
46991.00 5.71491
46981.00 5.71586
46971.00 5.71681
46961.00 5.71776
46951.00 5.71871
46941.00 5.71966
46931.00 5.72062
46921.00 5.72157
46911.00 5.72252
46901.00 5.72347
46891.00 5.72442
46881.00 5.72538
46871.00 5.72633
46861.00 5.72728
46851.00 5.72824
46841.00 5.72919
46831.00 5.73015
46821.00 5.73110
46811.00 5.73206
46801.00 5.73301
46791.00 5.73397
46781.00 5.73493
46771.00 5.73588
46761.00 5.73684
46751.00 5.73780
46741.00 5.73876
46731.00 5.73971
46721.00 5.74067
46711.00 5.74163
46701.00 5.74259
46691.00 5.74355
46681.00 5.74451
46671.00 5.74547
46661.00 5.74643
46651.00 5.74739
46641.00 5.74836
46631.00 5.74932
46621.00 5.75028
46611.00 5.75124
46601.00 5.75221
46591.00 5.75317
46581.00 5.75413
46571.00 5.75510
46561.00 5.75606
46551.00 5.75703
46541.00 5.75799
46531.00 5.75896
46521.00 5.75992
46511.00 5.76089
46501.00 5.76186
46491.00 5.76282
46481.00 5.76379
46471.00 5.76476
46461.00 5.76573
46451.00 5.76669
46441.00 5.76766
46431.00 5.76863
46421.00 5.76960
46411.00 5.77057
46401.00 5.77154
46391.00 5.77251
46381.00 5.77348
46371.00 5.77445
46361.00 5.77542
46351.00 5.77640
46341.00 5.77737
46331.00 5.77834
46321.00 5.77931
46311.00 5.78029
46301.00 5.78126
46291.00 5.78224
46281.00 5.78321
46271.00 5.78419
46261.00 5.78516
46251.00 5.78614
46241.00 5.78711
46231.00 5.78809
46221.00 5.78906
46211.00 5.79004
46201.00 5.79102
46191.00 5.79200
46181.00 5.79297
46171.00 5.79395
46161.00 5.79493
46151.00 5.79591
46141.00 5.79689
46131.00 5.79787
46121.00 5.79885
46111.00 5.79983
46101.00 5.80081
46091.00 5.80179
46081.00 5.80277
46071.00 5.80376
46061.00 5.80474
46051.00 5.80572
46041.00 5.80670
46031.00 5.80769
46021.00 5.80867
46011.00 5.80966
46001.00 5.81064
45991.00 5.81162
45981.00 5.81261
45971.00 5.81359
45961.00 5.81458
45951.00 5.81557
45941.00 5.81655
45931.00 5.81754
45921.00 5.81853
45911.00 5.81952
45901.00 5.82050
45891.00 5.82149
45881.00 5.82248
45871.00 5.82347
45861.00 5.82446
45851.00 5.82545
45841.00 5.82644
45831.00 5.82743
45821.00 5.82842
45811.00 5.82941
45801.00 5.83040
45791.00 5.83140
45781.00 5.83239
45771.00 5.83338
45761.00 5.83437
45751.00 5.83537
45741.00 5.83636
45731.00 5.83735
45721.00 5.83835
45711.00 5.83934
45701.00 5.84034
45691.00 5.84133
45681.00 5.84233
45671.00 5.84333
45661.00 5.84432
45651.00 5.84532
45641.00 5.84632
45631.00 5.84732
45621.00 5.84831
45611.00 5.84931
45601.00 5.85031
45591.00 5.85131
45581.00 5.85231
45571.00 5.85331
45561.00 5.85431
45551.00 5.85531
45541.00 5.85631
45531.00 5.85731
45521.00 5.85831
45511.00 5.85932
45501.00 5.86032
45491.00 5.86132
45481.00 5.86232
45471.00 5.86333
45461.00 5.86433
45451.00 5.86534
45441.00 5.86634
45431.00 5.86734
45421.00 5.86835
45411.00 5.86936
45401.00 5.87036
45391.00 5.87137
45381.00 5.87237
45371.00 5.87338
45361.00 5.87439
45351.00 5.87540
45341.00 5.87640
45331.00 5.87741
45321.00 5.87842
45311.00 5.87943
45301.00 5.88044
45291.00 5.88145
45281.00 5.88246
45271.00 5.88347
45261.00 5.88448
45251.00 5.88549
45241.00 5.88650
45231.00 5.88752
45221.00 5.88853
45211.00 5.88954
45201.00 5.89055
45191.00 5.89157
45181.00 5.89258
45171.00 5.89359
45161.00 5.89461
45151.00 5.89563
45141.00 5.89664
45131.00 5.89766
45121.00 5.89867
45111.00 5.89969
45101.00 5.90070
45091.00 5.90172
45081.00 5.90274
45071.00 5.90376
45061.00 5.90477
45051.00 5.90579
45041.00 5.90681
45031.00 5.90783
45021.00 5.90885
45011.00 5.90987
45001.00 5.91089
44991.00 5.91191
44981.00 5.91293
44971.00 5.91395
44961.00 5.91497
44951.00 5.91600
44941.00 5.91702
44931.00 5.91804
44921.00 5.91906
44911.00 5.92009
44901.00 5.92111
44891.00 5.92214
44881.00 5.92316
44871.00 5.92418
44861.00 5.92521
44851.00 5.92624
44841.00 5.92726
44831.00 5.92829
44821.00 5.92932
44811.00 5.93034
44801.00 5.93137
44791.00 5.93240
44781.00 5.93342
44771.00 5.93445
44761.00 5.93548
44751.00 5.93651
44741.00 5.93754
44731.00 5.93857
44721.00 5.93960
44711.00 5.94063
44701.00 5.94166
37387.00 6.86056
36387.00 7.00884
35387.00 7.16612
34387.00 7.33240
33387.00 7.50769
32387.00 7.69197
31390.00 7.86725
31290.00 7.88664
31190.00 7.90620
31090.00 7.92593
30990.00 7.94583
30890.00 7.96590
30790.00 7.98614
30690.00 8.00655
30590.00 8.02713
30490.00 8.04788
30390.00 8.06881
30290.00 8.08990
30190.00 8.11116
30090.00 8.13259
29990.00 8.15419
29890.00 8.17596
29790.00 8.19791
29690.00 8.22002
29590.00 8.24230
29490.00 8.26475
29390.00 8.28737
29290.00 8.31017
29190.00 8.33313
29090.00 8.35626
28990.00 8.37957
28890.00 8.40304
28790.00 8.42668
28690.00 8.45049
28590.00 8.47448
28490.00 8.49863
28390.00 8.52295
28290.00 8.54745
28190.00 8.57211
28090.00 8.59695
27990.00 8.62195
27890.00 8.64712
27790.00 8.67247
27690.00 8.69798
27590.00 8.72367
27490.00 8.74952
27390.00 8.77555
27290.00 8.80174
27190.00 8.82810
27090.00 8.85464
26990.00 8.88134
26890.00 8.90822
26790.00 8.93526
26690.00 8.96248
26590.00 8.98986
26490.00 9.01742
26390.00 9.04515
26290.00 9.07304
26190.00 9.10111
26090.00 9.12934
25990.00 9.15775
25890.00 9.18633
25790.00 9.21507
25690.00 9.24399
25590.00 9.27307
25490.00 9.30233
25390.00 9.33176
25290.00 9.36135
25190.00 9.39112
25090.00 9.42106
24990.00 9.45116
24890.00 9.48144
