#1st harmonic bragg gap dummypitch dummyroll
Units mDeg mm mm mm
60000.00 6.20850
59000.00 6.26610
58990.00 6.26673
58980.00 6.26735
58970.00 6.26798
58960.00 6.26860
58950.00 6.26923
58940.00 6.26985
58930.00 6.27048
58920.00 6.27111
58910.00 6.27174
58900.00 6.27236
58890.00 6.27299
58880.00 6.27362
58870.00 6.27425
58860.00 6.27488
58850.00 6.27551
58840.00 6.27614
58830.00 6.27676
58820.00 6.27740
58810.00 6.27803
58800.00 6.27866
58790.00 6.27929
58780.00 6.27992
58770.00 6.28055
58760.00 6.28118
58750.00 6.28182
58740.00 6.28245
58730.00 6.28308
58720.00 6.28372
58710.00 6.28435
58700.00 6.28498
58690.00 6.28562
58680.00 6.28625
58670.00 6.28689
58660.00 6.28752
58650.00 6.28816
58640.00 6.28879
58630.00 6.28943
58620.00 6.29007
58610.00 6.29071
58600.00 6.29134
58590.00 6.29198
58580.00 6.29262
58570.00 6.29326
58560.00 6.29390
58550.00 6.29454
58540.00 6.29517
58530.00 6.29581
58520.00 6.29645
58510.00 6.29710
58500.00 6.29774
58490.00 6.29838
58480.00 6.29902
58470.00 6.29966
58460.00 6.30030
58450.00 6.30095
58440.00 6.30159
58430.00 6.30223
58420.00 6.30287
58410.00 6.30352
58400.00 6.30416
58390.00 6.30481
58380.00 6.30545
58370.00 6.30610
58360.00 6.30674
58350.00 6.30739
58340.00 6.30803
58330.00 6.30868
58320.00 6.30933
58310.00 6.30998
58300.00 6.31062
58290.00 6.31127
58280.00 6.31192
58270.00 6.31257
58260.00 6.31322
58250.00 6.31387
58240.00 6.31452
58230.00 6.31517
58220.00 6.31582
58210.00 6.31647
58200.00 6.31712
58190.00 6.31777
58180.00 6.31842
58170.00 6.31907
58160.00 6.31972
58150.00 6.32038
58140.00 6.32103
58130.00 6.32168
58120.00 6.32234
58110.00 6.32299
58100.00 6.32364
58090.00 6.32430
58080.00 6.32495
58070.00 6.32561
58060.00 6.32626
58050.00 6.32692
58040.00 6.32758
58030.00 6.32823
58020.00 6.32889
58010.00 6.32955
58000.00 6.33020
57990.00 6.33086
57980.00 6.33152
57970.00 6.33218
57960.00 6.33284
57950.00 6.33350
57940.00 6.33416
57930.00 6.33482
57920.00 6.33548
57910.00 6.33614
57900.00 6.33680
57890.00 6.33746
57880.00 6.33812
57870.00 6.33878
57860.00 6.33944
57850.00 6.34011
57840.00 6.34077
57830.00 6.34143
57820.00 6.34210
57810.00 6.34276
57800.00 6.34342
57790.00 6.34409
57780.00 6.34475
57770.00 6.34542
57760.00 6.34609
57750.00 6.34675
57740.00 6.34742
57730.00 6.34808
57720.00 6.34875
57710.00 6.34942
57700.00 6.35009
57690.00 6.35075
57680.00 6.35142
57670.00 6.35209
57660.00 6.35276
57650.00 6.35343
57640.00 6.35410
57630.00 6.35477
57620.00 6.35544
57610.00 6.35611
57600.00 6.35678
57590.00 6.35745
57580.00 6.35812
57570.00 6.35879
57560.00 6.35947
57550.00 6.36014
57540.00 6.36081
57530.00 6.36149
57520.00 6.36216
57510.00 6.36283
57500.00 6.36351
57490.00 6.36418
57480.00 6.36486
57470.00 6.36553
57460.00 6.36621
57450.00 6.36688
57440.00 6.36756
57430.00 6.36824
57420.00 6.36891
57410.00 6.36959
57400.00 6.37027
57390.00 6.37095
57380.00 6.37162
57370.00 6.37230
57360.00 6.37298
57350.00 6.37366
57340.00 6.37434
57330.00 6.37502
57320.00 6.37570
57310.00 6.37638
57300.00 6.37706
57290.00 6.37774
57280.00 6.37843
57270.00 6.37911
57260.00 6.37979
57250.00 6.38047
57240.00 6.38116
57230.00 6.38184
57220.00 6.38252
57210.00 6.38321
57200.00 6.38389
57190.00 6.38457
57180.00 6.38526
57170.00 6.38595
57160.00 6.38663
57150.00 6.38732
57140.00 6.38800
57130.00 6.38869
57120.00 6.38938
57110.00 6.39006
57100.00 6.39075
57090.00 6.39144
57080.00 6.39213
57070.00 6.39282
57060.00 6.39351
57050.00 6.39419
57040.00 6.39488
57030.00 6.39557
57020.00 6.39626
57010.00 6.39695
57000.00 6.39764
56990.00 6.39834
56980.00 6.39903
56970.00 6.39972
56960.00 6.40041
56950.00 6.40111
56940.00 6.40180
56930.00 6.40249
56920.00 6.40319
56910.00 6.40388
56900.00 6.40457
56890.00 6.40527
56880.00 6.40596
56870.00 6.40666
56860.00 6.40735
56850.00 6.40805
56840.00 6.40875
56830.00 6.40944
56820.00 6.41014
56810.00 6.41084
56800.00 6.41154
56790.00 6.41223
56780.00 6.41293
56770.00 6.41363
56760.00 6.41433
56750.00 6.41503
56740.00 6.41573
56730.00 6.41643
56720.00 6.41713
56710.00 6.41783
56700.00 6.41853
56690.00 6.41923
56680.00 6.41993
56670.00 6.42064
56660.00 6.42134
56650.00 6.42204
56640.00 6.42274
56630.00 6.42345
56620.00 6.42415
56610.00 6.42485
56600.00 6.42556
56590.00 6.42626
56580.00 6.42697
56570.00 6.42767
56560.00 6.42838
56550.00 6.42908
56540.00 6.42979
56530.00 6.43050
56520.00 6.43120
56510.00 6.43191
56500.00 6.43262
56490.00 6.43333
56480.00 6.43404
56470.00 6.43474
56460.00 6.43545
56450.00 6.43616
56440.00 6.43687
56430.00 6.43758
56420.00 6.43829
56410.00 6.43900
56400.00 6.43972
56390.00 6.44043
56380.00 6.44114
56370.00 6.44185
56360.00 6.44256
56350.00 6.44328
56340.00 6.44399
56330.00 6.44470
56320.00 6.44541
56310.00 6.44613
56300.00 6.44684
56290.00 6.44756
56280.00 6.44827
56270.00 6.44899
56260.00 6.44970
56250.00 6.45042
56240.00 6.45114
56230.00 6.45185
56220.00 6.45257
56210.00 6.45329
56200.00 6.45401
56190.00 6.45472
56180.00 6.45544
56170.00 6.45616
56160.00 6.45688
56150.00 6.45760
56140.00 6.45832
56130.00 6.45904
56120.00 6.45976
56110.00 6.46048
56100.00 6.46120
56090.00 6.46192
56080.00 6.46264
56070.00 6.46337
56060.00 6.46409
56050.00 6.46481
56040.00 6.46553
56030.00 6.46626
56020.00 6.46698
56010.00 6.46770
56000.00 6.46843
55990.00 6.46915
55980.00 6.46988
55970.00 6.47060
55960.00 6.47133
55950.00 6.47206
55940.00 6.47278
55930.00 6.47351
55920.00 6.47424
55910.00 6.47496
55900.00 6.47569
55890.00 6.47642
55880.00 6.47715
55870.00 6.47788
55860.00 6.47861
55850.00 6.47934
55840.00 6.48007
55830.00 6.48080
55820.00 6.48153
55810.00 6.48226
55800.00 6.48299
55790.00 6.48372
55780.00 6.48445
55770.00 6.48518
55760.00 6.48592
55750.00 6.48665
55740.00 6.48738
55730.00 6.48811
55720.00 6.48885
55710.00 6.48958
55700.00 6.49032
55690.00 6.49105
55680.00 6.49179
55670.00 6.49252
55660.00 6.49326
55650.00 6.49399
55640.00 6.49473
55630.00 6.49547
55620.00 6.49620
55610.00 6.49694
55600.00 6.49768
55590.00 6.49842
55580.00 6.49916
55570.00 6.49989
55560.00 6.50063
55550.00 6.50137
55540.00 6.50211
55530.00 6.50285
55520.00 6.50359
55510.00 6.50433
55500.00 6.50507
55490.00 6.50582
55480.00 6.50656
55470.00 6.50730
55460.00 6.50804
55450.00 6.50878
55440.00 6.50953
55430.00 6.51027
55420.00 6.51102
55410.00 6.51176
55400.00 6.51250
55390.00 6.51325
55380.00 6.51399
55370.00 6.51474
55360.00 6.51548
55350.00 6.51623
55340.00 6.51698
55330.00 6.51772
55320.00 6.51847
55310.00 6.51922
55300.00 6.51997
55290.00 6.52071
55280.00 6.52146
55270.00 6.52221
55260.00 6.52296
55250.00 6.52371
55240.00 6.52446
55230.00 6.52521
55220.00 6.52596
55210.00 6.52671
55200.00 6.52746
55190.00 6.52821
55180.00 6.52897
55170.00 6.52972
55160.00 6.53047
55150.00 6.53122
55140.00 6.53198
55130.00 6.53273
55120.00 6.53348
55110.00 6.53424
55100.00 6.53499
55090.00 6.53575
55080.00 6.53650
55070.00 6.53726
55060.00 6.53801
55050.00 6.53877
55040.00 6.53953
55030.00 6.54028
55020.00 6.54104
55010.00 6.54180
55000.00 6.54255
54990.00 6.54331
54980.00 6.54407
54970.00 6.54483
54960.00 6.54559
54950.00 6.54635
54940.00 6.54711
54930.00 6.54787
54920.00 6.54863
54910.00 6.54939
54900.00 6.55015
54890.00 6.55091
54880.00 6.55167
54870.00 6.55244
54860.00 6.55320
54850.00 6.55396
54840.00 6.55472
54830.00 6.55549
54820.00 6.55625
54810.00 6.55702
54800.00 6.55778
54790.00 6.55855
54780.00 6.55931
54770.00 6.56008
54760.00 6.56084
54750.00 6.56161
54740.00 6.56238
54730.00 6.56314
54720.00 6.56391
54710.00 6.56468
54700.00 6.56544
54690.00 6.56621
54680.00 6.56698
54670.00 6.56775
54660.00 6.56852
54650.00 6.56929
54640.00 6.57006
54630.00 6.57083
54620.00 6.57160
54610.00 6.57237
54600.00 6.57314
54590.00 6.57391
54580.00 6.57469
54570.00 6.57546
54560.00 6.57623
54550.00 6.57700
54540.00 6.57778
54530.00 6.57855
54520.00 6.57932
54510.00 6.58010
54500.00 6.58087
54490.00 6.58165
54480.00 6.58242
54470.00 6.58320
54460.00 6.58397
54450.00 6.58475
54440.00 6.58553
54430.00 6.58630
54420.00 6.58708
54410.00 6.58786
54400.00 6.58864
54390.00 6.58941
54380.00 6.59019
54370.00 6.59097
54360.00 6.59175
54350.00 6.59253
54340.00 6.59331
54330.00 6.59409
54320.00 6.59487
54310.00 6.59565
54300.00 6.59643
54290.00 6.59721
54280.00 6.59799
54270.00 6.59878
54260.00 6.59956
54250.00 6.60034
54240.00 6.60112
54230.00 6.60191
54220.00 6.60269
54210.00 6.60348
54200.00 6.60426
54190.00 6.60505
54180.00 6.60583
54170.00 6.60662
54160.00 6.60740
54150.00 6.60819
54140.00 6.60898
54130.00 6.60976
54120.00 6.61055
54110.00 6.61134
54100.00 6.61213
54090.00 6.61291
54080.00 6.61370
54070.00 6.61449
54060.00 6.61528
54050.00 6.61607
54040.00 6.61686
54030.00 6.61765
54020.00 6.61844
54010.00 6.61923
54000.00 6.62002
53990.00 6.62081
53980.00 6.62161
53970.00 6.62240
53960.00 6.62319
53950.00 6.62398
53940.00 6.62478
53930.00 6.62557
53920.00 6.62636
53910.00 6.62716
53900.00 6.62795
53890.00 6.62875
53880.00 6.62954
53870.00 6.63034
53860.00 6.63113
53850.00 6.63193
53840.00 6.63273
53830.00 6.63352
53820.00 6.63432
53810.00 6.63512
53800.00 6.63592
53790.00 6.63672
53780.00 6.63752
53770.00 6.63831
53760.00 6.63911
53750.00 6.63991
53740.00 6.64071
53730.00 6.64151
53720.00 6.64231
53710.00 6.64311
53700.00 6.64391
53690.00 6.64472
53680.00 6.64552
53670.00 6.64632
53660.00 6.64712
53650.00 6.64793
53640.00 6.64873
53630.00 6.64953
53620.00 6.65034
53610.00 6.65114
53600.00 6.65195
53590.00 6.65275
53580.00 6.65356
53570.00 6.65436
53560.00 6.65517
53550.00 6.65597
53540.00 6.65678
53530.00 6.65759
53520.00 6.65839
53510.00 6.65920
53500.00 6.66001
53490.00 6.66082
53480.00 6.66163
53470.00 6.66243
53460.00 6.66325
53450.00 6.66405
53440.00 6.66486
53430.00 6.66568
53420.00 6.66649
53410.00 6.66730
53400.00 6.66811
53390.00 6.66892
53380.00 6.66973
53370.00 6.67054
53360.00 6.67136
53350.00 6.67217
53340.00 6.67298
53330.00 6.67380
53320.00 6.67461
53310.00 6.67542
53300.00 6.67624
53290.00 6.67705
53280.00 6.67787
53270.00 6.67868
53260.00 6.67950
53250.00 6.68032
53240.00 6.68113
53230.00 6.68195
53220.00 6.68277
53210.00 6.68359
53200.00 6.68440
53190.00 6.68522
53180.00 6.68604
53170.00 6.68686
53160.00 6.68768
53150.00 6.68850
53140.00 6.68932
53130.00 6.69014
53120.00 6.69096
53110.00 6.69178
53100.00 6.69260
53090.00 6.69342
53080.00 6.69424
53070.00 6.69507
53060.00 6.69589
53050.00 6.69671
53040.00 6.69754
53030.00 6.69836
53020.00 6.69918
53010.00 6.70001
53000.00 6.70083
52990.00 6.70166
52980.00 6.70248
52970.00 6.70331
52960.00 6.70413
52950.00 6.70496
52940.00 6.70579
52930.00 6.70661
52920.00 6.70744
52910.00 6.70827
52900.00 6.70910
52890.00 6.70993
52880.00 6.71075
52870.00 6.71158
52860.00 6.71241
52850.00 6.71324
52840.00 6.71407
52830.00 6.71490
52820.00 6.71573
52810.00 6.71656
52800.00 6.71739
52790.00 6.71823
52780.00 6.71906
52770.00 6.71989
52760.00 6.72072
52750.00 6.72156
52740.00 6.72239
52730.00 6.72322
52720.00 6.72406
52710.00 6.72489
52700.00 6.72573
52690.00 6.72656
52680.00 6.72740
52670.00 6.72823
52660.00 6.72907
52650.00 6.72991
52640.00 6.73074
52630.00 6.73158
52620.00 6.73242
52610.00 6.73325
52600.00 6.73409
52590.00 6.73493
52580.00 6.73577
52570.00 6.73661
52560.00 6.73745
52550.00 6.73829
52540.00 6.73913
52530.00 6.73997
52520.00 6.74081
52510.00 6.74165
52500.00 6.74249
52491.00 6.74297
52481.00 6.74381
52471.00 6.74464
52461.00 6.74548
52451.00 6.74632
52441.00 6.74716
52431.00 6.74799
52421.00 6.74883
52411.00 6.74967
52401.00 6.75051
52391.00 6.75135
52381.00 6.75218
52371.00 6.75302
52361.00 6.75387
52351.00 6.75470
52341.00 6.75554
52331.00 6.75638
52321.00 6.75723
52311.00 6.75807
52301.00 6.75891
52291.00 6.75975
52281.00 6.76059
52271.00 6.76144
52261.00 6.76228
52251.00 6.76312
52241.00 6.76396
52231.00 6.76481
52221.00 6.76565
52211.00 6.76650
52201.00 6.76734
