#1st harmonic bragg gap dummypitch dummyroll
Units mDeg mm mm mm
60000.00 6.20850
59000.00 6.25416
58990.00 6.25480
58980.00 6.25545
58970.00 6.25610
58960.00 6.25675
58950.00 6.25740
58940.00 6.25805
58930.00 6.25870
58920.00 6.25934
58910.00 6.25999
58900.00 6.26064
58890.00 6.26129
58880.00 6.26194
58870.00 6.26259
58860.00 6.26325
58850.00 6.26390
58840.00 6.26455
58830.00 6.26520
58820.00 6.26585
58810.00 6.26651
58800.00 6.26716
58790.00 6.26781
58780.00 6.26847
58770.00 6.26912
58760.00 6.26977
58750.00 6.27042
58740.00 6.27108
58730.00 6.27173
58720.00 6.27239
58710.00 6.27304
58700.00 6.27370
58690.00 6.27435
58680.00 6.27501
58670.00 6.27567
58660.00 6.27632
58650.00 6.27698
58640.00 6.27764
58630.00 6.27829
58620.00 6.27895
58610.00 6.27961
58600.00 6.28027
58590.00 6.28093
58580.00 6.28158
58570.00 6.28224
58560.00 6.28290
58550.00 6.28356
58540.00 6.28422
58530.00 6.28488
58520.00 6.28554
58510.00 6.28620
58500.00 6.28686
58490.00 6.28752
58480.00 6.28818
58470.00 6.28885
58460.00 6.28951
58450.00 6.29017
58440.00 6.29083
58430.00 6.29149
58420.00 6.29215
58410.00 6.29282
58400.00 6.29348
58390.00 6.29414
58380.00 6.29481
58370.00 6.29547
58360.00 6.29614
58350.00 6.29680
58340.00 6.29747
58330.00 6.29813
58320.00 6.29880
58310.00 6.29946
58300.00 6.30013
58290.00 6.30079
58280.00 6.30146
58270.00 6.30213
58260.00 6.30280
58250.00 6.30346
58240.00 6.30413
58230.00 6.30480
58220.00 6.30547
58210.00 6.30613
58200.00 6.30680
58190.00 6.30747
58180.00 6.30814
58170.00 6.30881
58160.00 6.30948
58150.00 6.31015
58140.00 6.31082
58130.00 6.31149
58120.00 6.31216
58110.00 6.31283
58100.00 6.31350
58090.00 6.31417
58080.00 6.31485
58070.00 6.31552
58060.00 6.31619
58050.00 6.31686
58040.00 6.31754
58030.00 6.31821
58020.00 6.31888
58010.00 6.31956
58000.00 6.32023
57990.00 6.32090
57980.00 6.32158
57970.00 6.32225
57960.00 6.32293
57950.00 6.32360
57940.00 6.32428
57930.00 6.32495
57920.00 6.32563
57910.00 6.32631
57900.00 6.32698
57890.00 6.32766
57880.00 6.32834
57870.00 6.32901
57860.00 6.32969
57850.00 6.33037
57840.00 6.33105
57830.00 6.33173
57820.00 6.33241
57810.00 6.33308
57800.00 6.33376
57790.00 6.33444
57780.00 6.33512
57770.00 6.33580
57760.00 6.33648
57750.00 6.33716
57740.00 6.33784
57730.00 6.33852
57720.00 6.33921
57710.00 6.33989
57700.00 6.34057
57690.00 6.34125
57680.00 6.34193
57670.00 6.34262
57660.00 6.34330
57650.00 6.34398
57640.00 6.34467
57630.00 6.34535
57620.00 6.34603
57610.00 6.34672
57600.00 6.34740
57590.00 6.34809
57580.00 6.34877
57570.00 6.34946
57560.00 6.35014
57550.00 6.35083
57540.00 6.35151
57530.00 6.35220
57520.00 6.35289
57510.00 6.35358
57500.00 6.35426
57490.00 6.35495
57480.00 6.35564
57470.00 6.35633
57460.00 6.35701
57450.00 6.35770
57440.00 6.35839
57430.00 6.35908
57420.00 6.35977
57410.00 6.36046
57400.00 6.36115
57390.00 6.36184
57380.00 6.36253
57370.00 6.36322
57360.00 6.36391
57350.00 6.36460
57340.00 6.36529
57330.00 6.36598
57320.00 6.36668
57310.00 6.36737
57300.00 6.36806
57290.00 6.36875
57280.00 6.36945
57270.00 6.37014
57260.00 6.37083
57250.00 6.37153
57240.00 6.37222
57230.00 6.37292
57220.00 6.37361
57210.00 6.37431
57200.00 6.37500
57190.00 6.37570
57180.00 6.37639
57170.00 6.37709
57160.00 6.37778
57150.00 6.37848
57140.00 6.37918
57130.00 6.37988
57120.00 6.38057
57110.00 6.38127
57100.00 6.38197
57090.00 6.38267
57080.00 6.38336
57070.00 6.38406
57060.00 6.38476
57050.00 6.38546
57040.00 6.38616
57030.00 6.38686
57020.00 6.38756
57010.00 6.38826
57000.00 6.38896
56990.00 6.38966
56980.00 6.39036
56970.00 6.39106
56960.00 6.39176
56950.00 6.39247
56940.00 6.39317
56930.00 6.39387
56920.00 6.39457
56910.00 6.39528
56900.00 6.39598
56890.00 6.39668
56880.00 6.39739
56870.00 6.39809
56860.00 6.39879
56850.00 6.39950
56840.00 6.40020
56830.00 6.40091
56820.00 6.40161
56810.00 6.40232
56800.00 6.40303
56790.00 6.40373
56780.00 6.40444
56770.00 6.40514
56760.00 6.40585
56750.00 6.40656
56740.00 6.40726
56730.00 6.40797
56720.00 6.40868
56710.00 6.40939
56700.00 6.41010
56690.00 6.41081
56680.00 6.41152
56670.00 6.41222
56660.00 6.41293
56650.00 6.41364
56640.00 6.41435
56630.00 6.41506
56620.00 6.41578
56610.00 6.41649
56600.00 6.41720
56590.00 6.41791
56580.00 6.41862
56570.00 6.41933
56560.00 6.42004
56550.00 6.42076
56540.00 6.42147
56530.00 6.42218
56520.00 6.42289
56510.00 6.42361
56500.00 6.42432
56490.00 6.42504
56480.00 6.42575
56470.00 6.42647
56460.00 6.42718
56450.00 6.42789
56440.00 6.42861
56430.00 6.42933
56420.00 6.43004
56410.00 6.43076
56400.00 6.43147
56390.00 6.43219
56380.00 6.43291
56370.00 6.43363
56360.00 6.43434
56350.00 6.43506
56340.00 6.43578
56330.00 6.43650
56320.00 6.43721
56310.00 6.43793
56300.00 6.43865
56290.00 6.43937
56280.00 6.44009
56270.00 6.44081
56260.00 6.44153
56250.00 6.44225
56240.00 6.44297
56230.00 6.44369
56220.00 6.44441
56210.00 6.44514
56200.00 6.44586
56190.00 6.44658
56180.00 6.44730
56170.00 6.44802
56160.00 6.44875
56150.00 6.44947
56140.00 6.45019
56130.00 6.45092
56120.00 6.45164
56110.00 6.45236
56100.00 6.45309
56090.00 6.45381
56080.00 6.45454
56070.00 6.45527
56060.00 6.45599
56050.00 6.45672
56040.00 6.45744
56030.00 6.45817
56020.00 6.45889
56010.00 6.45962
56000.00 6.46035
55990.00 6.46107
55980.00 6.46180
55970.00 6.46253
55960.00 6.46326
55950.00 6.46399
55940.00 6.46472
55930.00 6.46544
55920.00 6.46618
55910.00 6.46690
55900.00 6.46763
55890.00 6.46836
55880.00 6.46909
55870.00 6.46982
55860.00 6.47055
55850.00 6.47129
55840.00 6.47202
55830.00 6.47275
55820.00 6.47348
55810.00 6.47421
55800.00 6.47495
55790.00 6.47568
55780.00 6.47641
55770.00 6.47714
55760.00 6.47788
55750.00 6.47861
55740.00 6.47934
55730.00 6.48008
55720.00 6.48081
55710.00 6.48155
55700.00 6.48228
55690.00 6.48302
55680.00 6.48375
55670.00 6.48449
55660.00 6.48523
55650.00 6.48596
55640.00 6.48670
55630.00 6.48744
55620.00 6.48817
55610.00 6.48891
55600.00 6.48965
55590.00 6.49039
55580.00 6.49112
55570.00 6.49186
55560.00 6.49260
55550.00 6.49334
55540.00 6.49408
55530.00 6.49482
55520.00 6.49556
55510.00 6.49630
55500.00 6.49704
55490.00 6.49778
55480.00 6.49852
55470.00 6.49926
55460.00 6.50000
55450.00 6.50074
55440.00 6.50149
55430.00 6.50223
55420.00 6.50297
55410.00 6.50371
55400.00 6.50446
55390.00 6.50520
55380.00 6.50594
55370.00 6.50669
55360.00 6.50743
55350.00 6.50818
55340.00 6.50892
55330.00 6.50966
55320.00 6.51041
55310.00 6.51116
55300.00 6.51190
55290.00 6.51265
55280.00 6.51339
55270.00 6.51414
55260.00 6.51489
55250.00 6.51563
55240.00 6.51638
55230.00 6.51713
55220.00 6.51788
55210.00 6.51862
55200.00 6.51937
55190.00 6.52012
55180.00 6.52087
55170.00 6.52162
55160.00 6.52237
55150.00 6.52312
55140.00 6.52387
55130.00 6.52462
55120.00 6.52537
55110.00 6.52612
55100.00 6.52687
55090.00 6.52762
55080.00 6.52837
55070.00 6.52912
55060.00 6.52988
55050.00 6.53063
55040.00 6.53138
55030.00 6.53213
55020.00 6.53289
55010.00 6.53364
55000.00 6.53439
54990.00 6.53515
54980.00 6.53590
54970.00 6.53666
54960.00 6.53741
54950.00 6.53817
54940.00 6.53892
54930.00 6.53968
54920.00 6.54043
54910.00 6.54119
54900.00 6.54194
54890.00 6.54270
54880.00 6.54346
54870.00 6.54421
54860.00 6.54497
54850.00 6.54573
54840.00 6.54649
54830.00 6.54725
54820.00 6.54800
54810.00 6.54876
54800.00 6.54952
54790.00 6.55028
54780.00 6.55104
54770.00 6.55180
54760.00 6.55256
54750.00 6.55332
54740.00 6.55408
54730.00 6.55484
54720.00 6.55560
54710.00 6.55636
54700.00 6.55713
54690.00 6.55789
54680.00 6.55865
54670.00 6.55941
54660.00 6.56017
54650.00 6.56094
54640.00 6.56170
54630.00 6.56246
54620.00 6.56323
54610.00 6.56399
54600.00 6.56476
54590.00 6.56552
54580.00 6.56629
54570.00 6.56705
54560.00 6.56782
54550.00 6.56858
54540.00 6.56935
54530.00 6.57011
54520.00 6.57088
54510.00 6.57165
54500.00 6.57241
54490.00 6.57318
54480.00 6.57395
54470.00 6.57472
54460.00 6.57548
54450.00 6.57625
54440.00 6.57702
54430.00 6.57779
54420.00 6.57856
54410.00 6.57933
54400.00 6.58010
54390.00 6.58087
54380.00 6.58164
54370.00 6.58241
54360.00 6.58318
54350.00 6.58395
54340.00 6.58472
54330.00 6.58549
54320.00 6.58626
54310.00 6.58703
54300.00 6.58781
54290.00 6.58858
54280.00 6.58935
54270.00 6.59013
54260.00 6.59090
54250.00 6.59167
54240.00 6.59245
54230.00 6.59322
54220.00 6.59399
54210.00 6.59477
54200.00 6.59554
54190.00 6.59632
54180.00 6.59709
54170.00 6.59787
54160.00 6.59865
54150.00 6.59942
54140.00 6.60020
54130.00 6.60098
54120.00 6.60175
54110.00 6.60253
54100.00 6.60331
54090.00 6.60408
54080.00 6.60486
54070.00 6.60564
54060.00 6.60642
54050.00 6.60720
54040.00 6.60798
54030.00 6.60876
54020.00 6.60954
54010.00 6.61032
54000.00 6.61110
53990.00 6.61188
53980.00 6.61266
53970.00 6.61344
53960.00 6.61422
53950.00 6.61500
53940.00 6.61578
53930.00 6.61657
53920.00 6.61735
53910.00 6.61813
53900.00 6.61891
53890.00 6.61970
53880.00 6.62048
53870.00 6.62126
53860.00 6.62205
53850.00 6.62283
53840.00 6.62362
53830.00 6.62440
53820.00 6.62519
53810.00 6.62597
53800.00 6.62676
53790.00 6.62754
53780.00 6.62833
53770.00 6.62911
53760.00 6.62990
53750.00 6.63069
53740.00 6.63147
53730.00 6.63226
53720.00 6.63305
53710.00 6.63384
53700.00 6.63463
53690.00 6.63541
53680.00 6.63620
53670.00 6.63699
53660.00 6.63778
53650.00 6.63857
53640.00 6.63936
53630.00 6.64015
53620.00 6.64094
53610.00 6.64173
53600.00 6.64252
53590.00 6.64331
53580.00 6.64410
53570.00 6.64490
53560.00 6.64569
53550.00 6.64648
53540.00 6.64727
53530.00 6.64806
53520.00 6.64886
53510.00 6.64965
53500.00 6.65044
53490.00 6.65124
53480.00 6.65203
53470.00 6.65283
53460.00 6.65362
53450.00 6.65442
53440.00 6.65521
53430.00 6.65601
53420.00 6.65680
53410.00 6.65760
53400.00 6.65839
53390.00 6.65919
53380.00 6.65999
53370.00 6.66078
53360.00 6.66158
53350.00 6.66238
53340.00 6.66318
53330.00 6.66397
53320.00 6.66477
53310.00 6.66557
53300.00 6.66637
53290.00 6.66717
53280.00 6.66797
53270.00 6.66877
53260.00 6.66957
53250.00 6.67037
53240.00 6.67117
53230.00 6.67197
53220.00 6.67277
53210.00 6.67357
53200.00 6.67437
53190.00 6.67517
53180.00 6.67598
53170.00 6.67678
53160.00 6.67758
53150.00 6.67838
53140.00 6.67919
53130.00 6.67999
53120.00 6.68079
53110.00 6.68160
53100.00 6.68240
53090.00 6.68321
53080.00 6.68401
53070.00 6.68482
53060.00 6.68562
53050.00 6.68643
53040.00 6.68723
53030.00 6.68804
53020.00 6.68884
53010.00 6.68965
53000.00 6.69046
52990.00 6.69126
52980.00 6.69207
52970.00 6.69288
52960.00 6.69369
52950.00 6.69449
52940.00 6.69530
52930.00 6.69611
52920.00 6.69692
52910.00 6.69773
52900.00 6.69854
52890.00 6.69935
52880.00 6.70016
52870.00 6.70097
52860.00 6.70178
52850.00 6.70259
52840.00 6.70340
52830.00 6.70421
52820.00 6.70502
52810.00 6.70584
52800.00 6.70665
52790.00 6.70746
52780.00 6.70827
52770.00 6.70909
52760.00 6.70990
52750.00 6.71071
52740.00 6.71153
52730.00 6.71234
52720.00 6.71315
52710.00 6.71397
52700.00 6.71478
52690.00 6.71560
52680.00 6.71641
52670.00 6.71723
52660.00 6.71804
52650.00 6.71886
52640.00 6.71968
52630.00 6.72049
52620.00 6.72131
52610.00 6.72213
52600.00 6.72295
52590.00 6.72376
52580.00 6.72458
52570.00 6.72540
52560.00 6.72622
52550.00 6.72704
52540.00 6.72785
52530.00 6.72867
52520.00 6.72949
52510.00 6.73031
52500.00 6.73113
52491.00 6.74297
52481.00 6.74381
52471.00 6.74464
52461.00 6.74548
52451.00 6.74632
52441.00 6.74716
52431.00 6.74799
52421.00 6.74883
52411.00 6.74967
52401.00 6.75051
52391.00 6.75135
52381.00 6.75218
52371.00 6.75302
52361.00 6.75387
52351.00 6.75470
52341.00 6.75554
52331.00 6.75638
52321.00 6.75723
52311.00 6.75807
52301.00 6.75891
52291.00 6.75975
52281.00 6.76059
52271.00 6.76144
52261.00 6.76228
52251.00 6.76312
52241.00 6.76396
52231.00 6.76481
52221.00 6.76565
52211.00 6.76650
52201.00 6.76734
