#3rd harmonic bragg gap
Units mDeg mm	
56100.00 5.00130
55500.00 5.04664
55490.00 5.04730
55480.00 5.04795
55470.00 5.04861
55460.00 5.04927
55450.00 5.04993
55440.00 5.05058
55430.00 5.05124
55420.00 5.05190
55410.00 5.05256
55400.00 5.05322
55390.00 5.05388
55380.00 5.05454
55370.00 5.05520
55360.00 5.05586
55350.00 5.05652
55340.00 5.05718
55330.00 5.05784
55320.00 5.05851
55310.00 5.05917
55300.00 5.05983
55290.00 5.06049
55280.00 5.06116
55270.00 5.06182
55260.00 5.06248
55250.00 5.06315
55240.00 5.06381
55230.00 5.06448
55220.00 5.06514
55210.00 5.06581
55200.00 5.06647
55190.00 5.06714
55180.00 5.06781
55170.00 5.06847
55160.00 5.06914
55150.00 5.06981
55140.00 5.07048
55130.00 5.07114
55120.00 5.07181
55110.00 5.07248
55100.00 5.07315
55090.00 5.07382
55080.00 5.07449
55070.00 5.07516
55060.00 5.07583
55050.00 5.07650
55040.00 5.07717
55030.00 5.07784
55020.00 5.07851
55010.00 5.07919
55000.00 5.07986
54990.00 5.08053
54980.00 5.08120
54970.00 5.08188
54960.00 5.08255
54950.00 5.08322
54940.00 5.08390
54930.00 5.08457
54920.00 5.08525
54910.00 5.08592
54900.00 5.08660
54890.00 5.08727
54880.00 5.08795
54870.00 5.08863
54860.00 5.08930
54850.00 5.08998
54840.00 5.09066
54830.00 5.09134
54820.00 5.09201
54810.00 5.09269
54800.00 5.09337
54790.00 5.09405
54780.00 5.09473
54770.00 5.09541
54760.00 5.09609
54750.00 5.09677
54740.00 5.09745
54730.00 5.09813
54720.00 5.09881
54710.00 5.09949
54700.00 5.10017
54690.00 5.10086
54680.00 5.10154
54670.00 5.10222
54660.00 5.10291
54650.00 5.10359
54640.00 5.10427
54630.00 5.10496
54620.00 5.10564
54610.00 5.10633
54600.00 5.10701
54590.00 5.10770
54580.00 5.10838
54570.00 5.10907
54560.00 5.10976
54550.00 5.11044
54540.00 5.11113
54530.00 5.11182
54520.00 5.11250
54510.00 5.11319
54500.00 5.11388
54490.00 5.11457
54480.00 5.11526
54470.00 5.11595
54460.00 5.11664
54450.00 5.11733
54440.00 5.11802
54430.00 5.11871
54420.00 5.11940
54410.00 5.12009
54400.00 5.12078
54390.00 5.12147
54380.00 5.12217
54370.00 5.12286
54360.00 5.12355
54350.00 5.12425
54340.00 5.12494
54330.00 5.12563
54320.00 5.12633
54310.00 5.12702
54300.00 5.12772
54290.00 5.12841
54280.00 5.12911
54270.00 5.12980
54260.00 5.13050
54250.00 5.13120
54240.00 5.13189
54230.00 5.13259
54220.00 5.13329
54210.00 5.13398
54200.00 5.13468
54190.00 5.13538
54180.00 5.13608
54170.00 5.13678
54160.00 5.13748
54150.00 5.13818
54140.00 5.13888
54130.00 5.13958
54120.00 5.14028
54110.00 5.14098
54100.00 5.14168
54090.00 5.14238
54080.00 5.14309
54070.00 5.14379
54060.00 5.14449
54050.00 5.14519
54040.00 5.14590
54030.00 5.14660
54020.00 5.14730
54010.00 5.14801
54000.00 5.14871
53990.00 5.14942
53980.00 5.15012
53970.00 5.15083
53960.00 5.15153
53950.00 5.15224
53940.00 5.15295
53930.00 5.15365
53920.00 5.15436
53910.00 5.15507
53900.00 5.15578
53890.00 5.15648
53880.00 5.15719
53870.00 5.15790
53860.00 5.15861
53850.00 5.15932
53840.00 5.16003
53830.00 5.16074
53820.00 5.16145
53810.00 5.16216
53800.00 5.16287
53790.00 5.16358
53780.00 5.16429
53770.00 5.16501
53760.00 5.16572
53750.00 5.16643
53740.00 5.16714
53730.00 5.16786
53720.00 5.16857
53710.00 5.16928
53700.00 5.17000
53690.00 5.17071
53680.00 5.17143
53670.00 5.17214
53660.00 5.17286
53650.00 5.17357
53640.00 5.17429
53630.00 5.17501
53620.00 5.17572
53610.00 5.17644
53600.00 5.17716
53590.00 5.17788
53580.00 5.17859
53570.00 5.17931
53560.00 5.18003
53550.00 5.18075
53540.00 5.18147
53530.00 5.18219
53520.00 5.18291
53510.00 5.18363
53500.00 5.18435
53490.00 5.18507
53480.00 5.18579
53470.00 5.18651
53460.00 5.18724
53450.00 5.18796
53440.00 5.18868
53430.00 5.18940
53420.00 5.19013
53410.00 5.19085
53400.00 5.19158
53390.00 5.19230
53380.00 5.19302
53370.00 5.19375
53360.00 5.19447
53350.00 5.19520
53340.00 5.19593
53330.00 5.19665
53320.00 5.19738
53310.00 5.19811
53300.00 5.19883
53290.00 5.19956
53280.00 5.20029
53270.00 5.20102
53260.00 5.20174
53250.00 5.20247
53240.00 5.20320
53230.00 5.20393
53220.00 5.20466
53210.00 5.20539
53200.00 5.20612
53190.00 5.20685
53180.00 5.20758
53170.00 5.20831
53160.00 5.20905
53150.00 5.20978
53140.00 5.21051
53130.00 5.21124
53120.00 5.21198
53110.00 5.21271
53100.00 5.21344
53090.00 5.21418
53080.00 5.21491
53070.00 5.21565
53060.00 5.21638
53050.00 5.21712
53040.00 5.21785
53030.00 5.21859
53020.00 5.21932
53010.00 5.22006
53000.00 5.22080
52990.00 5.22153
52980.00 5.22227
52970.00 5.22301
52960.00 5.22375
52950.00 5.22449
52940.00 5.22522
52930.00 5.22596
52920.00 5.22670
52910.00 5.22744
52900.00 5.22818
52890.00 5.22892
52880.00 5.22966
52870.00 5.23040
52860.00 5.23115
52850.00 5.23189
52840.00 5.23263
52830.00 5.23337
52820.00 5.23411
52810.00 5.23486
52800.00 5.23560
52790.00 5.23634
52780.00 5.23709
52770.00 5.23783
52760.00 5.23858
52750.00 5.23932
52740.00 5.24007
52730.00 5.24081
52720.00 5.24156
52710.00 5.24230
52700.00 5.24305
52690.00 5.24380
52680.00 5.24455
52670.00 5.24529
52660.00 5.24604
52650.00 5.24679
52640.00 5.24754
52630.00 5.24829
52620.00 5.24904
52610.00 5.24978
52600.00 5.25054
52590.00 5.25128
52580.00 5.25204
52570.00 5.25279
52560.00 5.25354
52550.00 5.25429
52540.00 5.25504
52530.00 5.25579
52520.00 5.25654
52510.00 5.25730
52500.00 5.25805
52490.00 5.25880
52480.00 5.25956
52470.00 5.26031
52460.00 5.26107
52450.00 5.26182
52440.00 5.26257
52430.00 5.26333
52420.00 5.26408
52410.00 5.26484
52400.00 5.26560
52390.00 5.26635
52380.00 5.26711
52370.00 5.26787
52360.00 5.26863
52350.00 5.26938
52340.00 5.27014
52330.00 5.27090
52320.00 5.27166
52310.00 5.27242
52300.00 5.27318
52290.00 5.27394
52280.00 5.27470
52270.00 5.27546
52260.00 5.27622
52250.00 5.27698
52240.00 5.27774
52230.00 5.27850
52220.00 5.27926
52210.00 5.28003
52200.00 5.28079
52190.00 5.28155
52180.00 5.28232
52170.00 5.28308
52160.00 5.28384
52150.00 5.28461
52140.00 5.28537
52130.00 5.28614
52120.00 5.28690
52110.00 5.28767
52100.00 5.28843
52090.00 5.28920
52080.00 5.28997
52070.00 5.29073
52060.00 5.29150
52050.00 5.29227
52040.00 5.29304
52030.00 5.29380
52020.00 5.29457
52010.00 5.29534
52000.00 5.29611
51990.00 5.29688
51980.00 5.29765
51970.00 5.29842
51960.00 5.29919
51950.00 5.29996
51940.00 5.30073
51930.00 5.30150
51920.00 5.30228
51910.00 5.30305
51900.00 5.30382
51890.00 5.30459
51880.00 5.30536
51870.00 5.30614
51860.00 5.30691
51850.00 5.30768
51840.00 5.30846
51830.00 5.30923
51820.00 5.31001
51810.00 5.31078
51800.00 5.31156
51790.00 5.31234
51780.00 5.31311
51770.00 5.31389
51760.00 5.31467
51750.00 5.31544
51740.00 5.31622
51730.00 5.31700
51720.00 5.31778
51710.00 5.31855
51700.00 5.31933
51690.00 5.32011
51680.00 5.32089
51670.00 5.32167
51660.00 5.32245
51650.00 5.32323
51640.00 5.32401
51630.00 5.32479
51620.00 5.32558
51610.00 5.32636
51600.00 5.32714
51590.00 5.32792
51580.00 5.32870
51570.00 5.32949
51560.00 5.33027
51550.00 5.33106
51540.00 5.33184
51530.00 5.33262
51520.00 5.33341
51510.00 5.33419
51500.00 5.33498
51490.00 5.33576
51480.00 5.33655
51470.00 5.33734
51460.00 5.33812
51450.00 5.33891
51440.00 5.33970
51430.00 5.34048
51420.00 5.34127
51410.00 5.34206
51400.00 5.34285
51390.00 5.34364
51380.00 5.34443
51370.00 5.34522
51360.00 5.34601
51350.00 5.34680
51340.00 5.34759
51330.00 5.34838
51320.00 5.34917
51310.00 5.34996
51300.00 5.35075
51290.00 5.35154
51280.00 5.35234
51270.00 5.35313
51260.00 5.35392
51250.00 5.35471
51240.00 5.35551
51230.00 5.35630
51220.00 5.35710
51210.00 5.35789
51200.00 5.35869
51190.00 5.35948
51180.00 5.36028
51170.00 5.36107
51160.00 5.36187
51150.00 5.36267
51140.00 5.36346
51130.00 5.36426
51120.00 5.36506
51110.00 5.36586
51100.00 5.36665
51090.00 5.36745
51080.00 5.36825
51070.00 5.36905
51060.00 5.36985
51050.00 5.37065
51040.00 5.37145
51030.00 5.37225
51020.00 5.37305
51010.00 5.37385
51000.00 5.37465
50990.00 5.37545
50980.00 5.37626
50970.00 5.37706
50960.00 5.37786
50950.00 5.37866
50940.00 5.37947
50930.00 5.38027
50920.00 5.38108
50910.00 5.38188
50900.00 5.38269
50890.00 5.38349
50880.00 5.38430
50870.00 5.38510
50860.00 5.38591
50850.00 5.38671
50840.00 5.38752
50830.00 5.38833
50820.00 5.38913
50810.00 5.38994
50800.00 5.39075
50790.00 5.39156
50780.00 5.39237
50770.00 5.39317
50760.00 5.39398
50750.00 5.39479
50740.00 5.39560
50730.00 5.39641
50720.00 5.39722
50710.00 5.39803
50700.00 5.39885
50690.00 5.39966
50680.00 5.40047
50670.00 5.40128
50660.00 5.40209
50650.00 5.40291
50640.00 5.40372
50630.00 5.40453
50620.00 5.40535
50610.00 5.40616
50600.00 5.40697
50590.00 5.40779
50580.00 5.40860
50570.00 5.40942
50560.00 5.41024
50550.00 5.41105
50540.00 5.41187
50530.00 5.41268
50520.00 5.41350
50510.00 5.41432
50500.00 5.41514
50490.00 5.41595
50480.00 5.41677
50470.00 5.41759
50460.00 5.41841
50450.00 5.41923
50440.00 5.42005
50430.00 5.42087
50420.00 5.42169
50410.00 5.42251
50400.00 5.42333
50390.00 5.42415
50380.00 5.42497
50370.00 5.42579
50360.00 5.42662
50350.00 5.42744
50340.00 5.42826
50330.00 5.42908
50320.00 5.42991
50310.00 5.43073
50300.00 5.43155
50290.00 5.43238
50280.00 5.43320
50270.00 5.43403
50260.00 5.43485
50250.00 5.43568
50240.00 5.43651
50230.00 5.43733
50220.00 5.43816
50210.00 5.43898
50200.00 5.43981
50190.00 5.44064
50180.00 5.44147
50170.00 5.44230
50160.00 5.44313
50150.00 5.44395
50140.00 5.44478
50130.00 5.44561
50120.00 5.44644
50110.00 5.44727
50100.00 5.44810
50090.00 5.44893
50080.00 5.44977
50070.00 5.45060
50060.00 5.45143
50050.00 5.45226
50040.00 5.45309
50030.00 5.45393
50020.00 5.45476
50010.00 5.45559
50000.00 5.45642
49990.00 5.45726
49980.00 5.45809
49970.00 5.45893
49960.00 5.45976
49950.00 5.46060
49940.00 5.46143
49930.00 5.46227
49920.00 5.46311
49910.00 5.46394
49900.00 5.46478
49890.00 5.46562
49880.00 5.46645
49870.00 5.46729
49860.00 5.46813
49850.00 5.46897
49840.00 5.46981
49830.00 5.47065
49820.00 5.47149
49810.00 5.47233
49800.00 5.47317
49790.00 5.47401
49780.00 5.47485
49770.00 5.47569
49760.00 5.47653
49750.00 5.47737
49740.00 5.47822
49730.00 5.47906
49720.00 5.47990
49710.00 5.48074
49700.00 5.48159
49690.00 5.48243
49680.00 5.48327
49670.00 5.48412
49660.00 5.48496
49650.00 5.48581
49640.00 5.48665
49630.00 5.48750
49620.00 5.48835
49610.00 5.48919
49600.00 5.49004
49590.00 5.49089
49580.00 5.49173
49570.00 5.49258
49560.00 5.49343
49550.00 5.49428
49540.00 5.49512
49530.00 5.49597
49520.00 5.49682
49510.00 5.49767
49500.00 5.49852
49490.00 5.49937
49480.00 5.50022
49470.00 5.50107
49460.00 5.50193
49450.00 5.50278
49440.00 5.50363
49430.00 5.50448
49420.00 5.50533
49410.00 5.50619
49400.00 5.50704
49390.00 5.50789
49380.00 5.50875
49370.00 5.50960
49360.00 5.51045
49350.00 5.51131
49340.00 5.51216
49330.00 5.51302
49320.00 5.51388
49310.00 5.51473
49300.00 5.51559
49290.00 5.51644
49280.00 5.51730
49270.00 5.51816
49260.00 5.51902
49250.00 5.51987
49240.00 5.52073
49230.00 5.52159
49220.00 5.52245
49210.00 5.52331
49200.00 5.52417
49190.00 5.52503
49180.00 5.52589
49170.00 5.52675
49160.00 5.52761
49150.00 5.52847
49140.00 5.52933
49130.00 5.53019
49120.00 5.53106
49110.00 5.53192
49100.00 5.53278
49090.00 5.53364
49080.00 5.53451
49070.00 5.53537
49060.00 5.53624
49050.00 5.53710
49040.00 5.53796
49030.00 5.53883
49020.00 5.53970
49010.00 5.54056
49000.00 5.54143
48990.00 5.54229
48980.00 5.54316
48970.00 5.54403
48960.00 5.54489
48950.00 5.54576
48940.00 5.54663
48930.00 5.54750
48920.00 5.54837
48910.00 5.54924
48900.00 5.55011
48890.00 5.55097
48880.00 5.55184
48870.00 5.55271
48860.00 5.55359
48850.00 5.55446
48840.00 5.55533
48830.00 5.55620
48820.00 5.55707
48810.00 5.55794
48800.00 5.55882
48790.00 5.55969
48780.00 5.56056
48770.00 5.56143
48760.00 5.56231
48750.00 5.56318
48740.00 5.56406
48730.00 5.56493
48720.00 5.56581
48710.00 5.56668
48700.00 5.56756
48690.00 5.56843
48680.00 5.56931
48670.00 5.57019
48660.00 5.57106
48650.00 5.57194
48640.00 5.57282
48630.00 5.57370
48620.00 5.57457
48610.00 5.57545
48600.00 5.57633
48590.00 5.57721
48580.00 5.57809
48570.00 5.57897
48560.00 5.57985
48550.00 5.58073
48540.00 5.58161
48530.00 5.58249
48520.00 5.58337
48510.00 5.58426
48500.00 5.58514
48490.00 5.58602
48480.00 5.58690
48470.00 5.58779
48460.00 5.58867
48450.00 5.58955
48440.00 5.59044
48430.00 5.59132
48420.00 5.59221
48410.00 5.59309
48400.00 5.59398
48390.00 5.59486
48380.00 5.59575
48370.00 5.59664
48360.00 5.59752
48350.00 5.59841
48340.00 5.59930
48330.00 5.60018
48320.00 5.60107
48310.00 5.60196
48300.00 5.60285
48290.00 5.60374
48280.00 5.60463
48270.00 5.60552
48260.00 5.60641
48250.00 5.60730
48240.00 5.60819
48230.00 5.60908
48220.00 5.60997
48210.00 5.61086
48200.00 5.61175
48190.00 5.61265
48180.00 5.61354
48170.00 5.61443
48160.00 5.61532
48150.00 5.61622
48140.00 5.61711
48130.00 5.61801
48120.00 5.61890
48110.00 5.61979
48100.00 5.62069
48090.00 5.62158
48080.00 5.62248
48070.00 5.62338
48060.00 5.62427
48050.00 5.62517
48040.00 5.62607
48030.00 5.62696
48020.00 5.62786
48010.00 5.62876
48000.00 5.62966
47990.00 5.63056
47980.00 5.63146
47970.00 5.63236
47960.00 5.63325
47950.00 5.63415
47940.00 5.63505
47930.00 5.63595
47920.00 5.63686
47910.00 5.63776
47900.00 5.63866
47890.00 5.63956
47880.00 5.64046
47870.00 5.64137
47860.00 5.64227
47850.00 5.64317
47840.00 5.64407
47830.00 5.64498
47820.00 5.64588
47810.00 5.64679
47800.00 5.64769
47790.00 5.64860
47780.00 5.64950
47770.00 5.65041
47760.00 5.65131
47750.00 5.65222
47740.00 5.65313
47730.00 5.65403
47720.00 5.65494
47710.00 5.65585
47700.00 5.65676
47690.00 5.65767
47680.00 5.65857
47670.00 5.65948
47660.00 5.66039
47650.00 5.66130
47640.00 5.66221
47630.00 5.66312
47620.00 5.66403
47610.00 5.66494
47600.00 5.66585
47590.00 5.66677
47580.00 5.66768
47570.00 5.66859
47560.00 5.66950
47550.00 5.67042
47540.00 5.67133
47530.00 5.67224
47520.00 5.67316
47510.00 5.67407
47500.00 5.67498
47490.00 5.67590
47480.00 5.67681
47470.00 5.67773
47460.00 5.67865
47450.00 5.67956
47440.00 5.68048
47430.00 5.68140
47420.00 5.68231
47410.00 5.68323
47400.00 5.68415
47390.00 5.68507
47380.00 5.68598
47370.00 5.68690
47360.00 5.68782
47350.00 5.68874
47340.00 5.68966
47330.00 5.69058
47320.00 5.69150
47310.00 5.69242
47300.00 5.69334
47290.00 5.69426
47280.00 5.69518
47270.00 5.69611
47260.00 5.69703
47250.00 5.69795
47240.00 5.69887
47230.00 5.69980
47220.00 5.70072
47210.00 5.70164
47200.00 5.70257
47190.00 5.70349
47180.00 5.70442
47170.00 5.70534
47160.00 5.70627
47150.00 5.70719
47140.00 5.70812
47130.00 5.70905
47120.00 5.70997
47110.00 5.71090
47100.00 5.71183
47090.00 5.71275
47080.00 5.71368
47070.00 5.71461
47060.00 5.71554
47050.00 5.71647
47040.00 5.71740
47030.00 5.71833
47020.00 5.71926
47010.00 5.72019
47000.00 5.72112
46990.00 5.72205
46980.00 5.72298
46970.00 5.72391
46960.00 5.72484
46950.00 5.72578
46940.00 5.72671
46930.00 5.72764
46920.00 5.72857
46910.00 5.72951
46900.00 5.73044
46890.00 5.73138
46880.00 5.73231
46870.00 5.73325
46860.00 5.73418
46850.00 5.73512
46840.00 5.73605
46830.00 5.73699
46820.00 5.73792
46810.00 5.73886
46800.00 5.73980
46790.00 5.74074
46780.00 5.74167
46770.00 5.74261
46760.00 5.74355
46750.00 5.74449
46740.00 5.74543
46730.00 5.74637
46720.00 5.74731
46710.00 5.74825
46700.00 5.74919
46690.00 5.75013
46680.00 5.75107
46670.00 5.75201
46660.00 5.75295
46650.00 5.75389
46640.00 5.75484
46630.00 5.75578
46620.00 5.75672
46610.00 5.75766
46600.00 5.75861
46590.00 5.75955
46580.00 5.76050
46570.00 5.76144
46560.00 5.76238
46550.00 5.76333
46540.00 5.76428
46530.00 5.76522
46520.00 5.76617
46510.00 5.76711
46500.00 5.76806
46430.00 5.76891
46420.00 5.76989
46410.00 5.77086
46400.00 5.77183
46390.00 5.77281
46380.00 5.77378
46370.00 5.77476
46360.00 5.77573
46350.00 5.77671
46340.00 5.77768
46330.00 5.77866
46320.00 5.77964
46310.00 5.78061
46300.00 5.78159
46290.00 5.78257
46280.00 5.78355
46270.00 5.78452
46260.00 5.78550
46250.00 5.78648
46240.00 5.78746
46230.00 5.78844
46220.00 5.78942
46210.00 5.79040
46200.00 5.79138
46190.00 5.79236
46180.00 5.79334
46170.00 5.79433
46160.00 5.79531
46150.00 5.79629
46140.00 5.79728
46130.00 5.79826
46120.00 5.79924
46110.00 5.80023
46100.00 5.80121
46090.00 5.80220
46080.00 5.80318
46070.00 5.80417
46060.00 5.80515
46050.00 5.80614
46040.00 5.80713
46030.00 5.80811
46020.00 5.80910
46010.00 5.81009
46000.00 5.81108
45990.00 5.81206
45980.00 5.81305
45970.00 5.81404
45960.00 5.81503
45950.00 5.81602
45940.00 5.81701
45930.00 5.81800
45920.00 5.81899
45910.00 5.81999
45900.00 5.82098
45890.00 5.82197
45880.00 5.82296
45870.00 5.82396
45860.00 5.82495
45850.00 5.82594
45840.00 5.82694
45830.00 5.82793
45820.00 5.82892
45810.00 5.82992
45800.00 5.83092
45790.00 5.83191
45780.00 5.83291
45770.00 5.83390
45760.00 5.83490
45750.00 5.83590
45740.00 5.83690
45730.00 5.83789
45720.00 5.83889
45710.00 5.83989
45700.00 5.84089
45690.00 5.84189
45680.00 5.84289
45670.00 5.84389
45660.00 5.84489
45650.00 5.84589
45640.00 5.84689
45630.00 5.84789
45620.00 5.84890
45610.00 5.84990
45600.00 5.85090
45590.00 5.85190
45580.00 5.85291
45570.00 5.85391
45560.00 5.85491
45550.00 5.85592
45540.00 5.85692
45530.00 5.85793
45520.00 5.85894
45510.00 5.85994
45500.00 5.86095
45490.00 5.86195
45480.00 5.86296
45470.00 5.86397
45460.00 5.86498
45450.00 5.86598
45440.00 5.86699
45430.00 5.86800
45420.00 5.86901
45410.00 5.87002
45400.00 5.87103
45390.00 5.87204
45380.00 5.87305
45370.00 5.87406
45360.00 5.87507
45350.00 5.87609
45340.00 5.87710
45330.00 5.87811
45320.00 5.87912
45310.00 5.88014
45300.00 5.88115
45290.00 5.88216
45280.00 5.88318
45270.00 5.88419
45260.00 5.88521
45250.00 5.88622
45240.00 5.88724
45230.00 5.88826
45220.00 5.88927
45210.00 5.89029
45200.00 5.89131
45190.00 5.89232
45180.00 5.89334
45170.00 5.89436
45160.00 5.89538
45150.00 5.89640
45140.00 5.89742
45130.00 5.89844
45120.00 5.89946
45110.00 5.90048
45100.00 5.90150
45090.00 5.90252
45080.00 5.90354
45070.00 5.90456
45060.00 5.90559
45050.00 5.90661
45040.00 5.90763
45030.00 5.90866
45020.00 5.90968
45010.00 5.91070
45000.00 5.91173
44990.00 5.91275
44980.00 5.91378
44970.00 5.91480
44960.00 5.91583
44950.00 5.91686
44940.00 5.91788
44930.00 5.91891
44920.00 5.91994
44910.00 5.92097
44900.00 5.92199
44890.00 5.92302
44880.00 5.92405
44870.00 5.92508
44860.00 5.92611
44850.00 5.92714
44840.00 5.92817
44830.00 5.92920
44820.00 5.93023
44810.00 5.93126
44800.00 5.93230
44790.00 5.93333
44780.00 5.93436
44770.00 5.93539
44760.00 5.93643
44750.00 5.93746
44740.00 5.93849
44730.00 5.93953
44720.00 5.94056
44710.00 5.94160
44700.00 5.94263
44690.00 5.94367
44680.00 5.94471
44670.00 5.94574
44660.00 5.94678
44650.00 5.94782
44640.00 5.94885
44630.00 5.94989
44620.00 5.95093
44610.00 5.95197
44600.00 5.95301
44590.00 5.95405
44580.00 5.95509
44570.00 5.95613
44560.00 5.95717
44550.00 5.95821
44540.00 5.95925
44530.00 5.96029
44520.00 5.96134
44510.00 5.96238
44500.00 5.96342
44490.00 5.97569
44480.00 5.97672
44470.00 5.97775
44460.00 5.97878
44450.00 5.97981
44440.00 5.98085
44430.00 5.98188
44420.00 5.98291
44410.00 5.98394
44400.00 5.98498
44390.00 5.98601
44380.00 5.98704
44370.00 5.98808
44360.00 5.98911
44350.00 5.99015
44340.00 5.99118
44330.00 5.99222
44320.00 5.99325
44310.00 5.99429
44300.00 5.99533
43510.00 6.07925
42510.00 6.19017
41510.00 6.30491
40510.00 6.42345
35551.00 7.12580
35541.00 7.12738
35531.00 7.12897
35521.00 7.13056
35511.00 7.13214
35501.00 7.13373
35491.00 7.13532
35481.00 7.13692
35471.00 7.13851
35461.00 7.14010
35451.00 7.14169
35441.00 7.14329
35431.00 7.14488
35421.00 7.14648
35411.00 7.14808
35401.00 7.14968
35391.00 7.15128
35381.00 7.15288
35371.00 7.15448
35361.00 7.15608
35351.00 7.15768
35341.00 7.15929
35331.00 7.16090
35321.00 7.16250
35311.00 7.16411
35301.00 7.16572
35291.00 7.16733
35281.00 7.16894
35271.00 7.17055
35261.00 7.17216
35251.00 7.17377
35241.00 7.17539
35231.00 7.17700
35221.00 7.17862
35211.00 7.18024
35201.00 7.18185
35191.00 7.18347
35181.00 7.18509
35171.00 7.18671
35161.00 7.18834
35151.00 7.18996
35141.00 7.19158
35131.00 7.19321
35121.00 7.19483
35111.00 7.19646
35101.00 7.19809
35091.00 7.19971
35081.00 7.20134
35071.00 7.20298
35061.00 7.20461
35051.00 7.20624
35041.00 7.20787
35031.00 7.20951
35021.00 7.21114
35011.00 7.21278
35001.00 7.21442
35000.00 7.22777
34990.00 7.22938
34980.00 7.23100
34970.00 7.23261
34960.00 7.23423
34950.00 7.23585
34940.00 7.23747
34930.00 7.23909
34920.00 7.24071
34910.00 7.24233
34900.00 7.24395
34890.00 7.24558
34880.00 7.24720
34870.00 7.24883
34860.00 7.25045
34850.00 7.25208
34840.00 7.25371
34830.00 7.25534
34820.00 7.25698
34810.00 7.25861
34800.00 7.26024
34790.00 7.26188
34780.00 7.26352
34770.00 7.26515
34760.00 7.26679
34750.00 7.26843
34740.00 7.27007
34730.00 7.27172
34720.00 7.27336
34710.00 7.27500
34700.00 7.27665
34690.00 7.27829
34680.00 7.27994
34670.00 7.28159
34660.00 7.28324
34650.00 7.28489
34640.00 7.28654
34630.00 7.28819
34620.00 7.28985
34610.00 7.29150
34600.00 7.29316
34590.00 7.29482
34580.00 7.29648
34570.00 7.29814
34560.00 7.29980
34550.00 7.30146
34540.00 7.30312
34530.00 7.30479
34520.00 7.30645
34510.00 7.30812
34500.00 7.30979
34490.00 7.31146
34480.00 7.31313
34470.00 7.31480
34460.00 7.31647
34450.00 7.31814
34440.00 7.31981
34430.00 7.32149
34420.00 7.32317
34410.00 7.32485
34400.00 7.32652
34390.00 7.32820
34380.00 7.32988
34370.00 7.33157
34360.00 7.33325
34350.00 7.33493
34340.00 7.33662
34330.00 7.33831
34320.00 7.33999
34310.00 7.34168
34300.00 7.34337
34290.00 7.34506
34280.00 7.34676
34270.00 7.34845
34260.00 7.35014
34250.00 7.35184
34240.00 7.35354
34230.00 7.35523
34220.00 7.35693
34210.00 7.35863
34200.00 7.36033
34190.00 7.36203
34180.00 7.36374
34170.00 7.36544
34160.00 7.36715
34150.00 7.36885
34140.00 7.37056
34130.00 7.37227
34120.00 7.37398
34110.00 7.37569
34100.00 7.37740
34090.00 7.37912
34080.00 7.38083
34070.00 7.38255
34060.00 7.38426
34050.00 7.38598
34040.00 7.38770
34030.00 7.38942
34020.00 7.39114
34010.00 7.39286
34000.00 7.39458
33990.00 7.39631
33980.00 7.39803
33970.00 7.39976
33960.00 7.40149
33950.00 7.40322
33940.00 7.40495
33930.00 7.40668
33920.00 7.40841
33910.00 7.41014
33900.00 7.41188
33890.00 7.41361
33880.00 7.41535
33870.00 7.41709
33860.00 7.41883
33850.00 7.42057
33840.00 7.42231
33830.00 7.42405
33820.00 7.42579
33810.00 7.42754
33800.00 7.42928
33790.00 7.43103
33780.00 7.43278
33770.00 7.43452
33760.00 7.43627
33750.00 7.43802
33740.00 7.43978
33730.00 7.44153
33720.00 7.44328
33710.00 7.44504
33700.00 7.44680
33690.00 7.44855
33680.00 7.45031
33670.00 7.45207
33660.00 7.45383
33650.00 7.45560
33640.00 7.45736
33630.00 7.45912
33620.00 7.46089
33610.00 7.46266
33600.00 7.46442
33590.00 7.46619
33580.00 7.46796
33570.00 7.46973
33560.00 7.47150
33550.00 7.47328
33540.00 7.47505
33530.00 7.47683
33520.00 7.47860
33510.00 7.48038
33500.00 7.48216
33490.00 7.48394
33480.00 7.48572
33470.00 7.48750
33460.00 7.48929
33450.00 7.49107
33440.00 7.49286
33430.00 7.49464
33420.00 7.49643
33410.00 7.49822
33400.00 7.50001
33390.00 7.50180
33380.00 7.50359
33370.00 7.50539
33360.00 7.50718
33350.00 7.50898
33340.00 7.51077
33330.00 7.51257
33320.00 7.51437
33310.00 7.51617
33300.00 7.51797
33290.00 7.51977
33280.00 7.52158
33270.00 7.52338
33260.00 7.52519
33250.00 7.52699
33240.00 7.52880
33230.00 7.53061
33220.00 7.53242
33210.00 7.53423
33200.00 7.53604
33190.00 7.53786
33180.00 7.53967
33170.00 7.54149
33160.00 7.54330
33150.00 7.54512
33140.00 7.54694
33130.00 7.54876
33120.00 7.55058
33110.00 7.55240
33100.00 7.55422
33090.00 7.55605
33080.00 7.55787
33070.00 7.55970
33060.00 7.56153
33050.00 7.56336
33040.00 7.56519
33030.00 7.56702
33020.00 7.56885
33010.00 7.57068
33000.00 7.57252
32990.00 7.57435
32980.00 7.57619
32970.00 7.57803
32960.00 7.57987
32950.00 7.58171
32940.00 7.58355
32930.00 7.58539
32920.00 7.58723
32910.00 7.58908
32900.00 7.59092
32890.00 7.59277
32880.00 7.59462
32870.00 7.59647
32860.00 7.59832
32850.00 7.60017
32840.00 7.60202
32830.00 7.60387
32820.00 7.60573
32810.00 7.60758
32800.00 7.60944
32790.00 7.61130
32780.00 7.61316
32770.00 7.61502
32760.00 7.61688
32750.00 7.61874
32740.00 7.62060
32730.00 7.62247
32720.00 7.62433
32710.00 7.62620
32700.00 7.62807
32690.00 7.62994
32680.00 7.63181
32670.00 7.63368
32660.00 7.63555
32650.00 7.63742
32640.00 7.63930
32630.00 7.64117
32620.00 7.64305
32610.00 7.64493
32600.00 7.64681
32590.00 7.64869
32580.00 7.65057
32570.00 7.65245
32560.00 7.65433
32550.00 7.65622
32540.00 7.65810
32530.00 7.65999
32520.00 7.66188
32510.00 7.66377
32500.00 7.66566
32490.00 7.66755
32480.00 7.66944
32470.00 7.67133
32460.00 7.67323
32450.00 7.67512
32440.00 7.67702
32430.00 7.67892
32420.00 7.68081
32410.00 7.68272
32400.00 7.68462
32390.00 7.68652
32380.00 7.68842
32370.00 7.69033
32360.00 7.69223
32350.00 7.69414
32340.00 7.69605
32330.00 7.69796
32320.00 7.69987
32310.00 7.70178
32300.00 7.70369
32290.00 7.70560
32280.00 7.70752
32270.00 7.70943
32260.00 7.71135
32250.00 7.71327
32240.00 7.71519
32230.00 7.71710
32220.00 7.71903
32210.00 7.72095
32200.00 7.72287
32190.00 7.72480
32180.00 7.72672
32170.00 7.72865
32160.00 7.73058
32150.00 7.73251
32140.00 7.73444
32130.00 7.73637
32120.00 7.73830
32110.00 7.74023
32100.00 7.74217
32090.00 7.74410
32080.00 7.74604
32070.00 7.74798
32060.00 7.74992
32050.00 7.75185
32040.00 7.75380
32030.00 7.75574
32020.00 7.75768
32010.00 7.75963
32000.00 7.76157
31990.00 7.76352
31980.00 7.76547
31970.00 7.76742
31960.00 7.76937
31950.00 7.77132
31940.00 7.77327
31930.00 7.77522
31920.00 7.77718
31910.00 7.77913
31900.00 7.78109
31890.00 7.78305
31880.00 7.78501
31870.00 7.78697
31860.00 7.78893
31850.00 7.79089
31840.00 7.79285
31830.00 7.79482
31820.00 7.79678
31810.00 7.79875
31800.00 7.80072
31790.00 7.80269
31780.00 7.80466
31770.00 7.80663
31760.00 7.80860
31750.00 7.81057
31740.00 7.81255
31730.00 7.81452
31720.00 7.81650
31710.00 7.81848
31700.00 7.82046
31690.00 7.82244
31680.00 7.82442
31670.00 7.82640
31660.00 7.82838
31650.00 7.83037
31640.00 7.83236
31630.00 7.83434
31620.00 7.83633
31610.00 7.83832
31600.00 7.84031
31590.00 7.84230
31580.00 7.84429
31570.00 7.84628
31560.00 7.84828
31550.00 7.85027
31540.00 7.85227
31530.00 7.85427
31520.00 7.85627
31510.00 7.85827
31500.00 7.86027
31490.00 7.86227
31480.00 7.86427
31470.00 7.86628
31460.00 7.86829
31450.00 7.87029
31440.00 7.87230
31430.00 7.87431
31420.00 7.87632
31410.00 7.87833
31400.00 7.88034
31390.00 7.88235
31380.00 7.88437
31370.00 7.88638
31360.00 7.88840
31350.00 7.89042
31340.00 7.89244
31330.00 7.89446
31320.00 7.89648
31310.00 7.89850
31300.00 7.90053
31290.00 7.90255
31280.00 7.90458
31270.00 7.90660
31260.00 7.90863
31250.00 7.91066
31240.00 7.91269
31230.00 7.91472
31220.00 7.91675
31210.00 7.91879
31200.00 7.92082
31190.00 7.92286
31180.00 7.92489
31170.00 7.92693
31160.00 7.92897
31150.00 7.93101
31140.00 7.93305
31130.00 7.93509
31120.00 7.93714
31110.00 7.93918
31100.00 7.94123
31090.00 7.94328
31080.00 7.94532
31070.00 7.94737
31060.00 7.94942
31050.00 7.95147
31040.00 7.95353
31030.00 7.95558
31020.00 7.95763
31010.00 7.95969
31000.00 7.96175
30990.00 7.96381
30980.00 7.96586
30970.00 7.96792
30960.00 7.96998
30950.00 7.97205
30940.00 7.97411
30930.00 7.97617
30920.00 7.97824
30910.00 7.98031
30900.00 7.98238
30890.00 7.98444
30880.00 7.98652
30870.00 7.98859
30860.00 7.99066
30850.00 7.99273
30840.00 7.99481
30830.00 7.99688
30820.00 7.99896
30810.00 8.00104
30800.00 8.00312
30790.00 8.00520
30780.00 8.00728
30770.00 8.00936
30760.00 8.01144
30750.00 8.01353
30740.00 8.01561
30730.00 8.01770
30720.00 8.01979
30710.00 8.02188
30700.00 8.02397
30690.00 8.02606
30680.00 8.02815
30670.00 8.03024
30660.00 8.03234
30650.00 8.03443
30640.00 8.03653
30630.00 8.03863
30620.00 8.04073
30610.00 8.04283
30500.00 8.06657
30490.00 8.06859
30480.00 8.07062
30470.00 8.07265
30460.00 8.07467
30450.00 8.07671
30440.00 8.07874
30430.00 8.08077
30420.00 8.08281
30410.00 8.08485
30400.00 8.08689
30390.00 8.08893
30380.00 8.09097
30370.00 8.09302
30360.00 8.09507
30350.00 8.09712
30340.00 8.09917
30330.00 8.10122
30320.00 8.10328
30310.00 8.10534
30300.00 8.10739
30290.00 8.10945
30280.00 8.11152
30270.00 8.11358
30260.00 8.11565
30250.00 8.11772
30240.00 8.11979
30230.00 8.12186
30220.00 8.12393
30210.00 8.12601
30200.00 8.12809
30190.00 8.13017
30180.00 8.13225
30170.00 8.13433
30160.00 8.13642
30150.00 8.13850
30140.00 8.14059
30130.00 8.14268
30120.00 8.14478
30110.00 8.14687
30100.00 8.14897
30090.00 8.15107
30080.00 8.15317
30070.00 8.15527
30060.00 8.15737
30050.00 8.15948
30040.00 8.16159
30030.00 8.16370
30020.00 8.16581
30010.00 8.16792
30000.00 8.17004
29990.00 8.17215
29980.00 8.17428
29970.00 8.17640
29960.00 8.17852
29950.00 8.18064
29940.00 8.18277
29930.00 8.18490
29920.00 8.18703
29910.00 8.18916
29900.00 8.19130
29890.00 8.19343
29880.00 8.19557
29870.00 8.19771
29860.00 8.19985
29850.00 8.20200
29840.00 8.20414
29830.00 8.20629
29820.00 8.20844
29810.00 8.21059
29800.00 8.21274
29790.00 8.21490
29780.00 8.21705
29770.00 8.21921
29760.00 8.22137
29750.00 8.22353
29740.00 8.22570
29730.00 8.22786
29720.00 8.23003
29710.00 8.23220
29700.00 8.23438
29690.00 8.23655
29680.00 8.23872
29670.00 8.24090
29660.00 8.24308
29650.00 8.24526
29640.00 8.24745
29630.00 8.24963
29620.00 8.25182
29610.00 8.25401
29600.00 8.25620
29590.00 8.25839
29580.00 8.26058
29570.00 8.26278
29560.00 8.26498
29550.00 8.26718
29540.00 8.26938
29530.00 8.27158
29520.00 8.27379
29510.00 8.27600
29500.00 8.27821
29490.00 8.28042
29480.00 8.28263
29470.00 8.28484
29460.00 8.28706
29450.00 8.28928
29440.00 8.29150
29430.00 8.29372
29420.00 8.29595
29410.00 8.29817
29400.00 8.30040
29390.00 8.30263
29380.00 8.30487
29370.00 8.30710
29360.00 8.30933
29350.00 8.31157
29340.00 8.31381
29330.00 8.31605
29320.00 8.31830
29310.00 8.32054
29300.00 8.32279
29290.00 8.32504
29280.00 8.32729
29270.00 8.32954
29260.00 8.33179
29250.00 8.33405
29240.00 8.33631
29230.00 8.33857
29220.00 8.34083
29210.00 8.34310
29200.00 8.34536
29190.00 8.34763
29180.00 8.34990
29170.00 8.35217
29160.00 8.35444
29150.00 8.35672
29140.00 8.35900
29130.00 8.36127
29120.00 8.36355
29110.00 8.36584
29100.00 8.36812
29090.00 8.37041
29080.00 8.37270
29070.00 8.37499
29060.00 8.37728
29050.00 8.37958
29040.00 8.38187
29030.00 8.38417
29020.00 8.38647
29010.00 8.38877
29000.00 8.39107
28990.00 8.39338
28980.00 8.39569
28970.00 8.39799
28960.00 8.40030
28950.00 8.40262
28940.00 8.40493
28930.00 8.40725
28920.00 8.40957
28910.00 8.41189
28900.00 8.41421
28890.00 8.41653
28880.00 8.41886
28870.00 8.42119
28860.00 8.42352
28850.00 8.42585
28840.00 8.42818
28830.00 8.43052
28820.00 8.43285
28810.00 8.43519
28800.00 8.43753
28790.00 8.43988
28780.00 8.44222
28770.00 8.44457
28760.00 8.44692
28750.00 8.44927
28740.00 8.45162
28730.00 8.45397
28720.00 8.45633
28710.00 8.45869
28700.00 8.46105
28690.00 8.46341
28680.00 8.46577
28670.00 8.46814
28660.00 8.47050
28650.00 8.47288
28640.00 8.47525
28630.00 8.47762
28620.00 8.47999
28610.00 8.48237
28600.00 8.48475
28590.00 8.48713
28580.00 8.48951
28570.00 8.49190
28560.00 8.49428
28550.00 8.49667
28540.00 8.49906
28530.00 8.50145
28520.00 8.50384
28510.00 8.50624
28500.00 8.50864
28490.00 8.51104
28480.00 8.51344
28470.00 8.51584
28460.00 8.51825
28450.00 8.52065
28440.00 8.52306
28430.00 8.52547
28420.00 8.52788
28410.00 8.53030
28400.00 8.53271
28390.00 8.53513
28380.00 8.53755
28370.00 8.53998
28360.00 8.54240
28350.00 8.54482
28340.00 8.54725
28330.00 8.54968
28320.00 8.55211
28310.00 8.55455
28300.00 8.55698
28290.00 8.55942
28280.00 8.56186
28270.00 8.56430
28260.00 8.56674
28250.00 8.56918
28240.00 8.57163
28230.00 8.57408
28220.00 8.57653
28210.00 8.57898
28200.00 8.58143
28190.00 8.58389
28180.00 8.58635
28170.00 8.58881
28160.00 8.59127
28150.00 8.59373
28140.00 8.59620
28130.00 8.59866
28120.00 8.60113
28110.00 8.60360
28100.00 8.60608
28090.00 8.60855
28080.00 8.61102
28070.00 8.61350
28060.00 8.61598
28050.00 8.61847
28040.00 8.62095
28030.00 8.62344
28020.00 8.62592
28010.00 8.62841
28000.00 8.63090
27990.00 8.63340
27980.00 8.63589
27970.00 8.63839
27960.00 8.64089
27950.00 8.64339
27940.00 8.64589
27930.00 8.64840
27920.00 8.65090
27910.00 8.65341
27900.00 8.65592
27890.00 8.65843
27880.00 8.66095
27870.00 8.66346
27860.00 8.66598
27850.00 8.66850
27840.00 8.67102
27830.00 8.67354
27820.00 8.67607
27810.00 8.67860
27800.00 8.68113
27790.00 8.68365
27780.00 8.68619
27770.00 8.68872
27760.00 8.69126
27750.00 8.69380
27740.00 8.69634
27730.00 8.69888
27720.00 8.70142
27710.00 8.70397
27700.00 8.70652
27690.00 8.70907
27680.00 8.71162
27670.00 8.71417
27660.00 8.71673
27650.00 8.71929
27640.00 8.72185
27630.00 8.72441
27620.00 8.72697
27610.00 8.72953
27600.00 8.73210
27590.00 8.73467
27580.00 8.73724
27570.00 8.73981
27560.00 8.74238
27550.00 8.74496
27540.00 8.74754
27530.00 8.75012
27520.00 8.75270
27510.00 8.75528
27500.00 8.75787
27490.00 8.76046
27480.00 8.76304
27470.00 8.76563
27460.00 8.76823
27450.00 8.77082
27440.00 8.77342
27430.00 8.77602
27420.00 8.77862
27410.00 8.78122
27400.00 8.78382
27390.00 8.78643
27380.00 8.78904
27370.00 8.79165
27360.00 8.79426
27350.00 8.79687
27340.00 8.79949
27330.00 8.80211
27320.00 8.80473
27310.00 8.80735
27300.00 8.80997
27290.00 8.81260
27280.00 8.81522
27270.00 8.81785
27260.00 8.82048
27250.00 8.82311
27240.00 8.82575
27230.00 8.82838
27220.00 8.83102
27210.00 8.83366
27200.00 8.83630
27190.00 8.83895
27180.00 8.84159
27170.00 8.84424
27160.00 8.84689
27150.00 8.84954
27140.00 8.85219
27130.00 8.85485
27120.00 8.85750
27110.00 8.86016
27100.00 8.86282
27090.00 8.86549
27080.00 8.86815
27070.00 8.87082
27060.00 8.87348
27050.00 8.87616
27040.00 8.87883
27030.00 8.88150
27020.00 8.88418
27010.00 8.88685
27000.00 8.88953
26990.00 8.89221
26980.00 8.89490
26970.00 8.89758
26960.00 8.90027
26950.00 8.90296
26940.00 8.90565
26930.00 8.90834
26920.00 8.91103
26910.00 8.91373
26900.00 8.91643
26890.00 8.91913
26880.00 8.92183
26870.00 8.92453
26860.00 8.92724
26850.00 8.92995
26840.00 8.93266
26830.00 8.93537
26820.00 8.93808
26810.00 8.94080
26800.00 8.94351
26790.00 8.94623
26780.00 8.94895
26770.00 8.95168
26760.00 8.95440
26750.00 8.95713
26740.00 8.95985
26730.00 8.96258
26720.00 8.96532
26710.00 8.96805
26700.00 8.97079
26690.00 8.97352
26680.00 8.97626
26670.00 8.97900
26660.00 8.98175
26650.00 8.98449
26640.00 8.98724
26630.00 8.98999
26620.00 8.99274
26610.00 8.99549
26600.00 8.99825
26590.00 9.00100
26580.00 9.00376
26570.00 9.00652
26560.00 9.00928
26550.00 9.01205
26540.00 9.01481
26530.00 9.01758
26520.00 9.02035
26510.00 9.02312
26500.00 9.02590
26490.00 9.02867
26480.00 9.03145
26470.00 9.03423
26460.00 9.03701
26450.00 9.03979
26440.00 9.04258
26430.00 9.04536
26420.00 9.04815
26410.00 9.05094
26400.00 9.05373
26390.00 9.05653
26380.00 9.05932
26370.00 9.06212
26360.00 9.06492
26350.00 9.06772
26340.00 9.07052
26330.00 9.07333
26320.00 9.07614
26310.00 9.07895
26300.00 9.08176
26290.00 9.08457
26280.00 9.08738
26270.00 9.09020
26260.00 9.09302
26250.00 9.09584
26240.00 9.09866
26230.00 9.10149
26220.00 9.10431
26210.00 9.10714
26200.00 9.10997
26190.00 9.11280
26180.00 9.11563
26170.00 9.11847
26160.00 9.12131
26150.00 9.12415
26140.00 9.12699
26130.00 9.12983
26120.00 9.13267
26110.00 9.13552
26100.00 9.13837
26090.00 9.14122
26080.00 9.14407
26070.00 9.14693
26060.00 9.14978
26050.00 9.15264
26040.00 9.15550
26030.00 9.15836
26020.00 9.16123
26010.00 9.16409
26000.00 9.16696
25990.00 9.16983
25980.00 9.17270
25970.00 9.17557
25960.00 9.17845
25950.00 9.18132
25940.00 9.18420
25930.00 9.18708
25920.00 9.18996
25910.00 9.19285
25900.00 9.19574
25890.00 9.19862
25880.00 9.20151
25870.00 9.20440
25860.00 9.20730
25850.00 9.21020
25840.00 9.21309
25830.00 9.21599
25820.00 9.21889
25810.00 9.22179
25800.00 9.22470
25790.00 9.22761
25780.00 9.23052
25770.00 9.23343
25760.00 9.23634
25750.00 9.23925
25740.00 9.24217
25730.00 9.24509
25720.00 9.24800
25710.00 9.25093
25700.00 9.25385
25690.00 9.25678
25680.00 9.25970
25670.00 9.26263
25660.00 9.26556
25650.00 9.26850
25640.00 9.27143
25630.00 9.27437
25620.00 9.27731
25610.00 9.28025
25600.00 9.28319
25540.00 9.28378
25530.00 9.28676
25520.00 9.28975
25510.00 9.29273
25500.00 9.29571
25490.00 9.29870
25480.00 9.30169
25470.00 9.30468
25460.00 9.30768
25450.00 9.31067
25440.00 9.31367
25430.00 9.31667
25420.00 9.31967
25410.00 9.32267
25400.00 9.32568
25390.00 9.32869
25380.00 9.33169
25370.00 9.33471
25360.00 9.33772
25350.00 9.34073
25340.00 9.34375
25330.00 9.34677
25320.00 9.34979
25310.00 9.35281
25300.00 9.35583
25290.00 9.35886
25280.00 9.36189
25270.00 9.36492
25260.00 9.36795
25250.00 9.37099
25240.00 9.37402
25230.00 9.37706
25220.00 9.38010
25210.00 9.38314
25200.00 9.38619
25190.00 9.38923
25180.00 9.39228
25170.00 9.39533
25160.00 9.39838
25150.00 9.40144
25140.00 9.40449
25130.00 9.40755
25120.00 9.41061
25110.00 9.41367
25100.00 9.41673
25090.00 9.41980
25080.00 9.42286
25070.00 9.42593
25060.00 9.42900
25050.00 9.43208
25040.00 9.43515
25030.00 9.43823
25020.00 9.44131
25010.00 9.44439
25000.00 9.44747
24990.00 9.45056
24980.00 9.45364
24970.00 9.45673
24960.00 9.45982
24950.00 9.46291
24940.00 9.46601
24930.00 9.46910
24920.00 9.47220
24910.00 9.47530
24900.00 9.47840
24890.00 9.48151
24880.00 9.48461
24870.00 9.48772
24860.00 9.49083
24850.00 9.49394
24840.00 9.49706
24830.00 9.50017
24820.00 9.50329
24810.00 9.50641
24800.00 9.50953
24790.00 9.51266
24780.00 9.51578
24770.00 9.51891
24760.00 9.52204
24750.00 9.52517
24740.00 9.52830
24730.00 9.53144
24720.00 9.53457
24710.00 9.53771
24700.00 9.54085
24690.00 9.54399
24680.00 9.54714
24670.00 9.55029
24660.00 9.55344
24650.00 9.55659
24640.00 9.55974
24630.00 9.56289
24620.00 9.56605
24610.00 9.56921
24600.00 9.57237
24590.00 9.57553
24580.00 9.57869
24570.00 9.58186
24560.00 9.58503
24550.00 9.58820
24540.00 9.59137
24530.00 9.59454
24520.00 9.59772
24510.00 9.60090
24500.00 9.60408
24490.00 9.60726
24480.00 9.61044
24470.00 9.61363
24460.00 9.61681
24450.00 9.62000
24440.00 9.62319
24430.00 9.62639
24420.00 9.62958
24410.00 9.63278
24400.00 9.63598
24390.00 9.63918
24380.00 9.64238
24370.00 9.64559
24360.00 9.64879
24350.00 9.65200
24340.00 9.65521
24330.00 9.65843
24320.00 9.66164
24310.00 9.66486
24300.00 9.66808
24290.00 9.67130
24280.00 9.67452
24270.00 9.67774
24260.00 9.68097
24250.00 9.68420
24240.00 9.68743
24230.00 9.69066
24220.00 9.69389
24210.00 9.69713
24200.00 9.70037
24190.00 9.70361
24180.00 9.70685
24170.00 9.71009
24160.00 9.71334
24150.00 9.71658
24140.00 9.71983
24130.00 9.72308
24120.00 9.72634
24110.00 9.72959
24100.00 9.73285
24090.00 9.73611
24080.00 9.73937
24070.00 9.74263
24060.00 9.74590
24050.00 9.74916
24040.00 9.75243
24030.00 9.75570
24020.00 9.75898
24010.00 9.76225
24000.00 9.76553
23990.00 9.76568
23980.00 9.76895
23970.00 9.77222
23960.00 9.77549
23950.00 9.77876
23940.00 9.78204
23930.00 9.78531
23920.00 9.78859
23910.00 9.79187
23900.00 9.79515
23890.00 9.79844
23880.00 9.80173
23870.00 9.80501
23860.00 9.80831
23850.00 9.81160
23840.00 9.81489
23830.00 9.81819
23820.00 9.82149
23810.00 9.82479
23800.00 9.82809
23790.00 9.83139
23780.00 9.83470
23770.00 9.83801
23760.00 9.84131
23750.00 9.84463
23740.00 9.84794
23730.00 9.85125
23720.00 9.85457
23710.00 9.85789
23700.00 9.86121
23690.00 9.86454
23680.00 9.86786
23670.00 9.87119
23660.00 9.87452
23650.00 9.87785
23640.00 9.88118
23630.00 9.88452
23620.00 9.88785
23610.00 9.89119
23600.00 9.89453
