#Bragg gap
Units mDeg mm
17400.00 6.00900
17400.00 6.00900
17400.00 6.00900
17300.00 6.04300
17200.00 6.07700
17100.00 6.11100
17000.00 6.14400
16900.00 6.17923
16897.00 6.18013
16894.00 6.18104
16891.00 6.18194
16887.90 6.18284
16884.90 6.18375
16881.90 6.18466
16878.90 6.18556
16875.90 6.18647
16872.90 6.18738
16869.80 6.18829
16866.80 6.18919
16863.80 6.19010
16860.80 6.19101
16857.80 6.19192
16854.80 6.19284
16851.80 6.19375
16848.70 6.19466
16845.70 6.19557
16842.70 6.19649
16839.70 6.19740
16836.70 6.19832
16833.70 6.19923
16830.70 6.20015
16827.60 6.20107
16824.60 6.20199
16821.60 6.20290
16818.60 6.20382
16815.60 6.20474
16812.60 6.20566
16809.50 6.20658
16806.50 6.20750
16803.50 6.20843
16800.50 6.20935
16797.50 6.21027
16794.50 6.21120
16791.50 6.21212
16788.40 6.21305
16785.40 6.21397
16782.40 6.21490
16779.40 6.21583
16776.40 6.21675
16773.40 6.21768
16770.40 6.21861
16767.30 6.21954
16764.30 6.22047
16761.30 6.22140
16758.30 6.22233
16755.30 6.22327
16752.30 6.22420
16700.00 6.23146
16691.00 6.23462
16681.90 6.23778
16672.90 6.24095
16663.80 6.24412
16654.80 6.24729
16650.00 6.25208
16649.00 6.25244
16648.00 6.25279
16647.00 6.25314
16646.00 6.25350
16645.00 6.25385
16644.00 6.25420
16643.00 6.25456
16642.00 6.25491
16641.00 6.25526
16640.00 6.25562
16639.00 6.25597
16638.00 6.25632
16637.00 6.25668
16636.00 6.25703
16635.00 6.25739
16634.00 6.25774
16633.00 6.25809
16632.00 6.25845
16631.00 6.25880
16630.00 6.25916
16629.00 6.25951
16628.00 6.25986
16627.00 6.26022
16626.00 6.26057
16625.00 6.26093
16624.00 6.26128
16623.00 6.26163
16622.00 6.26199
16621.00 6.26234
16620.00 6.26270
16619.00 6.26305
16618.00 6.26341
16617.00 6.26376
16616.00 6.26411
16615.00 6.26447
16614.00 6.26482
16613.00 6.26518
16612.00 6.26553
16611.00 6.26589
16610.00 6.26624
16609.00 6.26660
16608.00 6.26695
16607.00 6.26731
16606.00 6.26766
16605.00 6.26801
16604.00 6.26837
16603.00 6.26873
16602.00 6.26908
16601.00 6.26944
16600.00 6.26979
16599.00 6.27015
16598.00 6.27050
16597.00 6.27086
16596.00 6.27121
16595.00 6.27157
16594.00 6.27192
16593.00 6.27228
16592.00 6.27263
16591.00 6.27299
16590.00 6.27334
16589.00 6.27370
16588.00 6.27405
16587.00 6.27441
16586.00 6.27476
16585.00 6.27512
16584.00 6.27547
16583.00 6.27583
16582.00 6.27619
16581.00 6.27654
16580.00 6.27690
16579.00 6.27725
16578.00 6.27761
16577.00 6.27796
16576.00 6.27832
16575.00 6.27868
16574.00 6.27903
16573.00 6.27939
16572.00 6.27974
16571.00 6.28010
16570.00 6.28045
16569.00 6.28081
16568.00 6.28117
16567.00 6.28152
16566.00 6.28188
16565.00 6.28224
16564.00 6.28259
16563.00 6.28295
16562.00 6.28330
16561.00 6.28366
16560.00 6.28402
16559.00 6.28437
16558.00 6.28473
16557.00 6.28509
16556.00 6.28544
16555.00 6.28580
16554.00 6.28615
16553.00 6.28651
16552.00 6.28687
16551.00 6.28722
16550.00 6.28758
16549.00 6.28794
16548.00 6.28829
16547.00 6.28865
16546.00 6.28901
16545.00 6.28936
16544.00 6.28972
16543.00 6.29008
16542.00 6.29043
16541.00 6.29079
16540.00 6.29115
16539.00 6.29151
16538.00 6.29186
16537.00 6.29222
16536.00 6.29258
16535.00 6.29293
16534.00 6.29329
16533.00 6.29365
16532.00 6.29401
16531.00 6.29436
16530.00 6.29472
16529.00 6.29508
16528.00 6.29543
16527.00 6.29579
16526.00 6.29615
16525.00 6.29651
16524.00 6.29687
16523.00 6.29722
16522.00 6.29758
16521.00 6.29794
16520.00 6.29830
16519.00 6.29865
16518.00 6.29901
16517.00 6.29937
16516.00 6.29973
16515.00 6.30008
16514.00 6.30044
16513.00 6.30080
16512.00 6.30116
16511.00 6.30151
16510.00 6.30187
16509.00 6.30223
16508.00 6.30259
16507.00 6.30295
16506.00 6.30330
16505.00 6.30366
16504.00 6.30402
16503.00 6.30438
16502.00 6.30474
16501.00 6.30510
16500.00 6.30545
16499.00 6.30581
16498.00 6.30617
16497.00 6.30653
16496.00 6.30689
16495.00 6.30725
16494.00 6.30760
16493.00 6.30796
16492.00 6.30832
16491.00 6.30868
16490.00 6.30904
16489.00 6.30940
16488.00 6.30976
16487.00 6.31011
16486.00 6.31047
16485.00 6.31083
16484.00 6.31119
16483.00 6.31155
16482.00 6.31191
16481.00 6.31227
16480.00 6.31263
16479.00 6.31299
16478.00 6.31334
16477.00 6.31370
16476.00 6.31406
16475.00 6.31442
16474.00 6.31478
16473.00 6.31514
16472.00 6.31550
16471.00 6.31586
16470.00 6.31622
16469.00 6.31658
16468.00 6.31694
16467.00 6.31730
16466.00 6.31765
16465.00 6.31801
16464.00 6.31837
16463.00 6.31873
16462.00 6.31909
16461.00 6.31945
16460.00 6.31981
16459.00 6.32017
16458.00 6.32053
16457.00 6.32089
16456.00 6.32125
16455.00 6.32161
16454.00 6.32197
16453.00 6.32233
16452.00 6.32269
16451.00 6.32305
16450.00 6.32341
16449.00 6.32377
16448.00 6.32413
16447.00 6.32449
16446.00 6.32485
16445.00 6.32521
16444.00 6.32557
16443.00 6.32593
16442.00 6.32629
16441.00 6.32665
16440.00 6.32701
16439.00 6.32737
16438.00 6.32773
16437.00 6.32809
16436.00 6.32845
16435.00 6.32881
16434.00 6.32917
16433.00 6.32953
16432.00 6.32989
16431.00 6.33025
16430.00 6.33061
16429.00 6.33097
16428.00 6.33134
16427.00 6.33170
16426.00 6.33206
16425.00 6.33242
16424.00 6.33278
16423.00 6.33314
16422.00 6.33350
16421.00 6.33386
16420.00 6.33422
16419.00 6.33458
16418.00 6.33494
16417.00 6.33530
16416.00 6.33566
16415.00 6.33603
16414.00 6.33639
16413.00 6.33675
16412.00 6.33711
16411.00 6.33747
16410.00 6.33783
16409.00 6.33819
16408.00 6.33855
16407.00 6.33892
16406.00 6.33928
16405.00 6.33964
16404.00 6.34000
16403.00 6.34036
16402.00 6.34072
16401.00 6.34108
16400.00 6.34145
16399.00 6.34181
16398.00 6.34217
16397.00 6.34253
16396.00 6.34289
16395.00 6.34325
16394.00 6.34361
16393.00 6.34398
16392.00 6.34434
16391.00 6.34470
16390.00 6.34506
16389.00 6.34542
16388.00 6.34579
16387.00 6.34615
16386.00 6.34651
16385.00 6.34687
16384.00 6.34723
16383.00 6.34760
16382.00 6.34796
16381.00 6.34832
16380.00 6.34868
16379.00 6.34904
16378.00 6.34941
16377.00 6.34977
16376.00 6.35013
16375.00 6.35049
16374.00 6.35086
16373.00 6.35122
16372.00 6.35158
16371.00 6.35194
16370.00 6.35231
16369.00 6.35267
16368.00 6.35303
16367.00 6.35339
16366.00 6.35376
16365.00 6.35412
16364.00 6.35448
16363.00 6.35485
16362.00 6.35521
16361.00 6.35557
16360.00 6.35593
16359.00 6.35630
16358.00 6.35666
16357.00 6.35702
16356.00 6.35739
16355.00 6.35775
16354.00 6.35811
16353.00 6.35847
16352.00 6.35884
16351.00 6.35920
16350.00 6.35956
16349.00 6.35993
16348.00 6.36029
16347.00 6.36065
16346.00 6.36102
16345.00 6.36138
16344.00 6.36174
16343.00 6.36211
16342.00 6.36247
16341.00 6.36283
16340.00 6.36320
16339.00 6.36356
16338.00 6.36393
16337.00 6.36429
16336.00 6.36465
16335.00 6.36502
16334.00 6.36538
16333.00 6.36574
16332.00 6.36611
16331.00 6.36647
16330.00 6.36683
16329.00 6.36720
16328.00 6.36756
16327.00 6.36793
16326.00 6.36829
16325.00 6.36865
16324.00 6.36902
16323.00 6.36938
16322.00 6.36975
16321.00 6.37011
16320.00 6.37048
16319.00 6.37084
16318.00 6.37120
16317.00 6.37157
16316.00 6.37193
16315.00 6.37230
16314.00 6.37266
16313.00 6.37302
16312.00 6.37339
16311.00 6.37375
16310.00 6.37412
16309.00 6.37448
16308.00 6.37485
16307.00 6.37521
16306.00 6.37558
16305.00 6.37594
16304.00 6.37631
16303.00 6.37667
16302.00 6.37704
16301.00 6.37740
16300.00 6.37777
16299.00 6.37813
16298.00 6.37849
16297.00 6.37886
16296.00 6.37922
16295.00 6.37959
16294.00 6.37996
16293.00 6.38032
16292.00 6.38068
16291.00 6.38105
16290.00 6.38142
16289.00 6.38178
16288.00 6.38215
16287.00 6.38251
16286.00 6.38288
16285.00 6.38324
16284.00 6.38361
16283.00 6.38397
16282.00 6.38434
16281.00 6.38470
16280.00 6.38507
16279.00 6.38543
16278.00 6.38580
16277.00 6.38617
16276.00 6.38653
16275.00 6.38690
16274.00 6.38726
16273.00 6.38763
16272.00 6.38799
16271.00 6.38836
16270.00 6.38873
16269.00 6.38909
16268.00 6.38946
16267.00 6.38982
16266.00 6.39019
16265.00 6.39055
16264.00 6.39092
16263.00 6.39129
16262.00 6.39165
16261.00 6.39202
16260.00 6.39239
16259.00 6.39275
16258.00 6.39312
16257.00 6.39348
16256.00 6.39385
16255.00 6.39422
16254.00 6.39458
16253.00 6.39495
16252.00 6.39532
16251.00 6.39568
16250.00 6.39605
16249.00 6.39641
16248.00 6.39678
16247.00 6.39715
16246.00 6.39751
16245.00 6.39788
16244.00 6.39825
16243.00 6.39861
16242.00 6.39898
16241.00 6.39935
16240.00 6.39972
16239.00 6.40008
16238.00 6.40045
16237.00 6.40082
16236.00 6.40118
16235.00 6.40155
16234.00 6.40192
16233.00 6.40228
16232.00 6.40265
16231.00 6.40302
16230.00 6.40339
16229.00 6.40375
16228.00 6.40412
16227.00 6.40449
16226.00 6.40485
16225.00 6.40522
16224.00 6.40559
16223.00 6.40596
16222.00 6.40632
16221.00 6.40669
16220.00 6.40706
16219.00 6.40742
16218.00 6.40779
16217.00 6.40816
16216.00 6.40853
16215.00 6.40890
16214.00 6.40926
16213.00 6.40963
16212.00 6.41000
16211.00 6.41037
16210.00 6.41073
16209.00 6.41110
16208.00 6.41147
16207.00 6.41184
16206.00 6.41221
16205.00 6.41257
16204.00 6.41294
16203.00 6.41331
16202.00 6.41368
16201.00 6.41405
16200.00 6.41441
16199.00 6.41478
16198.00 6.41515
16197.00 6.41552
16196.00 6.41589
16195.00 6.41625
16194.00 6.41662
16193.00 6.41699
16192.00 6.41736
16191.00 6.41773
16190.00 6.41810
16189.00 6.41846
16188.00 6.41883
16187.00 6.41920
16186.00 6.41957
16185.00 6.41994
16184.00 6.42031
16183.00 6.42068
16182.00 6.42105
16181.00 6.42141
16180.00 6.42178
16179.00 6.42215
16178.00 6.42252
16177.00 6.42289
16176.00 6.42326
16175.00 6.42363
16174.00 6.42400
16173.00 6.42437
16172.00 6.42473
16171.00 6.42510
16170.00 6.42547
16169.00 6.42584
16168.00 6.42621
16167.00 6.42658
16166.00 6.42695
16165.00 6.42732
16164.00 6.42769
16163.00 6.42806
16162.00 6.42843
16161.00 6.42879
16160.00 6.42916
16159.00 6.42953
16158.00 6.42990
16157.00 6.43027
16156.00 6.43064
16155.00 6.43101
16154.00 6.43138
16153.00 6.43175
16152.00 6.43212
16151.00 6.43249
16150.00 6.43286
16149.00 6.43323
16148.00 6.43360
16147.00 6.43397
16146.00 6.43434
16145.00 6.43471
16144.00 6.43508
16143.00 6.43545
16142.00 6.43582
16141.00 6.43619
16140.00 6.43656
16139.00 6.43693
16138.00 6.43730
16137.00 6.43767
16136.00 6.43804
16135.00 6.43841
16134.00 6.43878
16133.00 6.43915
16132.00 6.43952
16131.00 6.43989
16130.00 6.44026
16129.00 6.44063
16128.00 6.44100
16127.00 6.44137
16126.00 6.44174
16125.00 6.44212
16124.00 6.44249
16123.00 6.44286
16122.00 6.44323
16121.00 6.44360
16120.00 6.44397
16119.00 6.44434
16118.00 6.44471
16117.00 6.44508
16116.00 6.44545
16115.00 6.44582
16114.00 6.44619
16113.00 6.44656
16112.00 6.44694
16111.00 6.44731
16110.00 6.44768
16109.00 6.44805
16108.00 6.44842
16107.00 6.44879
16106.00 6.44916
16105.00 6.44953
16104.00 6.44991
16103.00 6.45028
16102.00 6.45065
16101.00 6.45102
16100.00 6.45139
16099.00 6.45176
16098.00 6.45213
16097.00 6.45251
16096.00 6.45288
16095.00 6.45325
16094.00 6.45362
16093.00 6.45399
16092.00 6.45436
16091.00 6.45473
16090.00 6.45510
16089.00 6.45548
16088.00 6.45585
16087.00 6.45622
16086.00 6.45659
16085.00 6.45697
16084.00 6.45734
16083.00 6.45771
16082.00 6.45808
16081.00 6.45845
16080.00 6.45883
16079.00 6.45920
16078.00 6.45957
16077.00 6.45994
16076.00 6.46031
16075.00 6.46069
16074.00 6.46106
16073.00 6.46143
16072.00 6.46180
16071.00 6.46218
16070.00 6.46255
16069.00 6.46292
16068.00 6.46329
16067.00 6.46367
16066.00 6.46404
16065.00 6.46441
16064.00 6.46478
16063.00 6.46515
16062.00 6.46553
16061.00 6.46590
16060.00 6.46627
16059.00 6.46665
16058.00 6.46702
16057.00 6.46739
16056.00 6.46776
16055.00 6.46814
16054.00 6.46851
16053.00 6.46888
16052.00 6.46926
16051.00 6.46963
16050.00 6.47000
16049.00 6.47038
16048.00 6.47075
16047.00 6.47112
16046.00 6.47149
16045.00 6.47187
16044.00 6.47224
16043.00 6.47261
16042.00 6.47299
16041.00 6.47336
16040.00 6.47373
16039.00 6.47411
16038.00 6.47448
16037.00 6.47485
16036.00 6.47523
16035.00 6.47560
16034.00 6.47598
16033.00 6.47635
16032.00 6.47672
16031.00 6.47710
16030.00 6.47747
16029.00 6.47784
16028.00 6.47822
16027.00 6.47859
16026.00 6.47896
16025.00 6.47934
16024.00 6.47971
16023.00 6.48009
16022.00 6.48046
16021.00 6.48083
16020.00 6.48121
16019.00 6.48158
16018.00 6.48196
16017.00 6.48233
16016.00 6.48270
16015.00 6.48308
16014.00 6.48345
16013.00 6.48383
16012.00 6.48420
16011.00 6.48458
16010.00 6.48495
16009.00 6.48532
16008.00 6.48570
16007.00 6.48607
16006.00 6.48645
16005.00 6.48682
16004.00 6.48720
16003.00 6.48757
16002.00 6.48795
16001.00 6.48832
16000.00 6.48870
15999.00 6.48907
15998.00 6.48944
15997.00 6.48982
15996.00 6.49019
15995.00 6.49057
15994.00 6.49094
15993.00 6.49132
15992.00 6.49169
15991.00 6.49207
15990.00 6.49244
15989.00 6.49282
15988.00 6.49319
15987.00 6.49357
15986.00 6.49394
15985.00 6.49432
15984.00 6.49469
15983.00 6.49507
15982.00 6.49544
15981.00 6.49582
15980.00 6.49619
15979.00 6.49657
15978.00 6.49695
15977.00 6.49732
15976.00 6.49770
15975.00 6.49807
15974.00 6.49845
15973.00 6.49882
15972.00 6.49920
15971.00 6.49957
15970.00 6.49995
15969.00 6.50033
15968.00 6.50070
15967.00 6.50108
15966.00 6.50145
15965.00 6.50183
15964.00 6.50220
15963.00 6.50258
15962.00 6.50296
15961.00 6.50333
15960.00 6.50371
15959.00 6.50409
15958.00 6.50446
15957.00 6.50484
15956.00 6.50521
15955.00 6.50559
15954.00 6.50597
15953.00 6.50634
15952.00 6.50672
15951.00 6.50709
15950.00 6.50747
15949.00 6.50785
15948.00 6.50822
15947.00 6.50860
15946.00 6.50898
15945.00 6.50935
15944.00 6.50973
15943.00 6.51011
15942.00 6.51048
15941.00 6.51086
15940.00 6.51123
15939.00 6.51161
15938.00 6.51199
15937.00 6.51237
15936.00 6.51274
15935.00 6.51312
15934.00 6.51350
15933.00 6.51387
15932.00 6.51425
15931.00 6.51463
15930.00 6.51500
15929.00 6.51538
15928.00 6.51576
15927.00 6.51613
15926.00 6.51651
15925.00 6.51689
15924.00 6.51727
15923.00 6.51764
15922.00 6.51802
15921.00 6.51840
15920.00 6.51878
15919.00 6.51915
15918.00 6.51953
15917.00 6.51991
15916.00 6.52028
15915.00 6.52066
15914.00 6.52104
15913.00 6.52142
15912.00 6.52179
15911.00 6.52217
15910.00 6.52255
15909.00 6.52293
15908.00 6.52331
15907.00 6.52368
15906.00 6.52406
15905.00 6.52444
15904.00 6.52482
15903.00 6.52519
15902.00 6.52557
15901.00 6.52595
15900.00 6.52633
15899.00 6.52671
15898.00 6.52708
15897.00 6.52746
15896.00 6.52784
15895.00 6.52822
15894.00 6.52860
15893.00 6.52897
15892.00 6.52935
15891.00 6.52973
15890.00 6.53011
15889.00 6.53049
15888.00 6.53087
15887.00 6.53124
15886.00 6.53162
15885.00 6.53200
15884.00 6.53238
15883.00 6.53276
15882.00 6.53314
15881.00 6.53352
15880.00 6.53389
15879.00 6.53427
15878.00 6.53465
15877.00 6.53503
15876.00 6.53541
15875.00 6.53579
15874.00 6.53617
15873.00 6.53654
15872.00 6.53692
15871.00 6.53730
15870.00 6.53768
15869.00 6.53806
15868.00 6.53844
15867.00 6.53882
15866.00 6.53920
15865.00 6.53958
15864.00 6.53996
15863.00 6.54034
15862.00 6.54072
15861.00 6.54109
15860.00 6.54147
15859.00 6.54185
15858.00 6.54223
15857.00 6.54261
15856.00 6.54299
15855.00 6.54337
15854.00 6.54375
15853.00 6.54413
15852.00 6.54451
15851.00 6.54489
15850.00 6.54527
15849.00 6.54565
15848.00 6.54603
15847.00 6.54641
15846.00 6.54679
15845.00 6.54717
15844.00 6.54755
15843.00 6.54793
15842.00 6.54831
15841.00 6.54869
15840.00 6.54906
15839.00 6.54945
15838.00 6.54983
15837.00 6.55021
15836.00 6.55059
15835.00 6.55097
15834.00 6.55135
15833.00 6.55173
15832.00 6.55211
15831.00 6.55249
15830.00 6.55287
15829.00 6.55325
15828.00 6.55363
15827.00 6.55401
15826.00 6.55439
15825.00 6.55477
15824.00 6.55515
15823.00 6.55553
15822.00 6.55591
15821.00 6.55629
15820.00 6.55667
15819.00 6.55705
15818.00 6.55743
15817.00 6.55781
15816.00 6.55819
15815.00 6.55857
15814.00 6.55896
15813.00 6.55934
15812.00 6.55972
15811.00 6.56010
15810.00 6.56048
15809.00 6.56086
15808.00 6.56124
15807.00 6.56162
15806.00 6.56200
15805.00 6.56238
15804.00 6.56276
15803.00 6.56315
15802.00 6.56353
15801.00 6.56391
15800.00 6.56429
15799.00 6.56467
15798.00 6.56505
15797.00 6.56543
15796.00 6.56581
15795.00 6.56620
15794.00 6.56658
15793.00 6.56696
15792.00 6.56734
15791.00 6.56772
15790.00 6.56810
15789.00 6.56849
15788.00 6.56887
15787.00 6.56925
15786.00 6.56963
15785.00 6.57001
15784.00 6.57039
15783.00 6.57078
15782.00 6.57116
15781.00 6.57154
15780.00 6.57192
15779.00 6.57230
15778.00 6.57269
15777.00 6.57307
15776.00 6.57345
15775.00 6.57383
15774.00 6.57421
15773.00 6.57460
15772.00 6.57498
15771.00 6.57536
15770.00 6.57574
15769.00 6.57612
15768.00 6.57651
15767.00 6.57689
15766.00 6.57727
15765.00 6.57765
15764.00 6.57804
15763.00 6.57842
15762.00 6.57880
15761.00 6.57918
15760.00 6.57957
15759.00 6.57995
15758.00 6.58033
15757.00 6.58071
15756.00 6.58110
15755.00 6.58148
15754.00 6.58186
15753.00 6.58224
15752.00 6.58263
15751.00 6.58301
15750.00 6.58339
15749.00 6.58378
15748.00 6.58416
15747.00 6.58454
15746.00 6.58492
15745.00 6.58531
15744.00 6.58569
15743.00 6.58607
15742.00 6.58646
15741.00 6.58684
15740.00 6.58722
15739.00 6.58761
15738.00 6.58799
15737.00 6.58837
15736.00 6.58876
15735.00 6.58914
15734.00 6.58952
15733.00 6.58991
15732.00 6.59029
15731.00 6.59067
15730.00 6.59106
15729.00 6.59144
15728.00 6.59183
15727.00 6.59221
15726.00 6.59259
15725.00 6.59298
15724.00 6.59336
15723.00 6.59374
15722.00 6.59413
15721.00 6.59451
15720.00 6.59489
15719.00 6.59528
15718.00 6.59566
15717.00 6.59605
15716.00 6.59643
15715.00 6.59682
15714.00 6.59720
15713.00 6.59758
15712.00 6.59797
15711.00 6.59835
15710.00 6.59874
15709.00 6.59912
15708.00 6.59950
15707.00 6.59989
15706.00 6.60027
15705.00 6.60066
15704.00 6.60104
15703.00 6.60143
15702.00 6.60181
15701.00 6.60219
15700.00 6.60258
15699.00 6.60296
15698.00 6.60335
15697.00 6.60373
15696.00 6.60412
15695.00 6.60450
15694.00 6.60489
15693.00 6.60527
15692.00 6.60566
15691.00 6.60604
15690.00 6.60643
15689.00 6.60681
15688.00 6.60720
15687.00 6.60758
15686.00 6.60797
15685.00 6.60835
15684.00 6.60874
15683.00 6.60912
15682.00 6.60951
15681.00 6.60989
15680.00 6.61028
15679.00 6.61066
15678.00 6.61105
15677.00 6.61143
15676.00 6.61182
15675.00 6.61220
15674.00 6.61259
15673.00 6.61297
15672.00 6.61336
15671.00 6.61374
15670.00 6.61413
15669.00 6.61452
15668.00 6.61490
15667.00 6.61529
15666.00 6.61567
15665.00 6.61606
15664.00 6.61644
15663.00 6.61683
15662.00 6.61722
15661.00 6.61760
15660.00 6.61799
15659.00 6.61837
15658.00 6.61876
15657.00 6.61914
15656.00 6.61953
15655.00 6.61992
15654.00 6.62030
15653.00 6.62069
15652.00 6.62107
15651.00 6.62146
15650.00 6.62185
15649.00 6.62223
15648.00 6.62262
15647.00 6.62300
15646.00 6.62339
15645.00 6.62378
15644.00 6.62416
15643.00 6.62455
15642.00 6.62494
15641.00 6.62532
15640.00 6.62571
15639.00 6.62610
15638.00 6.62648
15637.00 6.62687
15636.00 6.62726
15635.00 6.62764
15634.00 6.62803
15633.00 6.62842
15632.00 6.62880
15631.00 6.62919
15630.00 6.62958
15629.00 6.62996
15628.00 6.63035
15627.00 6.63074
15626.00 6.63112
15625.00 6.63151
15624.00 6.63190
15623.00 6.63229
15622.00 6.63267
15621.00 6.63306
15620.00 6.63345
15619.00 6.63383
15618.00 6.63422
15617.00 6.63461
15616.00 6.63500
15615.00 6.63538
15614.00 6.63577
15613.00 6.63616
15612.00 6.63655
15611.00 6.63693
15610.00 6.63732
15609.00 6.63771
15608.00 6.63810
15607.00 6.63848
15606.00 6.63887
15605.00 6.63926
15604.00 6.63965
15603.00 6.64003
15602.00 6.64042
15601.00 6.64081
15600.00 6.64120
15599.00 6.64158
15598.00 6.64197
15597.00 6.64236
15596.00 6.64275
15595.00 6.64314
15594.00 6.64353
15593.00 6.64391
15592.00 6.64430
15591.00 6.64469
15590.00 6.64508
15589.00 6.64546
15588.00 6.64585
15587.00 6.64624
15586.00 6.64663
15585.00 6.64702
15584.00 6.64741
15583.00 6.64779
15582.00 6.64818
15581.00 6.64857
15580.00 6.64896
15579.00 6.64935
15578.00 6.64974
15577.00 6.65013
15576.00 6.65051
15575.00 6.65090
15574.00 6.65129
15573.00 6.65168
15572.00 6.65207
15571.00 6.65246
15570.00 6.65285
15569.00 6.65323
15568.00 6.65362
15567.00 6.65401
15566.00 6.65440
15565.00 6.65479
15564.00 6.65518
15563.00 6.65557
15562.00 6.65596
15561.00 6.65635
15560.00 6.65674
15559.00 6.65713
15558.00 6.65751
15557.00 6.65790
15556.00 6.65829
15555.00 6.65868
15554.00 6.65907
15553.00 6.65946
15552.00 6.65985
15551.00 6.66024
15550.00 6.66063
15549.00 6.66102
15548.00 6.66141
15547.00 6.66180
15546.00 6.66219
15545.00 6.66258
15544.00 6.66297
15543.00 6.66336
15542.00 6.66375
15541.00 6.66414
15540.00 6.66453
15539.00 6.66492
15538.00 6.66531
15537.00 6.66570
15536.00 6.66608
15535.00 6.66648
15534.00 6.66686
15533.00 6.66725
15532.00 6.66764
15531.00 6.66804
15530.00 6.66842
15529.00 6.66881
15528.00 6.66921
15527.00 6.66959
15526.00 6.66999
15525.00 6.67038
15524.00 6.67077
15523.00 6.67116
15522.00 6.67155
15521.00 6.67194
15520.00 6.67233
15519.00 6.67272
15518.00 6.67311
15517.00 6.67350
15516.00 6.67389
15515.00 6.67428
15514.00 6.67467
15513.00 6.67506
15512.00 6.67545
15511.00 6.67584
15510.00 6.67623
15509.00 6.67662
15508.00 6.67702
15507.00 6.67741
15506.00 6.67780
15505.00 6.67819
15504.00 6.67858
15503.00 6.67897
15502.00 6.67936
15501.00 6.67975
15500.00 6.68076
15491.70 6.68397
15483.40 6.68717
15475.10 6.69038
15466.80 6.69360
15458.50 6.69682
15450.30 6.70004
15442.00 6.70327
15433.70 6.70650
15425.40 6.70974
15417.10 6.71298
15408.80 6.71622
15400.50 6.71947
15392.20 6.72272
15383.90 6.72597
15375.60 6.72923
15367.30 6.73250
15359.00 6.73576
15350.80 6.73903
15342.50 6.74231
15334.20 6.74559
15325.90 6.74887
15317.60 6.75216
15309.30 6.75545
15301.00 6.75874
15292.70 6.76204
15284.40 6.76535
15276.10 6.76865
15267.80 6.77196
15259.50 6.77528
15251.30 6.77860
15243.00 6.78192
15234.70 6.78525
15226.40 6.78858
15218.10 6.79191
15209.80 6.79525
15201.50 6.79860
15193.20 6.80194
15184.90 6.80529
15176.60 6.80865
15168.30 6.81201
15160.10 6.81537
15151.80 6.81874
15143.50 6.82211
15135.20 6.82548
15126.90 6.82886
15118.60 6.83224
15110.30 6.83563
15102.00 6.83902
15093.70 6.84242
15085.40 6.84581
15077.10 6.84922
15068.80 6.85262
15060.60 6.85603
15052.30 6.85945
15044.00 6.86287
15035.70 6.86629
15027.40 6.86972
15019.10 6.87315
15010.80 6.87658
15002.50 6.88002
14994.20 6.88346
14985.90 6.88691
14977.60 6.89036
14969.30 6.89381
14961.10 6.89727
14952.80 6.90074
14944.50 6.90420
14936.20 6.90767
14927.90 6.91115
14919.60 6.91462
14911.30 6.91811
14903.00 6.92159
14894.70 6.92508
14886.40 6.92858
14878.10 6.93208
14869.80 6.93558
14861.60 6.93909
14853.30 6.94260
14845.00 6.94611
14836.70 6.94963
14828.40 6.95315
14820.10 6.95668
14811.80 6.96021
14803.50 6.96374
14795.20 6.96728
14786.90 6.97082
14778.60 6.97437
14770.40 6.97792
14762.10 6.98147
14753.80 6.98503
14745.50 6.98859
14737.20 6.99216
14728.90 6.99573
14720.60 6.99930
14712.30 7.00288
14704.00 7.00646
14695.70 7.01005
14687.40 7.01364
14679.10 7.01723
14670.90 7.02083
14662.60 7.02443
14654.30 7.02804
14646.00 7.03165
14637.70 7.03526
14629.40 7.03888
14621.10 7.04250
14612.80 7.04613
14604.50 7.04976
14596.20 7.05339
14587.90 7.05703
14579.60 7.06067
14571.40 7.06431
14563.10 7.06796
14554.80 7.07162
14546.50 7.07528
14538.20 7.07894
14529.90 7.08260
14521.60 7.08627
14513.30 7.08995
14505.00 7.09362
14496.70 7.09731
14488.40 7.10099
14480.20 7.10468
14471.90 7.10837
14463.60 7.11207
14455.30 7.11577
14447.00 7.11948
14438.70 7.12319
14430.40 7.12690
14422.10 7.13062
14413.80 7.13434
14405.50 7.13807
14397.20 7.14180
14388.90 7.14553
14380.70 7.14927
14372.40 7.15301
14364.10 7.15675
14355.80 7.16050
14347.50 7.16426
14339.20 7.16801
14330.90 7.17177
14322.60 7.17554
14314.30 7.17931
14306.00 7.18308
14297.70 7.18686
14289.40 7.19064
14281.20 7.19443
14272.90 7.19821
14264.60 7.20201
14256.30 7.20581
14248.00 7.20961
14239.70 7.21341
14231.40 7.21722
14223.10 7.22103
14214.80 7.22485
14206.50 7.22867
14198.20 7.23250
14189.90 7.23633
14181.70 7.24016
14173.40 7.24400
14165.10 7.24784
14156.80 7.25168
14150.00 7.25294
14149.00 7.25340
14148.00 7.25386
14147.00 7.25433
14146.00 7.25479
14145.00 7.25525
14144.00 7.25571
14143.00 7.25617
14142.00 7.25663
14141.00 7.25710
14140.00 7.25756
14139.00 7.25802
14138.00 7.25848
14137.00 7.25894
14136.00 7.25941
14135.00 7.25987
14134.00 7.26033
14133.00 7.26079
14132.00 7.26126
14131.00 7.26172
14130.00 7.26218
14129.00 7.26264
14128.00 7.26311
14127.00 7.26357
14126.00 7.26403
14125.00 7.26449
14124.00 7.26496
14123.00 7.26542
14122.00 7.26588
14121.00 7.26635
14120.00 7.26681
14119.00 7.26727
14118.00 7.26773
14117.00 7.26820
14116.00 7.26866
14115.00 7.26912
14114.00 7.26959
14113.00 7.27005
14112.00 7.27051
14111.00 7.27098
14110.00 7.27144
14109.00 7.27191
14108.00 7.27237
14107.00 7.27283
14106.00 7.27330
14105.00 7.27376
14104.00 7.27422
14103.00 7.27469
14102.00 7.27515
14101.00 7.27561
14100.00 7.27608
14099.00 7.27654
14098.00 7.27701
14097.00 7.27747
14096.00 7.27794
14095.00 7.27840
14094.00 7.27886
14093.00 7.27933
14092.00 7.27979
14091.00 7.28026
14090.00 7.28072
14089.00 7.28119
14088.00 7.28165
14087.00 7.28212
14086.00 7.28258
14085.00 7.28305
14084.00 7.28351
14083.00 7.28398
14082.00 7.28444
14081.00 7.28491
14080.00 7.28537
14079.00 7.28584
14078.00 7.28630
14077.00 7.28677
14076.00 7.28723
14075.00 7.28770
14074.00 7.28816
14073.00 7.28863
14072.00 7.28909
14071.00 7.28956
14070.00 7.29002
14069.00 7.29049
14068.00 7.29095
14067.00 7.29142
14066.00 7.29189
14065.00 7.29235
14064.00 7.29282
14063.00 7.29328
14062.00 7.29375
14061.00 7.29422
14060.00 7.29468
14059.00 7.29515
14058.00 7.29562
14057.00 7.29608
14056.00 7.29655
14055.00 7.29701
14054.00 7.29748
14053.00 7.29795
14052.00 7.29841
14051.00 7.29888
14050.00 7.29935
14049.00 7.29981
14048.00 7.30028
14047.00 7.30075
14046.00 7.30121
14045.00 7.30168
14044.00 7.30215
14043.00 7.30261
14042.00 7.30308
14041.00 7.30355
14040.00 7.30401
14039.00 7.30448
14038.00 7.30495
14037.00 7.30542
14036.00 7.30588
14035.00 7.30635
14034.00 7.30682
14033.00 7.30728
14032.00 7.30775
14031.00 7.30822
14030.00 7.30869
14029.00 7.30916
14028.00 7.30962
14027.00 7.31009
14026.00 7.31056
14025.00 7.31103
14024.00 7.31149
14023.00 7.31196
14022.00 7.31243
14021.00 7.31290
14020.00 7.31337
14019.00 7.31383
14018.00 7.31430
14017.00 7.31477
14016.00 7.31524
14015.00 7.31571
14014.00 7.31618
14013.00 7.31664
14012.00 7.31711
14011.00 7.31758
14010.00 7.31805
14009.00 7.31852
14008.00 7.31899
14007.00 7.31946
14006.00 7.31992
14005.00 7.32039
14004.00 7.32086
14003.00 7.32133
14002.00 7.32180
14001.00 7.32227
14000.00 7.32274
13999.00 7.32321
13998.00 7.32368
13997.00 7.32415
13996.00 7.32461
13995.00 7.32508
13994.00 7.32555
13993.00 7.32602
13992.00 7.32649
13991.00 7.32696
13990.00 7.32743
13989.00 7.32790
13988.00 7.32837
13987.00 7.32884
13986.00 7.32931
13985.00 7.32978
13984.00 7.33025
13983.00 7.33072
13982.00 7.33119
13981.00 7.33166
13980.00 7.33213
13979.00 7.33260
13978.00 7.33307
13977.00 7.33354
13976.00 7.33401
13975.00 7.33448
13974.00 7.33495
13973.00 7.33542
13972.00 7.33590
13971.00 7.33636
13970.00 7.33683
13969.00 7.33731
13968.00 7.33778
13967.00 7.33825
13966.00 7.33872
13965.00 7.33919
13964.00 7.33966
13963.00 7.34013
13962.00 7.34060
13961.00 7.34107
13960.00 7.34155
13959.00 7.34201
13958.00 7.34249
13957.00 7.34296
13956.00 7.34343
13955.00 7.34390
13954.00 7.34437
13953.00 7.34484
13952.00 7.34531
13951.00 7.34579
13950.00 7.34626
13949.00 7.34673
13948.00 7.34720
13947.00 7.34767
13946.00 7.34814
13945.00 7.34862
13944.00 7.34909
13943.00 7.34956
13942.00 7.35003
13941.00 7.35051
13940.00 7.35098
13939.00 7.35145
13938.00 7.35192
13937.00 7.35239
13936.00 7.35287
13935.00 7.35334
13934.00 7.35381
13933.00 7.35428
13932.00 7.35476
13931.00 7.35523
13930.00 7.35570
13929.00 7.35618
13928.00 7.35665
13927.00 7.35712
13926.00 7.35759
13925.00 7.35807
13924.00 7.35854
13923.00 7.35901
13922.00 7.35948
13921.00 7.35996
13920.00 7.36043
13919.00 7.36090
13918.00 7.36138
13917.00 7.36185
13916.00 7.36232
13915.00 7.36280
13914.00 7.36327
13913.00 7.36374
13912.00 7.36422
13911.00 7.36469
13910.00 7.36516
13909.00 7.36564
13908.00 7.36611
13907.00 7.36659
13906.00 7.36706
13905.00 7.36754
13904.00 7.36801
13903.00 7.36848
13902.00 7.36896
13901.00 7.36943
13900.00 7.36991
13899.00 7.37038
13898.00 7.37086
13897.00 7.37133
13896.00 7.37180
13895.00 7.37228
13894.00 7.37275
13893.00 7.37323
13892.00 7.37370
13891.00 7.37417
13890.00 7.37465
13889.00 7.37512
13888.00 7.37560
13887.00 7.37607
13886.00 7.37655
13885.00 7.37702
13884.00 7.37750
13883.00 7.37797
13882.00 7.37845
13881.00 7.37893
13880.00 7.37940
13879.00 7.37987
13878.00 7.38035
13877.00 7.38083
13876.00 7.38130
13875.00 7.38178
13874.00 7.38225
13873.00 7.38273
13872.00 7.38320
13871.00 7.38368
13870.00 7.38415
13869.00 7.38463
13868.00 7.38511
13867.00 7.38558
13866.00 7.38606
13865.00 7.38653
13864.00 7.38701
13863.00 7.38749
13862.00 7.38796
13861.00 7.38844
13860.00 7.38891
13859.00 7.38939
13858.00 7.38987
13857.00 7.39034
13856.00 7.39082
13855.00 7.39130
13854.00 7.39177
13853.00 7.39225
13852.00 7.39273
13851.00 7.39320
13850.00 7.39368
13849.00 7.39416
13848.00 7.39463
13847.00 7.39511
13846.00 7.39559
13845.00 7.39606
13844.00 7.39654
13843.00 7.39702
13842.00 7.39749
13841.00 7.39797
13840.00 7.39845
13839.00 7.39893
13838.00 7.39940
13837.00 7.39988
13836.00 7.40036
13835.00 7.40084
13834.00 7.40131
13833.00 7.40179
13832.00 7.40227
13831.00 7.40275
13830.00 7.40322
13829.00 7.40370
13828.00 7.40418
13827.00 7.40466
13826.00 7.40514
13825.00 7.40561
13824.00 7.40609
13823.00 7.40657
13822.00 7.40705
13821.00 7.40753
13820.00 7.40800
13819.00 7.40848
13818.00 7.40896
13817.00 7.40944
13816.00 7.40992
13815.00 7.41040
13814.00 7.41088
13813.00 7.41135
13812.00 7.41183
13811.00 7.41231
13810.00 7.41279
13809.00 7.41327
13808.00 7.41375
13807.00 7.41423
13806.00 7.41471
13805.00 7.41518
13804.00 7.41566
13803.00 7.41614
13802.00 7.41662
13801.00 7.41710
13800.00 7.41758
13799.00 7.41806
13798.00 7.41854
13797.00 7.41902
13796.00 7.41950
13795.00 7.41998
13794.00 7.42046
13793.00 7.42094
13792.00 7.42142
13791.00 7.42190
13790.00 7.42238
13789.00 7.42286
13788.00 7.42334
13787.00 7.42382
13786.00 7.42429
13785.00 7.42477
13784.00 7.42525
13783.00 7.42574
13782.00 7.42622
13781.00 7.42670
13780.00 7.42718
13779.00 7.42766
13778.00 7.42814
13777.00 7.42862
13776.00 7.42910
13775.00 7.42958
13774.00 7.43006
13773.00 7.43054
13772.00 7.43102
13771.00 7.43150
13770.00 7.43198
13769.00 7.43246
13768.00 7.43294
13767.00 7.43342
13766.00 7.43390
13765.00 7.43439
13764.00 7.43487
13763.00 7.43535
13762.00 7.43583
13761.00 7.43631
13760.00 7.43679
13759.00 7.43727
13758.00 7.43776
13757.00 7.43824
13756.00 7.43872
13755.00 7.43920
13754.00 7.43968
13753.00 7.44016
13752.00 7.44065
13751.00 7.44113
13750.00 7.44161
13749.00 7.44209
13748.00 7.44257
13747.00 7.44305
13746.00 7.44354
13745.00 7.44402
13744.00 7.44450
13743.00 7.44498
13742.00 7.44546
13741.00 7.44595
13740.00 7.44643
13739.00 7.44691
13738.00 7.44739
13737.00 7.44788
13736.00 7.44836
13735.00 7.44884
13734.00 7.44932
13733.00 7.44981
13732.00 7.45029
13731.00 7.45077
13730.00 7.45125
13729.00 7.45174
13728.00 7.45222
13727.00 7.45270
13726.00 7.45319
13725.00 7.45367
13724.00 7.45415
13723.00 7.45464
13722.00 7.45512
13721.00 7.45560
13720.00 7.45609
13719.00 7.45657
13718.00 7.45705
13717.00 7.45754
13716.00 7.45802
13715.00 7.45850
13714.00 7.45899
13713.00 7.45947
13712.00 7.45995
13711.00 7.46044
13710.00 7.46092
13709.00 7.46141
13708.00 7.46189
13707.00 7.46237
13706.00 7.46286
13705.00 7.46334
13704.00 7.46383
13703.00 7.46431
13702.00 7.46480
13701.00 7.46528
13700.00 7.46576
13699.00 7.46625
13698.00 7.46673
13697.00 7.46722
13696.00 7.46770
13695.00 7.46819
13694.00 7.46867
13693.00 7.46915
13692.00 7.46964
13691.00 7.47013
13690.00 7.47061
13689.00 7.47110
13688.00 7.47158
13687.00 7.47206
13686.00 7.47255
13685.00 7.47303
13684.00 7.47352
13683.00 7.47401
13682.00 7.47449
13681.00 7.47497
13680.00 7.47546
13679.00 7.47595
13678.00 7.47643
13677.00 7.47692
13676.00 7.47740
13675.00 7.47789
13674.00 7.47837
13673.00 7.47886
13672.00 7.47935
13671.00 7.47983
13670.00 7.48032
13669.00 7.48080
13668.00 7.48129
13667.00 7.48178
13666.00 7.48226
13665.00 7.48275
13664.00 7.48323
13663.00 7.48372
13662.00 7.48421
13661.00 7.48469
13660.00 7.48518
13659.00 7.48567
13658.00 7.48615
13657.00 7.48664
13656.00 7.48712
13655.00 7.48761
13654.00 7.48810
13653.00 7.48858
13652.00 7.48907
13651.00 7.48956
13650.00 7.49004
13649.00 7.49053
13648.00 7.49102
13647.00 7.49151
13646.00 7.49199
13645.00 7.49248
13644.00 7.49297
13643.00 7.49345
13642.00 7.49394
13641.00 7.49443
13640.00 7.49492
13639.00 7.49541
13638.00 7.49589
13637.00 7.49638
13636.00 7.49687
13635.00 7.49735
13634.00 7.49784
13633.00 7.49833
13632.00 7.49882
13631.00 7.49931
13630.00 7.49979
13629.00 7.50028
13628.00 7.50077
13627.00 7.50126
13626.00 7.50175
13625.00 7.50223
13624.00 7.50272
13623.00 7.50321
13622.00 7.50370
13621.00 7.50419
13620.00 7.50467
13619.00 7.50516
13618.00 7.50565
13617.00 7.50614
13616.00 7.50663
13615.00 7.50712
13614.00 7.50761
13613.00 7.50809
13612.00 7.50858
13611.00 7.50907
13610.00 7.50956
13609.00 7.51005
13608.00 7.51054
13607.00 7.51103
13606.00 7.51152
13605.00 7.51201
13604.00 7.51250
13603.00 7.51299
13602.00 7.51348
13601.00 7.51396
13600.00 7.51445
13599.00 7.51494
13598.00 7.51543
13597.00 7.51592
13596.00 7.51641
13595.00 7.51690
13594.00 7.51739
13593.00 7.51788
13592.00 7.51837
13591.00 7.51886
13590.00 7.51935
13589.00 7.51984
13588.00 7.52033
13587.00 7.52082
13586.00 7.52131
13585.00 7.52180
13584.00 7.52229
13583.00 7.52278
13582.00 7.52327
13581.00 7.52376
13580.00 7.52425
13579.00 7.52474
13578.00 7.52523
13577.00 7.52572
13576.00 7.52621
13575.00 7.52671
13574.00 7.52720
13573.00 7.52769
13572.00 7.52818
13571.00 7.52867
13570.00 7.52916
13569.00 7.52965
13568.00 7.53014
13567.00 7.53063
13566.00 7.53113
13565.00 7.53162
13564.00 7.53211
13563.00 7.53260
13562.00 7.53309
13561.00 7.53358
13560.00 7.53407
13559.00 7.53456
13558.00 7.53506
13557.00 7.53555
13556.00 7.53604
13555.00 7.53653
13554.00 7.53702
13553.00 7.53751
13552.00 7.53801
13551.00 7.53850
13550.00 7.53899
13549.00 7.53948
13548.00 7.53997
13547.00 7.54047
13546.00 7.54096
13545.00 7.54145
13544.00 7.54194
13543.00 7.54243
13542.00 7.54293
13541.00 7.54342
13540.00 7.54391
13539.00 7.54440
13538.00 7.54490
13537.00 7.54539
13536.00 7.54588
13535.00 7.54638
13534.00 7.54687
13533.00 7.54736
13532.00 7.54785
13531.00 7.54835
13530.00 7.54884
13529.00 7.54933
13528.00 7.54983
13527.00 7.55032
13526.00 7.55081
13525.00 7.55131
13524.00 7.55180
13523.00 7.55229
13522.00 7.55279
13521.00 7.55328
13520.00 7.55377
13519.00 7.55427
13518.00 7.55476
13517.00 7.55525
13516.00 7.55575
13515.00 7.55624
13514.00 7.55673
13513.00 7.55723
13512.00 7.55772
13511.00 7.55822
13510.00 7.55871
13509.00 7.55920
13508.00 7.55970
13507.00 7.56019
13506.00 7.56069
13505.00 7.56118
13504.00 7.56168
13503.00 7.56217
13502.00 7.56266
13501.00 7.56316
13500.00 7.56365
13499.00 7.56415
13498.00 7.56464
13497.00 7.56514
13496.00 7.56563
13495.00 7.56613
13494.00 7.56662
13493.00 7.56712
13492.00 7.56761
13491.00 7.56811
13490.00 7.56860
13489.00 7.56910
13488.00 7.56959
13487.00 7.57009
13486.00 7.57058
13485.00 7.57108
13484.00 7.57157
13483.00 7.57207
13482.00 7.57256
13481.00 7.57306
13480.00 7.57355
13479.00 7.57405
13478.00 7.57454
13477.00 7.57504
13476.00 7.57554
13475.00 7.57603
13474.00 7.57653
13473.00 7.57702
13472.00 7.57752
13471.00 7.57801
13470.00 7.57851
13469.00 7.57901
13468.00 7.57950
13467.00 7.58000
13466.00 7.58050
13465.00 7.58099
13464.00 7.58149
13463.00 7.58199
13462.00 7.58248
13461.00 7.58298
13460.00 7.58348
13459.00 7.58397
13458.00 7.58447
13457.00 7.58496
13456.00 7.58546
13455.00 7.58596
13454.00 7.58645
13453.00 7.58695
13452.00 7.58745
13451.00 7.58795
13450.00 7.58844
13449.00 7.58894
13448.00 7.58944
13447.00 7.58993
13446.00 7.59043
13445.00 7.59093
13444.00 7.59143
13443.00 7.59192
13442.00 7.59242
13441.00 7.59292
13440.00 7.59342
13439.00 7.59391
13438.00 7.59441
13437.00 7.59491
13436.00 7.59541
13435.00 7.59591
13434.00 7.59640
13433.00 7.59690
13432.00 7.59740
13431.00 7.59790
13430.00 7.59839
13429.00 7.59889
13428.00 7.59939
13427.00 7.59989
13426.00 7.60039
13425.00 7.60089
13424.00 7.60138
13423.00 7.60188
13422.00 7.60238
13421.00 7.60288
13420.00 7.60338
13419.00 7.60388
13418.00 7.60437
13417.00 7.60487
13416.00 7.60537
13415.00 7.60587
13414.00 7.60637
13413.00 7.60687
13412.00 7.60737
13411.00 7.60787
13410.00 7.60837
13409.00 7.60886
13408.00 7.60936
13407.00 7.60986
13406.00 7.61036
13405.00 7.61086
13404.00 7.61136
13403.00 7.61186
13402.00 7.61236
13401.00 7.61286
13400.00 7.61336
13399.00 7.61386
13398.00 7.61436
13397.00 7.61486
13396.00 7.61536
13395.00 7.61586
13394.00 7.61636
13393.00 7.61686
13392.00 7.61736
13391.00 7.61786
13390.00 7.61836
13389.00 7.61886
13388.00 7.61936
13387.00 7.61986
13386.00 7.62036
13385.00 7.62086
13384.00 7.62136
13383.00 7.62186
13382.00 7.62236
13381.00 7.62286
13380.00 7.62336
13379.00 7.62386
13378.00 7.62436
13377.00 7.62486
13376.00 7.62537
13375.00 7.62587
13374.00 7.62637
13373.00 7.62687
13372.00 7.62737
13371.00 7.62787
13370.00 7.62837
13369.00 7.62887
13368.00 7.62937
13367.00 7.62988
13366.00 7.63037
13365.00 7.63088
13364.00 7.63138
13363.00 7.63188
13362.00 7.63238
13361.00 7.63288
13360.00 7.63338
13359.00 7.63389
13358.00 7.63439
13357.00 7.63489
13356.00 7.63539
13355.00 7.63589
13354.00 7.63640
13353.00 7.63690
13352.00 7.63740
13351.00 7.63790
13350.00 7.63840
13349.00 7.63891
13348.00 7.63941
13347.00 7.63991
13346.00 7.64041
13345.00 7.64091
13344.00 7.64142
13343.00 7.64192
13342.00 7.64242
13341.00 7.64293
13340.00 7.64343
13339.00 7.64393
13338.00 7.64443
13337.00 7.64494
13336.00 7.64544
13335.00 7.64594
13334.00 7.64644
13333.00 7.64695
13332.00 7.64745
13331.00 7.64795
13330.00 7.64846
13329.00 7.64896
13328.00 7.64946
13327.00 7.64997
13326.00 7.65047
13325.00 7.65097
13324.00 7.65148
13323.00 7.65198
13322.00 7.65248
13321.00 7.65299
13320.00 7.65349
13319.00 7.65399
13318.00 7.65450
13317.00 7.65500
13316.00 7.65551
13315.00 7.65601
13314.00 7.65651
13313.00 7.65702
13312.00 7.65752
13311.00 7.65803
13310.00 7.65853
13309.00 7.65903
13308.00 7.65954
13307.00 7.66004
13306.00 7.66055
13305.00 7.66105
13304.00 7.66156
13303.00 7.66206
13302.00 7.66257
13301.00 7.66307
13300.00 7.66357
13299.00 7.66408
13298.00 7.66458
13297.00 7.66509
13296.00 7.66559
13295.00 7.66610
13294.00 7.66660
13293.00 7.66711
13292.00 7.66761
13291.00 7.66812
13290.00 7.66862
13289.00 7.66913
13288.00 7.66963
13287.00 7.67014
13286.00 7.67064
13285.00 7.67115
13284.00 7.67166
13283.00 7.67216
13282.00 7.67267
13281.00 7.67317
13280.00 7.67368
13279.00 7.67418
13278.00 7.67469
13277.00 7.67520
13276.00 7.67570
13275.00 7.67621
13274.00 7.67671
13273.00 7.67722
13272.00 7.67773
13271.00 7.67823
13270.00 7.67874
13269.00 7.67924
13268.00 7.67975
13267.00 7.68026
13266.00 7.68076
13265.00 7.68127
13264.00 7.68178
13263.00 7.68228
13262.00 7.68279
13261.00 7.68330
13260.00 7.68380
13259.00 7.68431
13258.00 7.68482
13257.00 7.68532
13256.00 7.68583
13255.00 7.68634
13254.00 7.68684
13253.00 7.68735
13252.00 7.68786
13251.00 7.68837
13250.00 7.68887
13249.00 7.68938
13248.00 7.68989
13247.00 7.69040
13246.00 7.69090
13245.00 7.69141
13244.00 7.69192
13243.00 7.69242
13242.00 7.69293
13241.00 7.69344
13240.00 7.69395
13239.00 7.69446
13238.00 7.69496
13237.00 7.69547
13236.00 7.69598
13235.00 7.69649
13234.00 7.69699
13233.00 7.69750
13232.00 7.69801
13231.00 7.69852
13230.00 7.69903
13229.00 7.69954
13228.00 7.70004
13227.00 7.70055
13226.00 7.70106
13225.00 7.70157
13224.00 7.70208
13223.00 7.70259
13222.00 7.70309
13221.00 7.70360
13220.00 7.70411
13219.00 7.70462
13218.00 7.70513
13217.00 7.70564
13216.00 7.70615
13215.00 7.70666
13214.00 7.70717
13213.00 7.70768
13212.00 7.70818
13211.00 7.70869
13210.00 7.70920
13209.00 7.70971
13208.00 7.71022
13207.00 7.71073
13206.00 7.71124
13205.00 7.71175
13204.00 7.71226
13203.00 7.71277
13202.00 7.71328
13201.00 7.71379
13200.00 7.71430
13199.00 7.71481
13198.00 7.71532
13197.00 7.71583
13196.00 7.71634
13195.00 7.71685
13194.00 7.71736
13193.00 7.71787
13192.00 7.71838
13191.00 7.71889
13190.00 7.71940
13189.00 7.71991
13188.00 7.72042
13187.00 7.72093
13186.00 7.72144
13185.00 7.72195
13184.00 7.72246
13183.00 7.72297
13182.00 7.72348
13181.00 7.72399
13180.00 7.72450
13179.00 7.72501
13178.00 7.72552
13177.00 7.72604
13176.00 7.72655
13175.00 7.72706
13174.00 7.72757
13173.00 7.72808
13172.00 7.72859
13171.00 7.72910
13170.00 7.72961
13169.00 7.73012
13168.00 7.73064
13167.00 7.73115
13166.00 7.73166
13165.00 7.73217
13164.00 7.73268
13163.00 7.73319
13162.00 7.73371
13161.00 7.73422
13160.00 7.73473
13159.00 7.73524
13158.00 7.73575
13157.00 7.73627
13156.00 7.73678
13155.00 7.73729
13154.00 7.73780
13153.00 7.73831
13152.00 7.73882
13151.00 7.73934
13150.00 7.73985
13149.00 7.74036
13148.00 7.74088
13147.00 7.74139
13146.00 7.74190
13145.00 7.74241
13144.00 7.74292
13143.00 7.74344
13142.00 7.74395
13141.00 7.74446
13140.00 7.74498
13139.00 7.74549
13138.00 7.74600
13137.00 7.74651
13136.00 7.74703
13135.00 7.74754
13134.00 7.74805
13133.00 7.74857
13132.00 7.74908
13131.00 7.74959
13130.00 7.75011
13129.00 7.75062
13128.00 7.75113
13127.00 7.75165
13126.00 7.75216
13125.00 7.75267
13124.00 7.75319
13123.00 7.75370
13122.00 7.75421
13121.00 7.75473
13120.00 7.75524
13119.00 7.75576
13118.00 7.75627
13117.00 7.75678
13116.00 7.75730
13115.00 7.75781
13114.00 7.75833
13113.00 7.75884
13112.00 7.75935
13111.00 7.75987
13110.00 7.76038
13109.00 7.76090
13108.00 7.76141
13107.00 7.76193
13106.00 7.76244
13105.00 7.76295
13104.00 7.76347
13103.00 7.76398
13102.00 7.76450
13101.00 7.76501
13100.00 7.76553
13099.00 7.76604
13098.00 7.76656
13097.00 7.76707
13096.00 7.76759
13095.00 7.76810
13094.00 7.76862
13093.00 7.76913
13092.00 7.76965
13091.00 7.77016
13090.00 7.77068
13089.00 7.77119
13088.00 7.77171
13087.00 7.77223
13086.00 7.77274
13085.00 7.77326
13084.00 7.77377
13083.00 7.77429
13082.00 7.77480
13081.00 7.77532
13080.00 7.77584
13079.00 7.77635
13078.00 7.77687
13077.00 7.77738
13076.00 7.77790
13075.00 7.77842
13074.00 7.77893
13073.00 7.77945
13072.00 7.77996
13071.00 7.78048
13070.00 7.78100
13069.00 7.78151
13068.00 7.78203
13067.00 7.78255
13066.00 7.78306
13065.00 7.78358
13064.00 7.78410
13063.00 7.78461
13062.00 7.78513
13061.00 7.78565
13060.00 7.78616
13059.00 7.78668
13058.00 7.78720
13057.00 7.78771
13056.00 7.78823
13055.00 7.78875
13054.00 7.78926
13053.00 7.78978
13052.00 7.79030
13051.00 7.79082
13050.00 7.79133
13049.00 7.79185
13048.00 7.79237
13047.00 7.79289
13046.00 7.79340
13045.00 7.79392
13044.00 7.79444
13043.00 7.79496
13042.00 7.79548
13041.00 7.79599
13040.00 7.79651
13039.00 7.79703
13038.00 7.79755
13037.00 7.79807
13036.00 7.79858
13035.00 7.79910
13034.00 7.79962
13033.00 7.80014
13032.00 7.80066
13031.00 7.80117
13030.00 7.80169
13029.00 7.80221
13028.00 7.80273
13027.00 7.80325
13026.00 7.80377
13025.00 7.80429
13024.00 7.80480
13023.00 7.80532
13022.00 7.80584
13021.00 7.80636
13020.00 7.80688
13019.00 7.80740
13018.00 7.80792
13017.00 7.80844
13016.00 7.80896
13015.00 7.80947
13014.00 7.80999
13013.00 7.81051
13012.00 7.81103
13011.00 7.81155
13010.00 7.81207
13009.00 7.81259
13008.00 7.81311
13007.00 7.81363
13006.00 7.81415
13005.00 7.81467
13004.00 7.81519
13003.00 7.81571
13002.00 7.81623
13001.00 7.81675
13000.00 7.81727
12999.00 7.81779
12998.00 7.81831
12997.00 7.81883
12996.00 7.81935
12995.00 7.81987
12994.00 7.82039
12993.00 7.82091
12992.00 7.82143
12991.00 7.82195
12990.00 7.82247
12989.00 7.82299
12988.00 7.82351
12987.00 7.82403
12986.00 7.82455
12985.00 7.82507
12984.00 7.82559
12983.00 7.82611
12982.00 7.82663
12981.00 7.82716
12980.00 7.82768
12979.00 7.82820
12978.00 7.82872
12977.00 7.82924
12976.00 7.82976
12975.00 7.83028
12974.00 7.83080
12973.00 7.83132
12972.00 7.83185
12971.00 7.83237
12970.00 7.83289
12969.00 7.83341
12968.00 7.83393
12967.00 7.83445
12966.00 7.83497
12965.00 7.83550
12964.00 7.83602
12963.00 7.83654
12962.00 7.83706
12961.00 7.83758
12960.00 7.83811
12959.00 7.83863
12958.00 7.83915
12957.00 7.83967
12956.00 7.84019
12955.00 7.84072
12954.00 7.84124
12953.00 7.84176
12952.00 7.84228
12951.00 7.84281
12950.00 7.84333
12949.00 7.84385
12948.00 7.84437
12947.00 7.84489
12946.00 7.84542
12945.00 7.84594
12944.00 7.84646
12943.00 7.84699
12942.00 7.84751
12941.00 7.84803
12940.00 7.84855
12939.00 7.84908
12938.00 7.84960
12937.00 7.85012
12936.00 7.85065
12935.00 7.85117
12934.00 7.85169
12933.00 7.85222
12932.00 7.85274
12931.00 7.85326
12930.00 7.85379
12929.00 7.85431
12928.00 7.85483
12927.00 7.85536
12926.00 7.85588
12925.00 7.85641
12924.00 7.85693
12923.00 7.85745
12922.00 7.85798
12921.00 7.85850
12920.00 7.85902
12919.00 7.85955
12918.00 7.86007
12917.00 7.86060
12916.00 7.86112
12915.00 7.86164
12914.00 7.86217
12913.00 7.86269
12912.00 7.86322
12911.00 7.86374
12910.00 7.86427
12909.00 7.86479
12908.00 7.86532
12907.00 7.86584
12906.00 7.86637
12905.00 7.86689
12904.00 7.86741
12903.00 7.86794
12902.00 7.86846
12901.00 7.86899
12900.00 7.86951
12899.00 7.87004
12898.00 7.87056
12897.00 7.87109
12896.00 7.87161
12895.00 7.87214
12894.00 7.87267
12893.00 7.87319
12892.00 7.87372
12891.00 7.87424
12890.00 7.87477
12889.00 7.87529
12888.00 7.87582
12887.00 7.87634
12886.00 7.87687
12885.00 7.87740
12884.00 7.87792
12883.00 7.87845
12882.00 7.87897
12881.00 7.87950
12880.00 7.88002
12879.00 7.88055
12878.00 7.88108
12877.00 7.88160
12876.00 7.88213
12875.00 7.88266
12874.00 7.88318
12873.00 7.88371
12872.00 7.88423
12871.00 7.88476
12870.00 7.88529
12869.00 7.88581
12868.00 7.88634
12867.00 7.88687
12866.00 7.88739
12865.00 7.88792
12864.00 7.88845
12863.00 7.88897
12862.00 7.88950
12861.00 7.89003
12860.00 7.89056
12859.00 7.89108
12858.00 7.89161
12857.00 7.89214
12856.00 7.89266
12855.00 7.89319
12854.00 7.89372
12853.00 7.89425
12852.00 7.89477
12851.00 7.89530
12850.00 7.89583
12849.00 7.89636
12848.00 7.89688
12847.00 7.89741
12846.00 7.89794
12845.00 7.89847
12844.00 7.89899
12843.00 7.89952
12842.00 7.90005
12841.00 7.90058
12840.00 7.90111
12839.00 7.90163
12838.00 7.90216
12837.00 7.90269
12836.00 7.90322
12835.00 7.90375
12834.00 7.90428
12833.00 7.90480
12832.00 7.90533
12831.00 7.90586
12830.00 7.90639
12829.00 7.90692
12828.00 7.90745
12827.00 7.90798
12826.00 7.90850
12825.00 7.90903
12824.00 7.90956
12823.00 7.91009
12822.00 7.91062
12821.00 7.91115
12820.00 7.91168
12819.00 7.91221
12818.00 7.91274
12817.00 7.91327
12816.00 7.91379
12815.00 7.91432
12814.00 7.91485
12813.00 7.91538
12812.00 7.91591
12811.00 7.91644
12810.00 7.91697
12809.00 7.91750
12808.00 7.91803
12807.00 7.91856
12806.00 7.91909
12805.00 7.91962
12804.00 7.92015
12803.00 7.92068
12802.00 7.92121
12801.00 7.92174
12800.00 7.92227
