#1st harmonic bragg gap dummypitch dummyroll
Units mDeg mm mm mm
60000.00 6.20850
59000.00 6.25416
58990.00 6.25480
58980.00 6.25545
58970.00 6.25610
58960.00 6.25675
58950.00 6.25740
58940.00 6.25805
58930.00 6.25870
58920.00 6.25934
58910.00 6.25999
58900.00 6.26064
58890.00 6.26129
58880.00 6.26194
58870.00 6.26259
58860.00 6.26325
58850.00 6.26390
58840.00 6.26455
58830.00 6.26520
58820.00 6.26585
58810.00 6.26651
58800.00 6.26716
58790.00 6.26781
58780.00 6.26847
58770.00 6.26912
58760.00 6.26977
58750.00 6.27042
58740.00 6.27108
58730.00 6.27173
58720.00 6.27239
58710.00 6.27304
58700.00 6.27370
58690.00 6.27435
58680.00 6.27501
58670.00 6.27567
58660.00 6.27632
58650.00 6.27698
58600.00 6.29255
58590.00 6.29320
58580.00 6.29384
58570.00 6.29449
58560.00 6.29513
58550.00 6.29578
58540.00 6.29643
58530.00 6.29707
58520.00 6.29772
58510.00 6.29837
58500.00 6.30572
58490.00 6.30639
58480.00 6.30706
58470.00 6.30772
58460.00 6.30839
58450.00 6.30906
58440.00 6.30972
58430.00 6.31039
58420.00 6.31106
58410.00 6.31173
58400.00 6.31239
58390.00 6.31306
58380.00 6.31373
58370.00 6.31440
58360.00 6.31507
58350.00 6.31574
58340.00 6.31641
58330.00 6.31708
58320.00 6.31775
58310.00 6.31842
58300.00 6.31909
58290.00 6.31976
58280.00 6.32043
58270.00 6.32110
58260.00 6.32177
58250.00 6.32244
58240.00 6.32312
58230.00 6.32379
58220.00 6.32446
58210.00 6.32513
58200.00 6.32581
58190.00 6.32648
58180.00 6.32716
58170.00 6.32783
58160.00 6.32850
58150.00 6.32918
58140.00 6.32985
58130.00 6.33053
58120.00 6.33120
58110.00 6.33188
58100.00 6.33255
58090.00 6.33323
58080.00 6.33391
58070.00 6.33458
58060.00 6.33526
58050.00 6.33594
58040.00 6.33661
58030.00 6.33729
58020.00 6.33797
58000.00 6.34127
57990.00 6.34192
57980.00 6.34256
57970.00 6.34321
57960.00 6.34385
57950.00 6.34450
57940.00 6.34515
57930.00 6.34579
57920.00 6.34644
57910.00 6.34709
57900.00 6.34774
57890.00 6.34839
57880.00 6.34904
57870.00 6.34969
57860.00 6.35034
57850.00 6.35099
57840.00 6.35164
57830.00 6.35229
57820.00 6.35294
57810.00 6.35359
57800.00 6.35425
57790.00 6.35490
57780.00 6.35555
57770.00 6.35620
57760.00 6.35686
57750.00 6.35751
57740.00 6.35817
57730.00 6.35882
57720.00 6.35948
57710.00 6.36013
57700.00 6.36079
57690.00 6.36145
57680.00 6.36210
57670.00 6.36276
57660.00 6.36342
57650.00 6.36407
57640.00 6.36473
57630.00 6.36539
57620.00 6.36605
57610.00 6.36671
57600.00 6.36737
57590.00 6.36803
57580.00 6.36869
57570.00 6.36935
57560.00 6.37001
57550.00 6.37067
57540.00 6.37134
57530.00 6.37200
57520.00 6.37266
57510.00 6.37333
57500.00 6.37399
57490.00 6.37465
57480.00 6.37532
57470.00 6.37598
57460.00 6.37665
57450.00 6.37731
57440.00 6.37798
57430.00 6.37864
57420.00 6.37931
57410.00 6.37998
57400.00 6.38064
57390.00 6.38131
57380.00 6.38198
57370.00 6.38265
57360.00 6.38332
57350.00 6.38399
57340.00 6.38466
57330.00 6.38533
57320.00 6.38600
57310.00 6.38667
57300.00 6.38734
57290.00 6.38801
57280.00 6.38868
57270.00 6.38935
57260.00 6.39003
57250.00 6.39070
57240.00 6.39137
57230.00 6.39205
57220.00 6.39272
57210.00 6.39339
57200.00 6.39407
57190.00 6.39474
57180.00 6.39542
57170.00 6.39610
57160.00 6.39677
57150.00 6.39745
57140.00 6.39813
57130.00 6.39880
57120.00 6.39948
57110.00 6.40016
57100.00 6.40084
57090.00 6.40152
57080.00 6.40219
57070.00 6.40288
57060.00 6.40356
57050.00 6.40424
57040.00 6.40492
57030.00 6.40560
57020.00 6.40628
57010.00 6.40696
57000.00 6.40764
56990.00 6.40833
56980.00 6.40901
56970.00 6.40969
56960.00 6.41038
56950.00 6.41106
56940.00 6.41175
56930.00 6.41243
56920.00 6.41312
56910.00 6.41380
56900.00 6.41449
56890.00 6.41517
56880.00 6.41586
56870.00 6.41655
56860.00 6.41723
56850.00 6.41792
56840.00 6.41861
56830.00 6.41930
56820.00 6.41999
56810.00 6.42068
56800.00 6.42137
56790.00 6.42206
56780.00 6.42275
56770.00 6.42344
56760.00 6.42413
56750.00 6.42482
56740.00 6.42551
56730.00 6.42621
56720.00 6.42690
56710.00 6.42759
56700.00 6.42829
56690.00 6.42898
56680.00 6.42968
56670.00 6.43037
56660.00 6.43106
56650.00 6.43176
56640.00 6.43246
56630.00 6.43315
56620.00 6.43385
56610.00 6.43455
56600.00 6.43524
56590.00 6.43594
56580.00 6.43664
56570.00 6.43734
56560.00 6.43804
56550.00 6.43873
56540.00 6.43943
56530.00 6.44013
56520.00 6.44083
56510.00 6.44153
56500.00 6.44224
56490.00 6.44294
56480.00 6.44364
56470.00 6.44434
56460.00 6.44504
56450.00 6.44575
56440.00 6.44645
56430.00 6.44715
56420.00 6.44786
56410.00 6.44856
56400.00 6.44927
56390.00 6.44997
56380.00 6.45068
56370.00 6.45138
56360.00 6.45209
56350.00 6.45280
56340.00 6.45350
56330.00 6.45421
56320.00 6.45492
56310.00 6.45563
56300.00 6.45634
56290.00 6.45704
56280.00 6.45775
56270.00 6.45846
56260.00 6.45917
56250.00 6.45988
56240.00 6.46059
56230.00 6.46131
56220.00 6.46202
56210.00 6.46273
56200.00 6.46344
56190.00 6.46415
56180.00 6.46487
56170.00 6.46558
56160.00 6.46629
56150.00 6.46701
56140.00 6.46772
56130.00 6.46844
56120.00 6.46915
56110.00 6.46987
56100.00 6.47058
56090.00 6.47130
56080.00 6.47202
56070.00 6.47273
56060.00 6.47345
56050.00 6.47417
56040.00 6.47489
56030.00 6.47561
56020.00 6.47633
56010.00 6.47705
56000.00 6.47777
55990.00 6.47849
55980.00 6.47921
55970.00 6.47993
55960.00 6.48065
55950.00 6.48137
55940.00 6.48209
55930.00 6.48281
55920.00 6.48354
55910.00 6.48426
55900.00 6.48498
55890.00 6.48571
55880.00 6.48643
55870.00 6.48716
55860.00 6.48788
55850.00 6.48861
55840.00 6.48933
55830.00 6.49006
55820.00 6.49079
55810.00 6.49151
55800.00 6.49224
55790.00 6.49297
55780.00 6.49370
55770.00 6.49442
55760.00 6.49515
55750.00 6.49588
55740.00 6.49661
55730.00 6.49734
55720.00 6.49807
55710.00 6.49880
55700.00 6.49953
55690.00 6.50026
55680.00 6.50100
55670.00 6.50173
55660.00 6.50246
55650.00 6.50319
55640.00 6.50393
55630.00 6.50466
55620.00 6.50539
55610.00 6.50613
55600.00 6.50686
55590.00 6.50760
55580.00 6.50834
55570.00 6.50907
55560.00 6.50981
55550.00 6.51054
55540.00 6.51128
55530.00 6.51202
55520.00 6.51276
55510.00 6.51349
55500.00 6.51423
55490.00 6.51497
55480.00 6.51571
55470.00 6.51645
55460.00 6.51719
55450.00 6.51793
55440.00 6.51867
55430.00 6.51941
55420.00 6.52015
55410.00 6.52090
55400.00 6.52164
55390.00 6.52238
55380.00 6.52312
55370.00 6.52387
55360.00 6.52461
55350.00 6.52535
55340.00 6.52610
55330.00 6.52684
55320.00 6.52759
55310.00 6.52834
55300.00 6.52908
55290.00 6.52983
55280.00 6.53057
55270.00 6.53132
55260.00 6.53207
55250.00 6.53282
55240.00 6.53357
55230.00 6.53431
55220.00 6.53506
55210.00 6.53581
55200.00 6.53656
55190.00 6.53731
55180.00 6.53806
55170.00 6.53881
55160.00 6.53956
55150.00 6.54032
55140.00 6.54107
55130.00 6.54182
55120.00 6.54257
55110.00 6.54333
55100.00 6.54408
55090.00 6.54483
55080.00 6.54559
55070.00 6.54634
55060.00 6.54710
55050.00 6.54785
55040.00 6.54861
55030.00 6.54937
55020.00 6.55012
55010.00 6.55088
55000.00 6.55164
54990.00 6.55239
54980.00 6.55315
54970.00 6.55391
54960.00 6.55467
54950.00 6.55543
54940.00 6.55619
54930.00 6.55695
54920.00 6.55771
54910.00 6.55847
54900.00 6.55923
54890.00 6.55999
54880.00 6.56075
54870.00 6.56151
54860.00 6.56228
54850.00 6.56304
54840.00 6.56380
54830.00 6.56457
54820.00 6.56533
54810.00 6.56610
54800.00 6.56686
54790.00 6.56763
54780.00 6.56839
54770.00 6.56916
54760.00 6.56992
54750.00 6.57069
54740.00 6.57146
54730.00 6.57222
54720.00 6.57299
54710.00 6.57376
54700.00 6.57453
54690.00 6.57530
54680.00 6.57607
54670.00 6.57684
54660.00 6.57761
54650.00 6.57838
54640.00 6.57915
54630.00 6.57992
54620.00 6.58069
54610.00 6.58146
54600.00 6.58223
54590.00 6.58301
54580.00 6.58378
54570.00 6.58455
54560.00 6.58533
54550.00 6.58610
54540.00 6.58688
54530.00 6.58765
54520.00 6.58842
54510.00 6.58920
54500.00 6.58998
54490.00 6.59075
54480.00 6.59153
54470.00 6.59231
54460.00 6.59309
54450.00 6.59386
54440.00 6.59464
54430.00 6.59542
54420.00 6.59620
54410.00 6.59698
54400.00 6.59776
54390.00 6.59854
54380.00 6.59932
54370.00 6.60010
54360.00 6.60088
54350.00 6.60166
54340.00 6.60244
54330.00 6.60323
54320.00 6.60401
54310.00 6.60479
54300.00 6.60558
54290.00 6.60636
54280.00 6.60714
54270.00 6.60793
54260.00 6.60872
54250.00 6.60950
54240.00 6.61029
54230.00 6.61107
54220.00 6.61186
54210.00 6.61265
54200.00 6.61343
54190.00 6.61422
54180.00 6.61501
54170.00 6.61580
54160.00 6.61658
54150.00 6.61737
54140.00 6.61816
54130.00 6.61895
54120.00 6.61974
54110.00 6.62053
54100.00 6.62133
54090.00 6.62212
54080.00 6.62291
54070.00 6.62370
54060.00 6.62449
54050.00 6.62529
54040.00 6.62608
54030.00 6.62687
54020.00 6.62767
54010.00 6.62846
54000.00 6.62926
53990.00 6.63005
53980.00 6.63085
53970.00 6.63164
53960.00 6.63244
53950.00 6.63323
53940.00 6.63403
53930.00 6.63483
53920.00 6.63563
53910.00 6.63643
53900.00 6.63722
53890.00 6.63802
53880.00 6.63882
53870.00 6.63962
53860.00 6.64042
53850.00 6.64122
53840.00 6.64202
53830.00 6.64282
53820.00 6.64363
53810.00 6.64443
53800.00 6.64523
53790.00 6.64603
53780.00 6.64684
53770.00 6.64764
53760.00 6.64844
53750.00 6.64925
53740.00 6.65005
53730.00 6.65086
53720.00 6.65166
53710.00 6.65247
53700.00 6.65327
53690.00 6.65408
53680.00 6.65489
53670.00 6.65569
53660.00 6.65650
53650.00 6.65731
53640.00 6.65812
53630.00 6.65893
53620.00 6.65973
53610.00 6.66054
53600.00 6.66135
53590.00 6.66216
53580.00 6.66298
53570.00 6.66379
53560.00 6.66460
53550.00 6.66541
53540.00 6.66622
53530.00 6.66703
53520.00 6.66784
53510.00 6.66866
53500.00 6.66947
53490.00 6.67259
53480.00 6.67341
53470.00 6.67424
53460.00 6.67506
53450.00 6.67588
53440.00 6.67671
53430.00 6.67753
53420.00 6.67836
53410.00 6.67918
53400.00 6.68001
53390.00 6.68083
53380.00 6.68166
53370.00 6.68249
53360.00 6.68332
53350.00 6.68414
53340.00 6.68497
53330.00 6.68580
53320.00 6.68663
53310.00 6.68746
53300.00 6.68829
53290.00 6.68912
53280.00 6.68995
53270.00 6.69078
53260.00 6.69161
53250.00 6.69244
53240.00 6.69327
53230.00 6.69410
53220.00 6.69494
53210.00 6.69577
53200.00 6.69661
53170.00 6.69728
53160.00 6.69808
53150.00 6.69889
53140.00 6.69969
53130.00 6.70050
53120.00 6.70130
53110.00 6.70211
53100.00 6.70291
53090.00 6.70372
53080.00 6.70452
53070.00 6.70533
53060.00 6.70614
53050.00 6.70694
53040.00 6.70775
53030.00 6.70856
53020.00 6.70936
53010.00 6.71017
53000.00 6.71098
52990.00 6.71179
52980.00 6.71260
52970.00 6.71340
52960.00 6.71421
52950.00 6.71502
52940.00 6.71583
52930.00 6.71664
52920.00 6.71745
52910.00 6.71826
52900.00 6.71907
52890.00 6.71988
52880.00 6.72070
52870.00 6.72151
52860.00 6.72232
52850.00 6.72313
52840.00 6.72394
52830.00 6.72476
52820.00 6.72557
52810.00 6.72638
52800.00 6.72719
52790.00 6.72801
52780.00 6.72882
52770.00 6.72964
52760.00 6.73045
52750.00 6.73126
52740.00 6.73208
52730.00 6.73289
52720.00 6.73371
52710.00 6.73452
52700.00 6.73534
52690.00 6.73616
52680.00 6.73697
52670.00 6.73779
52660.00 6.73861
52650.00 6.73942
52640.00 6.74024
52630.00 6.74106
52620.00 6.74188
52610.00 6.74269
52600.00 6.74351
52590.00 6.74433
52580.00 6.74515
52570.00 6.74597
52560.00 6.74679
52550.00 6.74761
52540.00 6.74843
52530.00 6.74925
52520.00 6.75007
52510.00 6.75089
52500.00 6.75279
52490.00 6.75366
52480.00 6.75453
52470.00 6.75540
52460.00 6.75628
52450.00 6.75715
52440.00 6.75802
52430.00 6.75889
52420.00 6.75976
52410.00 6.76063
52400.00 6.76150
52390.00 6.76237
52380.00 6.76324
52370.00 6.76411
52360.00 6.76498
52350.00 6.76585
52340.00 6.76671
52330.00 6.76758
52320.00 6.76845
52310.00 6.76932
52300.00 6.77019
52290.00 6.77106
52280.00 6.77193
52270.00 6.77280
52260.00 6.77366
52250.00 6.77453
52240.00 6.77540
52230.00 6.77627
52220.00 6.77714
52210.00 6.77800
52200.00 6.77887
52190.00 6.77974
52180.00 6.78061
52170.00 6.78147
52160.00 6.78234
52150.00 6.78321
52140.00 6.78407
52130.00 6.78494
52120.00 6.78581
52110.00 6.78667
52100.00 6.78754
52090.00 6.78841
52080.00 6.78927
52070.00 6.79014
52060.00 6.79100
52050.00 6.79187
52040.00 6.79273
52030.00 6.79360
52020.00 6.79447
52010.00 6.79533
52000.00 6.79620
51990.00 6.79706
51980.00 6.79793
51970.00 6.79879
51960.00 6.79965
51950.00 6.80052
51940.00 6.80138
51930.00 6.80225
51920.00 6.80311
51910.00 6.80398
51900.00 6.80484
51890.00 6.80570
51880.00 6.80657
51870.00 6.80743
51860.00 6.80829
51850.00 6.80916
51840.00 6.81002
51830.00 6.81088
51820.00 6.81175
51810.00 6.81261
51800.00 6.81347
51790.00 6.81433
51780.00 6.81520
51770.00 6.81606
51760.00 6.81692
51750.00 6.81778
51740.00 6.81864
51730.00 6.81951
51720.00 6.82037
51710.00 6.82123
51700.00 6.82209
51690.00 6.82295
51680.00 6.82381
51670.00 6.82467
51660.00 6.82554
51650.00 6.82640
51640.00 6.82726
51630.00 6.82812
51620.00 6.82898
51610.00 6.82984
51600.00 6.83070
51590.00 6.83156
51580.00 6.83242
51570.00 6.83328
51560.00 6.83414
51550.00 6.83500
51540.00 6.83586
51530.00 6.83672
51520.00 6.83758
51510.00 6.83843
51500.00 6.83929
51490.00 6.84015
51480.00 6.84101
51470.00 6.84187
51460.00 6.84273
51450.00 6.84359
51440.00 6.84444
51430.00 6.84530
51420.00 6.84616
51410.00 6.84702
51400.00 6.84788
51390.00 6.84873
51380.00 6.84959
51370.00 6.85045
51360.00 6.85131
51350.00 6.85216
51340.00 6.85302
51330.00 6.85388
51320.00 6.85473
51310.00 6.85559
51300.00 6.85645
