#Bragg	gap
Units mDeg mm 
9228.00 6.02100
9178.00 6.04300
9150.00 6.06610
9140.00 6.07458
9136.98 6.07648
9133.97 6.07838
9130.95 6.08028
9127.94 6.08218
9124.92 6.08408
9121.91 6.08598
9118.89 6.08789
9115.88 6.08980
9112.86 6.09171
9109.85 6.09362
9106.83 6.09553
9103.82 6.09744
9100.80 6.09936
9097.79 6.10127
9094.77 6.10319
9091.76 6.10511
9088.74 6.10703
9085.73 6.10895
9082.71 6.11088
9079.70 6.11280
9076.68 6.11473
9073.67 6.11666
9070.65 6.11859
9067.64 6.12052
9064.62 6.12245
9061.61 6.12438
9058.59 6.12632
9055.58 6.12826
9052.56 6.13019
9049.55 6.13213
9046.53 6.13408
9043.52 6.13602
9040.50 6.13796
9037.49 6.13991
9034.47 6.14186
9031.46 6.14381
9028.44 6.14576
9025.43 6.14771
9022.41 6.14966
9019.40 6.15162
9016.38 6.15357
9013.37 6.15553
9010.35 6.15749
9007.34 6.15945
9004.32 6.16141
9001.31 6.16338
8998.29 6.16534
8995.28 6.16731
8992.26 6.16928
8989.25 6.17125
8986.23 6.17322
8983.22 6.17519
8980.20 6.17716
8977.19 6.17914
8974.17 6.18112
8971.16 6.18310
8968.14 6.18508
8965.13 6.18706
8962.11 6.18904
8959.10 6.19103
8956.08 6.19301
8953.07 6.19500
8950.05 6.19699
8947.04 6.19898
8944.02 6.20097
8941.01 6.20296
8937.99 6.20496
8934.97 6.20696
8931.96 6.20895
8928.94 6.21095
8925.93 6.21295
8922.91 6.21496
8919.90 6.21696
8916.88 6.21897
8913.87 6.22097
8910.85 6.22298
8907.84 6.22499
8904.82 6.22700
8901.81 6.22902
8898.79 6.23103
8895.78 6.23305
8892.76 6.23506
8889.75 6.23708
8886.73 6.23910
8883.72 6.24112
8880.70 6.24315
8877.69 6.24517
8874.67 6.24720
8871.66 6.24923
8868.64 6.25126
8865.63 6.25329
8862.61 6.25532
8859.60 6.25735
8856.58 6.25939
8853.57 6.26142
8850.55 6.26346
8847.54 6.26550
8844.52 6.26754
8841.51 6.26958
8838.49 6.27163
8835.48 6.27367
8832.46 6.27572
8829.45 6.27777
8826.43 6.27982
8823.42 6.28187
8820.40 6.28392
8817.39 6.28598
8814.37 6.28803
8811.36 6.29009
8808.34 6.29215
8805.33 6.29421
8802.31 6.29627
8799.30 6.29834
8796.28 6.30040
8793.27 6.30247
8790.25 6.30454
8787.24 6.30661
8784.22 6.30868
8781.21 6.31075
8778.19 6.31282
8775.18 6.31490
8772.16 6.31697
8769.15 6.31905
8766.13 6.32113
8763.12 6.32321
8760.10 6.32530
8757.09 6.32738
8754.07 6.32947
8751.06 6.33155
8748.04 6.33364
8745.03 6.33573
8742.01 6.33782
8738.99 6.33992
8735.98 6.34201
8732.96 6.34411
8729.95 6.34620
8726.93 6.34830
8723.92 6.35040
8720.90 6.35251
8717.89 6.35461
8714.87 6.35672
8711.86 6.35882
8708.84 6.36093
8705.83 6.36304
8702.81 6.36515
8699.80 6.36726
8696.78 6.36938
8693.77 6.37149
8690.75 6.37361
8687.74 6.37573
8684.72 6.37785
8681.71 6.37997
8678.69 6.38209
8675.68 6.38422
8672.66 6.38634
8669.65 6.38847
8666.63 6.39060
8663.62 6.39273
8660.60 6.39486
8657.59 6.39699
8654.57 6.39913
8651.56 6.40126
8648.54 6.40340
8645.53 6.40554
8642.51 6.40768
8639.50 6.40982
8636.48 6.41197
8633.47 6.41411
8630.45 6.41626
8627.44 6.41841
8624.42 6.42056
8621.41 6.42271
8618.39 6.42486
8615.38 6.42701
8612.36 6.42917
8609.35 6.43133
8606.33 6.43349
8603.32 6.43565
8600.30 6.43781
8600.00 6.44326
8590.00 6.45020
8580.00 6.45716
8570.00 6.46414
8560.00 6.47113
8550.00 6.47815
8540.00 6.48518
8530.00 6.49223
8520.00 6.49930
8510.00 6.50638
8500.00 6.51349
8490.00 6.52061
8480.00 6.52775
8470.00 6.53491
8460.00 6.54209
8450.00 6.54928
8440.00 6.55649
8430.00 6.56372
8420.00 6.57097
8410.00 6.57824
8400.00 6.58552
8390.00 6.59283
8380.00 6.60015
8370.00 6.60749
8360.00 6.61485
8350.00 6.62222
8340.00 6.62961
8330.00 6.63702
8320.00 6.64445
8310.00 6.65190
8300.00 6.65937
8290.00 6.66685
8280.00 6.67435
8270.00 6.68187
8260.00 6.68941
8250.00 6.69697
8240.00 6.70454
8230.00 6.71214
8220.00 6.71974
8210.00 6.72737
8200.00 6.73502
8190.00 6.74269
8180.00 6.75037
8170.00 6.75807
8160.00 6.76579
8150.00 6.77353
8140.00 6.78128
8130.00 6.78905
8120.00 6.79684
8110.00 6.80465
8100.00 6.81248
8090.00 6.82033
8080.00 6.82819
8070.00 6.83607
8060.00 6.84397
8050.00 6.85189
8035.00 6.85985
8032.74 6.86167
8030.48 6.86348
8028.22 6.86530
8025.95 6.86711
8023.69 6.86893
8021.43 6.87074
8019.17 6.87256
8016.91 6.87438
8014.65 6.87620
8012.39 6.87801
8010.13 6.87983
8007.86 6.88165
8005.60 6.88347
8003.34 6.88529
8001.08 6.88712
7998.82 6.88894
7996.56 6.89076
7994.30 6.89258
7992.04 6.89441
7989.77 6.89623
7987.51 6.89806
7985.25 6.89988
7982.99 6.90171
7980.73 6.90353
7978.47 6.90536
7976.21 6.90719
7973.94 6.90902
7971.68 6.91085
7969.42 6.91267
7967.16 6.91450
7964.90 6.91633
7962.64 6.91817
7960.38 6.92000
7958.12 6.92183
7955.85 6.92366
7953.59 6.92550
7951.33 6.92733
7949.07 6.92916
7946.81 6.93100
7944.55 6.93283
7942.29 6.93467
7940.03 6.93651
7937.76 6.93834
7935.50 6.94018
7933.24 6.94202
7930.98 6.94386
7928.72 6.94570
7926.46 6.94754
7924.20 6.94938
7921.93 6.95122
7919.67 6.95306
7917.41 6.95490
7915.15 6.95675
7912.89 6.95859
7910.63 6.96043
7908.37 6.96228
7906.11 6.96412
7903.84 6.96597
7901.58 6.96782
7899.32 6.96966
7897.06 6.97151
7894.80 6.97336
7892.54 6.97521
7890.28 6.97705
7888.02 6.97890
7885.75 6.98075
7883.49 6.98261
7881.23 6.98446
7878.97 6.98631
7876.71 6.98816
7874.45 6.99001
7872.19 6.99187
7869.92 6.99372
7867.66 6.99558
7865.40 6.99743
7863.14 6.99929
7860.88 7.00114
7858.62 7.00300
7856.36 7.00486
7854.10 7.00672
7851.83 7.00857
7849.57 7.01043
7847.31 7.01229
7845.05 7.01415
7842.79 7.01601
7840.53 7.01788
7838.27 7.01974
7836.01 7.02160
7833.74 7.02346
7831.48 7.02533
7829.22 7.02719
7826.96 7.02906
7824.70 7.03092
7822.44 7.03279
7820.18 7.03465
7817.91 7.03652
7815.65 7.03839
7813.39 7.04026
7811.13 7.04212
7808.87 7.04399
7806.61 7.04586
7804.35 7.04773
7802.09 7.04961
7799.82 7.05148
7797.56 7.05335
7795.30 7.05522
7793.04 7.05709
7790.78 7.05897
7788.52 7.06084
7786.26 7.06272
7783.99 7.06459
7781.73 7.06647
7779.47 7.06835
7777.21 7.07022
7774.95 7.07210
7772.69 7.07398
7770.43 7.07586
7768.17 7.07774
7765.90 7.07962
7763.64 7.08150
7761.38 7.08338
7759.12 7.08526
7756.86 7.08714
7754.60 7.08903
7752.34 7.09091
7750.08 7.09279
7747.81 7.09468
7745.55 7.09656
7743.29 7.09845
7741.03 7.10033
7738.77 7.10222
7736.51 7.10411
7734.25 7.10600
7731.98 7.10788
7729.72 7.10977
7727.46 7.11166
7725.20 7.11355
7722.94 7.11544
7720.68 7.11734
7718.42 7.11923
7716.16 7.12112
7713.89 7.12301
7711.63 7.12491
7709.37 7.12680
7707.11 7.12869
7704.85 7.13059
7702.59 7.13249
7700.33 7.13438
7698.07 7.13628
7695.80 7.13818
7693.54 7.14007
7691.28 7.14197
7689.02 7.14387
7686.76 7.14577
7684.50 7.14767
7682.24 7.14957
7679.97 7.15147
7677.71 7.15338
7675.45 7.15528
7673.19 7.15718
7670.93 7.15909
7668.67 7.16099
7666.41 7.16289
7664.15 7.16480
7661.88 7.16671
7659.62 7.16861
7657.36 7.17052
7655.10 7.17243
7652.84 7.17433
7650.58 7.17624
7648.32 7.17815
7646.06 7.18006
7643.79 7.18197
7641.53 7.18388
7639.27 7.18580
7637.01 7.18771
7634.75 7.18962
7632.49 7.19153
7630.23 7.19345
7627.96 7.19536
7625.70 7.19728
7623.44 7.19919
7621.18 7.20111
7618.92 7.20302
7616.66 7.20494
7614.40 7.20686
7612.14 7.20878
7609.87 7.21070
7607.61 7.21262
7605.35 7.21454
7603.09 7.21646
7600.83 7.21838
7598.57 7.22030
7596.31 7.22222
7594.05 7.22414
7591.78 7.22607
7589.52 7.22799
7587.26 7.22992
7585.00 7.23184
7478.00 7.32000
7228.00 7.55200
6978.00 7.79000
6928.00 7.84200
6878.00 7.88900
6828.00 7.94000
6778.00 7.99400
6728.00 8.04700
6678.00 8.10000
6653.00 8.12500
6628.00 8.15200
6603.00 8.17700
6578.00 8.20600
6553.00 8.23000
6528.00 8.25800
6503.00 8.28700
6478.00 8.31500
6453.00 8.34200
6428.00 8.37200
6403.00 8.39900
6378.00 8.42800
6353.00 8.45300
6328.00 8.48400
6303.00 8.51200
6278.00 8.54100
6253.00 8.57000
6178.00 8.65300
6078.00 8.77900
5978.00 8.90500
5728.00 9.26000
5478.00 9.61800
