#1st harmonic bragg gap dummypitch dummyroll
Units mDeg mm mm mm
72000.00 12.36707
71990.00 12.36762
71980.00 12.36816
71970.00 12.36871
71960.00 12.36925
71950.00 12.36980
71940.00 12.37035
71930.00 12.37090
71920.00 12.37144
71910.00 12.37200
71900.00 12.37255
71890.00 12.37310
71880.00 12.37365
71870.00 12.37421
71860.00 12.37476
71850.00 12.37532
71840.00 12.37587
71830.00 12.37643
71820.00 12.37699
71810.00 12.37755
71800.00 12.37811
71790.00 12.37867
71780.00 12.37923
71770.00 12.37979
71760.00 12.38035
71750.00 12.38092
71740.00 12.38148
71730.00 12.38205
71720.00 12.38261
71710.00 12.38318
71700.00 12.38375
71690.00 12.38432
71680.00 12.38489
71670.00 12.38546
71660.00 12.38603
71650.00 12.38660
71640.00 12.38717
71120.00 12.38760
71110.00 12.38820
71100.00 12.38879
71090.00 12.38939
71080.00 12.38999
71070.00 12.39058
71060.00 12.39118
71050.00 12.39178
71040.00 12.39238
71030.00 12.39299
71020.00 12.39359
71010.00 12.39419
71000.00 12.39479
70990.00 12.39540
70980.00 12.39601
70970.00 12.39661
70960.00 12.39722
70950.00 12.39783
70940.00 12.39844
70930.00 12.39904
70920.00 12.39965
70910.00 12.40027
70900.00 12.40088
70890.00 12.40149
70880.00 12.40211
70870.00 12.40272
70860.00 12.40334
70850.00 12.40396
70840.00 12.40457
70830.00 12.40519
70820.00 12.40581
70810.00 12.40643
70800.00 12.40705
70790.00 12.40767
70780.00 12.40830
70770.00 12.40892
70760.00 12.40955
70750.00 12.41017
70740.00 12.41080
70730.00 12.41143
70720.00 12.41206
70710.00 12.41269
70700.00 12.41331
70690.00 12.41394
70680.00 12.41458
70670.00 12.41521
70660.00 12.41584
70650.00 12.41647
70640.00 12.41711
70630.00 12.41774
70620.00 12.41838
70610.00 12.41902
70600.00 12.41966
70590.00 12.42030
70580.00 12.42094
70570.00 12.42158
70560.00 12.42222
70550.00 12.42286
70540.00 12.42351
70530.00 12.42415
70520.00 12.42480
70510.00 12.42545
70500.00 12.42609
70490.00 12.42674
70480.00 12.42739
70470.00 12.42804
70460.00 12.42869
70300.00 12.42889
70290.00 12.42956
70280.00 12.43023
70270.00 12.43090
70260.00 12.43158
70250.00 12.43225
70240.00 12.43292
70230.00 12.43360
70220.00 12.43428
70210.00 12.43495
70200.00 12.43563
70190.00 12.43631
70180.00 12.43699
70170.00 12.43767
70160.00 12.43835
70150.00 12.43903
70140.00 12.43971
70130.00 12.44040
70120.00 12.44108
70110.00 12.44177
70100.00 12.44246
70090.00 12.44314
70080.00 12.44383
70070.00 12.44452
70060.00 12.44521
70050.00 12.44590
70040.00 12.44659
70030.00 12.44728
70020.00 12.44797
70010.00 12.44867
70000.00 12.44936
69990.00 12.45006
69980.00 12.45076
69970.00 12.45145
69960.00 12.45215
69950.00 12.45285
69940.00 12.45355
69930.00 12.45425
69920.00 12.45495
69910.00 12.45565
69900.00 12.45636
69890.00 12.45706
69880.00 12.45777
69870.00 12.45847
69860.00 12.45918
69850.00 12.45989
69840.00 12.46059
69830.00 12.46131
69820.00 12.46201
69810.00 12.46273
69800.00 12.46344
69790.00 12.46415
69780.00 12.46486
69770.00 12.46558
69760.00 12.46629
69750.00 12.46701
69740.00 12.46773
69730.00 12.46845
69720.00 12.46916
69710.00 12.46988
69700.00 12.47060
69690.00 12.47132
69680.00 12.47204
69670.00 12.47277
69660.00 12.47349
69650.00 12.47422
69640.00 12.47494
69630.00 12.47567
69620.00 12.47639
69610.00 12.47712
69600.00 12.47785
69590.00 12.47858
69580.00 12.47931
69570.00 12.48005
69560.00 12.48077
69550.00 12.48151
69540.00 12.48224
69530.00 12.48298
69520.00 12.48371
69510.00 12.48445
69500.00 12.48518
69490.00 12.48592
69480.00 12.48666
69470.00 12.48740
69460.00 12.48814
69450.00 12.48889
69440.00 12.48963
69430.00 12.49037
69420.00 12.49112
69410.00 12.49186
69400.00 12.49261
69390.00 12.49335
69380.00 12.49410
69370.00 12.49485
69360.00 12.49560
69350.00 12.49635
69340.00 12.49710
69330.00 12.49785
69320.00 12.49860
69310.00 12.49936
69300.00 12.50011
69290.00 12.50087
69280.00 12.50162
69270.00 12.50238
69260.00 12.50314
69250.00 12.50390
69240.00 12.50465
69230.00 12.50541
69220.00 12.50618
69210.00 12.50694
69200.00 12.50770
69190.00 12.50847
69180.00 12.50923
69170.00 12.50999
69160.00 12.51076
69150.00 12.51153
69140.00 12.51229
69130.00 12.51307
69120.00 12.51384
69110.00 12.51460
69100.00 12.51538
69090.00 12.51615
69080.00 12.51692
69070.00 12.51769
69060.00 12.51847
69050.00 12.51925
69040.00 12.52002
69030.00 12.52080
69020.00 12.52158
69010.00 12.52236
69000.00 12.52314
68990.00 12.52392
68980.00 12.52470
68970.00 12.52548
68960.00 12.52627
68950.00 12.52705
68940.00 12.52783
68930.00 12.52862
68920.00 12.52941
68910.00 12.53019
68900.00 12.53098
68890.00 12.53177
68880.00 12.53256
68870.00 12.53335
68860.00 12.53415
68850.00 12.53493
68840.00 12.53573
68830.00 12.53652
68820.00 12.53732
68810.00 12.53812
68800.00 12.53891
68790.00 12.53971
68780.00 12.54051
68770.00 12.54131
68760.00 12.54211
68750.00 12.54291
68740.00 12.54371
68730.00 12.54452
68720.00 12.54531
68710.00 12.54612
68700.00 12.54693
68690.00 12.54773
68680.00 12.54854
68670.00 12.54935
68660.00 12.55016
68650.00 12.55097
68640.00 12.55178
68630.00 12.55259
68620.00 12.55340
68610.00 12.55421
68600.00 12.55503
68590.00 12.55584
68580.00 12.55666
68570.00 12.55748
68560.00 12.55829
68550.00 12.55911
68540.00 12.55993
68530.00 12.56075
68520.00 12.56157
68510.00 12.56239
68500.00 12.56322
68490.00 12.56404
68480.00 12.56486
68470.00 12.56569
68460.00 12.56651
68450.00 12.56734
68440.00 12.56817
68430.00 12.56899
68420.00 12.56982
68410.00 12.57066
68400.00 12.57149
68390.00 12.57232
68380.00 12.57315
68370.00 12.57399
68360.00 12.57482
68350.00 12.57565
68340.00 12.57649
68330.00 12.57732
68320.00 12.57816
68310.00 12.57900
68300.00 12.57984
68290.00 12.58068
68280.00 12.58152
68270.00 12.58237
68260.00 12.58321
68250.00 12.58405
68240.00 12.58490
68230.00 12.58574
68220.00 12.58659
68210.00 12.58743
68200.00 12.58828
68190.00 12.58913
68180.00 12.58998
68170.00 12.59083
68160.00 12.59168
68150.00 12.59254
68140.00 12.59339
68130.00 12.59424
68120.00 12.59510
68110.00 12.59595
68100.00 12.59681
68090.00 12.59767
68080.00 12.59852
68070.00 12.59938
68060.00 12.60024
68050.00 12.60110
68040.00 12.60196
68030.00 12.60283
68020.00 12.60369
68010.00 12.60456
68000.00 12.60542
67990.00 12.60629
67980.00 12.60715
67970.00 12.60802
67960.00 12.60889
67950.00 12.60976
67940.00 12.61063
67930.00 12.61150
67920.00 12.61237
67910.00 12.61324
67900.00 12.61411
67890.00 12.61499
67880.00 12.61587
67870.00 12.61674
67860.00 12.61762
67850.00 12.61850
67840.00 12.61937
67830.00 12.62025
67820.00 12.62114
67810.00 12.62201
67800.00 12.62290
67790.00 12.62378
67780.00 12.62466
67770.00 12.62555
67760.00 12.62643
67750.00 12.62732
67740.00 12.62821
67730.00 12.62910
67720.00 12.62998
67710.00 12.63087
67700.00 12.63176
67690.00 12.63266
67680.00 12.63354
67670.00 12.63444
67660.00 12.63533
67650.00 12.63623
67640.00 12.63712
67630.00 12.63802
67620.00 12.63892
67610.00 12.63981
67600.00 12.64071
67590.00 12.64162
67580.00 12.64252
67570.00 12.64342
67560.00 12.64432
67550.00 12.64522
67540.00 12.64613
67530.00 12.64703
67520.00 12.64794
67510.00 12.64884
67500.00 12.64975
67490.00 12.65066
67480.00 12.65157
67470.00 12.65248
67460.00 12.65339
67450.00 12.65430
67440.00 12.65521
67430.00 12.65613
67420.00 12.65704
67410.00 12.65796
67400.00 12.65887
67390.00 12.65979
67380.00 12.66071
67370.00 12.66163
67360.00 12.66255
67350.00 12.66347
67340.00 12.66439
67330.00 12.66531
67320.00 12.66623
67310.00 12.66716
67300.00 12.66808
67290.00 12.66900
67280.00 12.66993
67270.00 12.67086
67260.00 12.67179
67250.00 12.67272
67240.00 12.67365
67230.00 12.67458
67220.00 12.67551
67210.00 12.67644
67200.00 12.67737
67190.00 12.67830
67180.00 12.67924
67170.00 12.68018
67160.00 12.68111
67150.00 12.68205
67140.00 12.68299
67130.00 12.68393
67120.00 12.68487
67110.00 12.68581
67100.00 12.68675
67090.00 12.68769
67080.00 12.68863
67070.00 12.68958
67060.00 12.69052
67050.00 12.69147
67040.00 12.69242
67030.00 12.69336
67020.00 12.69431
67010.00 12.69526
67000.00 12.69621
66990.00 12.69716
66980.00 12.69812
66970.00 12.69907
66960.00 12.70002
66950.00 12.70098
66940.00 12.70193
66930.00 12.70288
66920.00 12.70384
66910.00 12.70480
66900.00 12.70576
66890.00 12.70672
66880.00 12.70768
66870.00 12.70864
66860.00 12.70960
66850.00 12.71056
66840.00 12.71153
66830.00 12.71249
66820.00 12.71346
66810.00 12.71443
66800.00 12.71539
66790.00 12.71636
66780.00 12.71733
66770.00 12.71830
66760.00 12.71927
66750.00 12.72024
66740.00 12.72121
66730.00 12.72218
66720.00 12.72316
66710.00 12.72413
66700.00 12.72511
66690.00 12.72609
66680.00 12.72706
66670.00 12.72804
66660.00 12.72902
66650.00 12.73000
66640.00 12.73098
66630.00 12.73196
66620.00 12.73294
66610.00 12.73392
66600.00 12.73491
66590.00 12.73590
66580.00 12.73688
66570.00 12.73787
66560.00 12.73886
66550.00 12.73985
66540.00 12.74083
66530.00 12.74182
66520.00 12.74282
66510.00 12.74380
66500.00 12.74480
66490.00 12.74579
66480.00 12.74678
66470.00 12.74778
66460.00 12.74878
66450.00 12.74978
66440.00 12.75077
66430.00 12.75177
66420.00 12.75277
66410.00 12.75377
66400.00 12.75477
66390.00 12.75577
66380.00 12.75677
66370.00 12.75778
66360.00 12.75879
66350.00 12.75979
66340.00 12.76080
66330.00 12.76180
66320.00 12.76281
66310.00 12.76382
66300.00 12.76483
66290.00 12.76584
66280.00 12.76685
66270.00 12.76786
66260.00 12.76888
66250.00 12.76989
66240.00 12.77090
66230.00 12.77192
66220.00 12.77294
66210.00 12.77395
66200.00 12.77497
66190.00 12.77599
66180.00 12.77701
66170.00 12.77803
66160.00 12.77905
66150.00 12.78007
66140.00 12.78110
66130.00 12.78212
66120.00 12.78315
66110.00 12.78417
66100.00 12.78520
66090.00 12.78622
66080.00 12.78725
66070.00 12.78829
66060.00 12.78932
66050.00 12.79034
66040.00 12.79138
66030.00 12.79241
66020.00 12.79344
66010.00 12.79448
66000.00 12.79551
65990.00 12.79655
65980.00 12.79758
65970.00 12.79862
65960.00 12.79966
65950.00 12.80070
65940.00 12.80174
65930.00 12.80278
65920.00 12.80382
65910.00 12.80487
65900.00 12.80591
65890.00 12.80696
65880.00 12.80800
65870.00 12.80905
65860.00 12.81009
65850.00 12.81114
65840.00 12.81219
65830.00 12.81324
65820.00 12.81429
65810.00 12.81534
65800.00 12.81639
65790.00 12.81745
65780.00 12.81850
65770.00 12.81956
65760.00 12.82061
65750.00 12.82167
65740.00 12.82273
65730.00 12.82378
65720.00 12.82484
65710.00 12.82590
65700.00 12.82696
65690.00 12.82802
65680.00 12.82909
65670.00 12.83015
65660.00 12.83121
65650.00 12.83228
65640.00 12.83335
65630.00 12.83441
65620.00 12.83548
65610.00 12.83655
65600.00 12.83761
65590.00 12.83869
65580.00 12.83976
65570.00 12.84083
65560.00 12.84190
65550.00 12.84297
65540.00 12.84405
65530.00 12.84512
65520.00 12.84620
65510.00 12.84728
65500.00 12.84835
65490.00 12.84943
65480.00 12.85051
65470.00 12.85159
65460.00 12.85267
65450.00 12.85376
65440.00 12.85484
65430.00 12.85592
65420.00 12.85701
65410.00 12.85809
65400.00 12.85918
65390.00 12.86027
65380.00 12.86135
65370.00 12.86244
65360.00 12.86353
65350.00 12.86462
65340.00 12.86571
65330.00 12.86680
65320.00 12.86790
65310.00 12.86899
65300.00 12.87009
65290.00 12.87118
65280.00 12.87228
65270.00 12.87337
65260.00 12.87448
65250.00 12.87557
65240.00 12.87667
65230.00 12.87777
65220.00 12.87888
65210.00 12.87998
65200.00 12.88108
65190.00 12.88218
65180.00 12.88329
65170.00 12.88439
65160.00 12.88550
65150.00 12.88661
65140.00 12.88772
65130.00 12.88883
65120.00 12.88994
65110.00 12.89105
65100.00 12.89216
65090.00 12.89327
65080.00 12.89438
65070.00 12.89550
65060.00 12.89662
65050.00 12.89773
65040.00 12.89885
65030.00 12.89997
65020.00 12.90108
65010.00 12.90220
65000.00 12.90332
64990.00 12.90445
64980.00 12.90557
64970.00 12.90669
64960.00 12.90781
64950.00 12.90894
64940.00 12.91006
64930.00 12.91119
64920.00 12.91231
64910.00 12.91344
64900.00 12.91457
64890.00 12.91570
64880.00 12.91683
64870.00 12.91796
64860.00 12.91910
64850.00 12.92023
64840.00 12.92136
64830.00 12.92250
64820.00 12.92363
64810.00 12.92477
64800.00 12.92591
64790.00 12.92704
64780.00 12.92818
64770.00 12.92932
64760.00 12.93047
64750.00 12.93160
64740.00 12.93275
64730.00 12.93389
64720.00 12.93503
64710.00 12.93618
64700.00 12.93733
64690.00 12.93847
64680.00 12.93962
64670.00 12.94077
64660.00 12.94192
64650.00 12.94307
64640.00 12.94422
64630.00 12.94537
64620.00 12.94652
64610.00 12.94768
64600.00 12.94883
64590.00 12.94998
64580.00 12.95114
64570.00 12.95230
64560.00 12.95345
64550.00 12.95461
64540.00 12.95577
64530.00 12.95693
64520.00 12.95809
64510.00 12.95926
64500.00 12.96042
64490.00 12.96158
64480.00 12.96275
64470.00 12.96391
64460.00 12.96508
64450.00 12.96625
64440.00 12.96741
64430.00 12.96858
64420.00 12.96975
64410.00 12.97092
64400.00 12.97209
64390.00 12.97326
64380.00 12.97444
64370.00 12.97561
64360.00 12.97679
64350.00 12.97796
64340.00 12.97914
64330.00 12.98031
64320.00 12.98149
64310.00 12.98267
64300.00 12.98385
64290.00 12.98503
64280.00 12.98622
64270.00 12.98740
64260.00 12.98858
64250.00 12.98977
64240.00 12.99095
64230.00 12.99214
64220.00 12.99332
64210.00 12.99451
64200.00 12.99570
64190.00 12.99689
64180.00 12.99808
64170.00 12.99927
64160.00 13.00046
64150.00 13.00165
64140.00 13.00284
64130.00 13.00404
64120.00 13.00524
64110.00 13.00643
64100.00 13.00763
64090.00 13.00883
64080.00 13.01003
64070.00 13.01122
64060.00 13.01242
64050.00 13.01363
64040.00 13.01483
64030.00 13.01603
64020.00 13.01723
64010.00 13.01844
64000.00 13.01964
63990.00 13.02085
63980.00 13.02206
63970.00 13.02326
63960.00 13.02447
63950.00 13.02568
63940.00 13.02689
63930.00 13.02810
63920.00 13.02932
63910.00 13.03053
63900.00 13.03174
63890.00 13.03296
63880.00 13.03417
63870.00 13.03539
63860.00 13.03661
63850.00 13.03782
63840.00 13.03904
63830.00 13.04026
63820.00 13.04149
63810.00 13.04270
63800.00 13.04393
63790.00 13.04515
63780.00 13.04637
63770.00 13.04760
63760.00 13.04883
63750.00 13.05005
63740.00 13.05128
63730.00 13.05251
63720.00 13.05374
63710.00 13.05497
63700.00 13.05620
63690.00 13.05743
63680.00 13.05866
63670.00 13.05989
63660.00 13.06113
63650.00 13.06236
63640.00 13.06360
63630.00 13.06484
63620.00 13.06607
63610.00 13.06731
63600.00 13.06855
63590.00 13.06979
63580.00 13.07103
63570.00 13.07228
63560.00 13.07352
63550.00 13.07476
63540.00 13.07601
63530.00 13.07725
63520.00 13.07850
63510.00 13.07975
63500.00 13.08100
63490.00 13.08224
63480.00 13.08349
63470.00 13.08474
63460.00 13.08599
63450.00 13.08725
63440.00 13.08850
63430.00 13.08975
63420.00 13.09101
63410.00 13.09226
63400.00 13.09352
63390.00 13.09478
63380.00 13.09604
63370.00 13.09729
63360.00 13.09855
63350.00 13.09981
63340.00 13.10108
63330.00 13.10234
63320.00 13.10360
63310.00 13.10487
63300.00 13.10613
63290.00 13.10740
63280.00 13.10866
63270.00 13.10993
63260.00 13.11120
63250.00 13.11247
63240.00 13.11374
63230.00 13.11501
63220.00 13.11628
63210.00 13.11755
63200.00 13.11882
63190.00 13.12010
63180.00 13.12138
63170.00 13.12265
63160.00 13.12393
63150.00 13.12520
63140.00 13.12648
63130.00 13.12776
63120.00 13.12904
63110.00 13.13033
63100.00 13.13161
63090.00 13.13289
63080.00 13.13417
63070.00 13.13546
63060.00 13.13674
63050.00 13.13803
63040.00 13.13932
63030.00 13.14060
63020.00 13.14189
63010.00 13.14318
63000.00 13.14447
62990.00 13.14576
62980.00 13.14706
62970.00 13.14835
62960.00 13.14964
62950.00 13.15094
62940.00 13.15223
62930.00 13.15353
62920.00 13.15483
62910.00 13.15613
62900.00 13.15742
62890.00 13.15872
62880.00 13.16002
62870.00 13.16132
62860.00 13.16263
62850.00 13.16393
62840.00 13.16523
62830.00 13.16654
62820.00 13.16784
62810.00 13.16915
62800.00 13.17046
62790.00 13.17177
62780.00 13.17308
62770.00 13.17439
62760.00 13.17570
62750.00 13.17701
62740.00 13.17832
62730.00 13.17963
62720.00 13.18095
62710.00 13.18226
62700.00 13.18358
62690.00 13.18490
62680.00 13.18621
62670.00 13.18753
62660.00 13.18885
62650.00 13.19017
62640.00 13.19149
62630.00 13.19282
62620.00 13.19414
62610.00 13.19546
62600.00 13.19678
62590.00 13.19811
62580.00 13.19944
62570.00 13.20076
62560.00 13.20209
62550.00 13.20342
62540.00 13.20475
62530.00 13.20608
62520.00 13.20741
62510.00 13.20874
62500.00 13.21008
62490.00 13.21141
62480.00 13.21274
62470.00 13.21408
62460.00 13.21542
62450.00 13.21675
62440.00 13.21809
62430.00 13.21943
62420.00 13.22077
62410.00 13.22211
62400.00 13.22345
62390.00 13.22480
62380.00 13.22614
62370.00 13.22748
62360.00 13.22883
62350.00 13.23017
62340.00 13.23152
62330.00 13.23287
62320.00 13.23421
62310.00 13.23557
62300.00 13.23692
62290.00 13.23826
62280.00 13.23962
62270.00 13.24097
62260.00 13.24232
62250.00 13.24368
62240.00 13.24503
62230.00 13.24639
62220.00 13.24775
62210.00 13.24910
62200.00 13.25046
62190.00 13.25182
62180.00 13.25318
62170.00 13.25454
62160.00 13.25590
62150.00 13.25727
62140.00 13.25863
62130.00 13.26000
62120.00 13.26136
62110.00 13.26273
62100.00 13.26410
62090.00 13.26546
62080.00 13.26683
62070.00 13.26820
62060.00 13.26957
62050.00 13.27094
62040.00 13.27231
62030.00 13.27369
62020.00 13.27506
62010.00 13.27643
62000.00 13.27781
61990.00 13.27919
61980.00 13.28056
61970.00 13.28194
61960.00 13.28332
61950.00 13.28470
61940.00 13.28608
61930.00 13.28746
61920.00 13.28885
61910.00 13.29023
61900.00 13.29161
61890.00 13.29300
61880.00 13.29438
61870.00 13.29577
61860.00 13.29716
61850.00 13.29855
61840.00 13.29993
61830.00 13.30132
61820.00 13.30272
61810.00 13.30411
61800.00 13.30550
61790.00 13.30689
61780.00 13.30829
61770.00 13.30968
61760.00 13.31108
61750.00 13.31248
61740.00 13.31387
61730.00 13.31527
61720.00 13.31667
61710.00 13.31807
61700.00 13.31947
61690.00 13.32087
61680.00 13.32228
61670.00 13.32368
61660.00 13.32508
61650.00 13.32649
61640.00 13.32789
61630.00 13.32930
61620.00 13.33071
61610.00 13.33212
61600.00 13.33353
61590.00 13.33494
61580.00 13.33635
61570.00 13.33776
61560.00 13.33917
61550.00 13.34059
61540.00 13.34200
61530.00 13.34342
61520.00 13.34484
61510.00 13.34625
61500.00 13.34767
61490.00 13.34909
61480.00 13.35051
61470.00 13.35193
61460.00 13.35335
61450.00 13.35477
61440.00 13.35620
61430.00 13.35762
61420.00 13.35905
61410.00 13.36047
61400.00 13.36190
61390.00 13.36333
61380.00 13.36475
61370.00 13.36618
61360.00 13.36761
61350.00 13.36905
61340.00 13.37047
61330.00 13.37191
61320.00 13.37334
61310.00 13.37477
61300.00 13.37621
61290.00 13.37765
61280.00 13.37908
61270.00 13.38052
61260.00 13.38196
61250.00 13.38340
61240.00 13.38484
61230.00 13.38628
61220.00 13.38772
61210.00 13.38916
61200.00 13.39061
61190.00 13.39205
61180.00 13.39350
61170.00 13.39494
61160.00 13.39639
61150.00 13.39784
61140.00 13.39929
61130.00 13.40074
61120.00 13.40218
61110.00 13.40364
61100.00 13.40509
61090.00 13.40654
61080.00 13.40800
61070.00 13.40945
61060.00 13.41091
61050.00 13.41236
61040.00 13.41382
61030.00 13.41528
61020.00 13.41674
61010.00 13.41820
61000.00 13.41966
60990.00 13.42112
60980.00 13.42258
60970.00 13.42405
60960.00 13.42551
60950.00 13.42697
60940.00 13.42844
60930.00 13.42991
60920.00 13.43137
60910.00 13.43284
60900.00 13.43431
60890.00 13.43578
60880.00 13.43725
60870.00 13.43872
60860.00 13.44019
60850.00 13.44167
60840.00 13.44314
60830.00 13.44462
60820.00 13.44609
60810.00 13.44757
60800.00 13.44905
60790.00 13.45053
60780.00 13.45201
60770.00 13.45349
60760.00 13.45497
60750.00 13.45645
60740.00 13.45793
60730.00 13.45941
60720.00 13.46090
60710.00 13.46239
60700.00 13.46387
60690.00 13.46536
60680.00 13.46685
60670.00 13.46834
60660.00 13.46982
60650.00 13.47131
60640.00 13.47281
60630.00 13.47430
60620.00 13.47579
60610.00 13.47729
60600.00 13.47878
60590.00 13.48027
60580.00 13.48177
60570.00 13.48327
60560.00 13.48476
60550.00 13.48627
60540.00 13.48777
60530.00 13.48927
60520.00 13.49077
60510.00 13.49227
60500.00 13.49377
60490.00 13.49528
60480.00 13.49678
60470.00 13.49828
60460.00 13.49979
60450.00 13.50130
60440.00 13.50281
60430.00 13.50432
60420.00 13.50583
60410.00 13.50734
60400.00 13.50885
60390.00 13.51036
60380.00 13.51188
60370.00 13.51339
60360.00 13.51490
60350.00 13.51642
60340.00 13.51794
60330.00 13.51945
60320.00 13.52098
60310.00 13.52250
60300.00 13.52401
60290.00 13.52554
60280.00 13.52706
60270.00 13.52858
60260.00 13.53010
60250.00 13.53163
60240.00 13.53315
60230.00 13.53468
60220.00 13.53621
60210.00 13.53773
60200.00 13.53926
60190.00 13.54079
60180.00 13.54232
60170.00 13.54385
60160.00 13.54539
60150.00 13.54692
60140.00 13.54845
60130.00 13.54999
60120.00 13.55152
60110.00 13.55306
60100.00 13.55460
60090.00 13.55613
60080.00 13.55767
60070.00 13.55921
60060.00 13.56075
60050.00 13.56230
60040.00 13.56384
60030.00 13.56538
60020.00 13.56693
60010.00 13.56847
60000.00 13.57001
59990.00 13.57156
59980.00 13.57311
59970.00 13.57466
59960.00 13.57621
59950.00 13.57775
59940.00 13.57931
59930.00 13.58086
59920.00 13.58241
59910.00 13.58396
59900.00 13.58552
59890.00 13.58707
59880.00 13.58863
59870.00 13.59019
59860.00 13.59174
59850.00 13.59330
59840.00 13.59486
59830.00 13.59642
59820.00 13.59798
59810.00 13.59954
59800.00 13.60111
59790.00 13.60267
59780.00 13.60423
59770.00 13.60580
59760.00 13.60737
59750.00 13.60893
59740.00 13.61050
59730.00 13.61207
59720.00 13.61364
59710.00 13.61521
59700.00 13.61678
59690.00 13.61835
59680.00 13.61992
59670.00 13.62150
59660.00 13.62308
59650.00 13.62465
59640.00 13.62622
59630.00 13.62780
59620.00 13.62938
59610.00 13.63096
59600.00 13.63254
59590.00 13.63412
59580.00 13.63570
59570.00 13.63729
59560.00 13.63886
59550.00 13.64045
59540.00 13.64204
59530.00 13.64362
59520.00 13.64521
59510.00 13.64680
59500.00 13.64838
59490.00 13.64997
59480.00 13.65156
59470.00 13.65315
59460.00 13.65474
59450.00 13.65634
59440.00 13.65793
59430.00 13.65952
59420.00 13.66112
59410.00 13.66272
59400.00 13.66431
59390.00 13.66591
59380.00 13.66751
59370.00 13.66911
59360.00 13.67071
59350.00 13.67231
59340.00 13.67391
59330.00 13.67551
59320.00 13.67712
59310.00 13.67872
59300.00 13.68032
59290.00 13.68193
59280.00 13.68354
59270.00 13.68515
59260.00 13.68676
59250.00 13.68837
59240.00 13.68998
59230.00 13.69159
59220.00 13.69320
59210.00 13.69481
59200.00 13.69642
59190.00 13.69804
59180.00 13.69966
59170.00 13.70127
59160.00 13.70289
59150.00 13.70451
59140.00 13.70613
59130.00 13.70774
59120.00 13.70937
59110.00 13.71099
59100.00 13.71261
59090.00 13.71423
59080.00 13.71586
59070.00 13.71748
59060.00 13.71911
59050.00 13.72074
59040.00 13.72236
59030.00 13.72399
59020.00 13.72562
59010.00 13.72725
59000.00 13.72888
58990.00 13.73051
58980.00 13.73215
58970.00 13.73378
58960.00 13.73541
58950.00 13.73705
58940.00 13.73868
58930.00 13.74032
58920.00 13.74196
58910.00 13.74360
58900.00 13.74524
58890.00 13.74688
58880.00 13.74852
58870.00 13.75016
58860.00 13.75180
58850.00 13.75344
58840.00 13.75509
58830.00 13.75673
58820.00 13.75838
58810.00 13.76003
58800.00 13.76167
58790.00 13.76332
58780.00 13.76497
58770.00 13.76662
58760.00 13.76827
58750.00 13.76993
58740.00 13.77158
58730.00 13.77323
58720.00 13.77489
58710.00 13.77654
58700.00 13.77820
58690.00 13.77986
58680.00 13.78151
58670.00 13.78317
58660.00 13.78483
58650.00 13.78649
58640.00 13.78815
58630.00 13.78982
58620.00 13.79148
58610.00 13.79314
58600.00 13.79481
58590.00 13.79648
58580.00 13.79814
58570.00 13.79981
58560.00 13.80148
58550.00 13.80314
58540.00 13.80482
58530.00 13.80649
58520.00 13.80816
58510.00 13.80983
58500.00 13.81150
58490.00 13.81318
58480.00 13.81485
58470.00 13.81653
58460.00 13.81821
58450.00 13.81988
58440.00 13.82156
58430.00 13.82324
58420.00 13.82492
58410.00 13.82660
58400.00 13.82829
58390.00 13.82997
58380.00 13.83165
58370.00 13.83334
58360.00 13.83502
58350.00 13.83670
58340.00 13.83839
58330.00 13.84008
58320.00 13.84177
58310.00 13.84346
58300.00 13.84515
58290.00 13.84684
58280.00 13.84853
58270.00 13.85023
58260.00 13.85192
58250.00 13.85361
58240.00 13.85531
58230.00 13.85700
58220.00 13.85870
58210.00 13.86040
58200.00 13.86210
58190.00 13.86380
58180.00 13.86550
58170.00 13.86720
58160.00 13.86890
58150.00 13.87061
58140.00 13.87231
58130.00 13.87401
58120.00 13.87572
58110.00 13.87743
58100.00 13.87913
58090.00 13.88084
58080.00 13.88255
58070.00 13.88426
58060.00 13.88597
58050.00 13.88768
58040.00 13.88940
58030.00 13.89111
58020.00 13.89282
58010.00 13.89454
58000.00 13.89625
57990.00 13.89797
57980.00 13.89969
57970.00 13.90141
57960.00 13.90313
57950.00 13.90485
57940.00 13.90657
57930.00 13.90829
57920.00 13.91001
57910.00 13.91174
57900.00 13.91346
57890.00 13.91519
57880.00 13.91691
57870.00 13.91864
57860.00 13.92037
57850.00 13.92210
57840.00 13.92382
57830.00 13.92556
57820.00 13.92729
57810.00 13.92902
57800.00 13.93075
57790.00 13.93249
57780.00 13.93422
57770.00 13.93596
57760.00 13.93769
57750.00 13.93943
57740.00 13.94117
57730.00 13.94291
57720.00 13.94464
57710.00 13.94638
57700.00 13.94813
57690.00 13.94987
57680.00 13.95161
57670.00 13.95335
57660.00 13.95510
57650.00 13.95685
57640.00 13.95859
57630.00 13.96034
57620.00 13.96209
57610.00 13.96384
57600.00 13.96559
57590.00 13.96734
57580.00 13.96909
57570.00 13.97084
57560.00 13.97260
57550.00 13.97435
57540.00 13.97610
57530.00 13.97786
57520.00 13.97962
57510.00 13.98137
57500.00 13.98313
57490.00 13.98489
57480.00 13.98665
57470.00 13.98841
57460.00 13.99018
57450.00 13.99194
57440.00 13.99370
57430.00 13.99547
57420.00 13.99723
57410.00 13.99900
57400.00 14.00076
57390.00 14.00253
57380.00 14.00430
57370.00 14.00607
57360.00 14.00784
57350.00 14.00961
57340.00 14.01138
57330.00 14.01316
57320.00 14.01493
57310.00 14.01670
57300.00 14.01848
57290.00 14.02026
57280.00 14.02203
57270.00 14.02381
57260.00 14.02559
57250.00 14.02737
57240.00 14.02915
57230.00 14.03093
57220.00 14.03271
57210.00 14.03450
57200.00 14.03628
57190.00 14.03806
57180.00 14.03985
57170.00 14.04164
57160.00 14.04343
57150.00 14.04521
57140.00 14.04700
57130.00 14.04879
57120.00 14.05058
57110.00 14.05238
57100.00 14.05417
57090.00 14.05596
57080.00 14.05775
57070.00 14.05955
57060.00 14.06134
57050.00 14.06314
57040.00 14.06494
57030.00 14.06674
57020.00 14.06854
57010.00 14.07034
57000.00 14.07214
56990.00 14.07394
56980.00 14.07574
56970.00 14.07755
56960.00 14.07935
56950.00 14.08116
56940.00 14.08297
56930.00 14.08477
56920.00 14.08658
56910.00 14.08839
56900.00 14.09020
56890.00 14.09201
56880.00 14.09382
56870.00 14.09563
56860.00 14.09744
56850.00 14.09925
56840.00 14.10107
56830.00 14.10288
56820.00 14.10470
56810.00 14.10652
56800.00 14.10834
56790.00 14.11016
56780.00 14.11198
56770.00 14.11380
56760.00 14.11562
56750.00 14.11744
56740.00 14.11926
56730.00 14.12109
56720.00 14.12291
56710.00 14.12474
56700.00 14.12656
56690.00 14.12839
56680.00 14.13022
56670.00 14.13205
56660.00 14.13388
56650.00 14.13571
56640.00 14.13754
56630.00 14.13937
56620.00 14.14121
56610.00 14.14304
56600.00 14.14487
56590.00 14.14671
56580.00 14.14855
56570.00 14.15038
56560.00 14.15223
56550.00 14.15406
56540.00 14.15590
56530.00 14.15774
56520.00 14.15959
56510.00 14.16143
56500.00 14.16327
56490.00 14.16512
56480.00 14.16696
56470.00 14.16881
56460.00 14.17066
56450.00 14.17250
56440.00 14.17435
56430.00 14.17620
56420.00 14.17805
56410.00 14.17990
56400.00 14.18176
56390.00 14.18361
56380.00 14.18546
56370.00 14.18731
56360.00 14.18917
56350.00 14.19103
56340.00 14.19288
56330.00 14.19474
56320.00 14.19660
56310.00 14.19846
56300.00 14.20032
56290.00 14.20218
56280.00 14.20404
56270.00 14.20591
56260.00 14.20777
56250.00 14.20964
56240.00 14.21150
56230.00 14.21337
56220.00 14.21524
56210.00 14.21710
56200.00 14.21897
56190.00 14.22084
56180.00 14.22271
56170.00 14.22459
56160.00 14.22646
56150.00 14.22833
56140.00 14.23021
56130.00 14.23208
56120.00 14.23396
56110.00 14.23583
56100.00 14.23771
56090.00 14.23959
56080.00 14.24147
56070.00 14.24335
56060.00 14.24523
56050.00 14.24711
56040.00 14.24899
56030.00 14.25088
56020.00 14.25276
56010.00 14.25465
56000.00 14.25653
55990.00 14.25842
55980.00 14.26031
55970.00 14.26220
55960.00 14.26409
55950.00 14.26598
55940.00 14.26787
55930.00 14.26976
55920.00 14.27165
55910.00 14.27355
55900.00 14.27544
55890.00 14.27733
55880.00 14.27923
55870.00 14.28113
55860.00 14.28303
55850.00 14.28493
55840.00 14.28683
55830.00 14.28873
55820.00 14.29063
55810.00 14.29253
55800.00 14.29443
55790.00 14.29634
55780.00 14.29824
55770.00 14.30015
55760.00 14.30205
55750.00 14.30396
55740.00 14.30587
55730.00 14.30778
55720.00 14.30969
55710.00 14.31160
55700.00 14.31351
55690.00 14.31542
55680.00 14.31734
55670.00 14.31925
55660.00 14.32116
55650.00 14.32308
55640.00 14.32500
55630.00 14.32691
55620.00 14.32883
55610.00 14.33075
55600.00 14.33268
55590.00 14.33459
55580.00 14.33652
55570.00 14.33844
55560.00 14.34036
55550.00 14.34229
55540.00 14.34421
55530.00 14.34614
55520.00 14.34806
55510.00 14.34999
55500.00 14.35192
55490.00 14.35385
55480.00 14.35578
55470.00 14.35771
55460.00 14.35964
55450.00 14.36158
55440.00 14.36351
55430.00 14.36544
55420.00 14.36738
55410.00 14.36932
55400.00 14.37125
55390.00 14.37319
55380.00 14.37513
55370.00 14.37707
55360.00 14.37901
55350.00 14.38095
55340.00 14.38290
55330.00 14.38484
55320.00 14.38678
55310.00 14.38873
55300.00 14.39067
55290.00 14.39262
55280.00 14.39457
55270.00 14.39651
55260.00 14.39846
55250.00 14.40041
55240.00 14.40236
55230.00 14.40431
55220.00 14.40627
55210.00 14.40822
55200.00 14.41018
55190.00 14.41213
55180.00 14.41409
55170.00 14.41604
55160.00 14.41800
55150.00 14.41996
55140.00 14.42192
55130.00 14.42388
55120.00 14.42584
55110.00 14.42780
55100.00 14.42976
55090.00 14.43173
55080.00 14.43369
55070.00 14.43566
55060.00 14.43762
55050.00 14.43959
55040.00 14.44156
55030.00 14.44352
55020.00 14.44550
55010.00 14.44746
55000.00 14.44944
54990.00 14.45141
54980.00 14.45338
54970.00 14.45535
54960.00 14.45733
54950.00 14.45931
54940.00 14.46128
54930.00 14.46326
54920.00 14.46524
54910.00 14.46721
54900.00 14.46920
54890.00 14.47118
54880.00 14.47316
54870.00 14.47514
54860.00 14.47712
54850.00 14.47910
54840.00 14.48109
54830.00 14.48308
54820.00 14.48507
54810.00 14.48705
54800.00 14.48904
54790.00 14.49103
54780.00 14.49302
54770.00 14.49501
54760.00 14.49700
54750.00 14.49899
54740.00 14.50098
54730.00 14.50298
54720.00 14.50497
54710.00 14.50697
54700.00 14.50897
54690.00 14.51097
54680.00 14.51296
54670.00 14.51496
54660.00 14.51696
54650.00 14.51896
54640.00 14.52097
54630.00 14.52297
54620.00 14.52497
54610.00 14.52697
54600.00 14.52898
54590.00 14.53098
54580.00 14.53299
54570.00 14.53500
54560.00 14.53701
54550.00 14.53902
54540.00 14.54103
54530.00 14.54304
54520.00 14.54505
54510.00 14.54707
54500.00 14.54908
54490.00 14.55109
54480.00 14.55311
54470.00 14.55513
54460.00 14.55714
54450.00 14.55916
54440.00 14.56118
54430.00 14.56320
54420.00 14.56522
54410.00 14.56724
54400.00 14.56926
54390.00 14.57128
54380.00 14.57331
54370.00 14.57534
54360.00 14.57736
54350.00 14.57939
54340.00 14.58141
54330.00 14.58344
54320.00 14.58547
54310.00 14.58750
54300.00 14.58953
54290.00 14.61417
54280.00 14.61622
54270.00 14.61828
54260.00 14.62033
54250.00 14.62239
54240.00 14.62444
54230.00 14.62650
54220.00 14.62856
54210.00 14.63062
54200.00 14.63268
54190.00 14.63474
54180.00 14.63680
54170.00 14.63886
54160.00 14.64092
54150.00 14.64299
54140.00 14.64505
54130.00 14.64712
54120.00 14.64918
54110.00 14.67883
54100.00 14.68087
54090.00 14.68291
54080.00 14.68495
54070.00 14.68700
54060.00 14.68904
54050.00 14.69109
54040.00 14.69313
54030.00 14.69518
54020.00 14.69723
54010.00 14.69928
54000.00 14.70133
53860.00 14.70332
53850.00 14.70541
53840.00 14.70751
53830.00 14.70960
53820.00 14.71170
53810.00 14.71379
53800.00 14.71589
53790.00 14.71798
53780.00 14.72008
53770.00 14.72218
53760.00 14.72428
53750.00 14.72638
53740.00 14.72848
53730.00 14.73059
53720.00 14.73269
53710.00 14.73479
53700.00 14.73690
53690.00 14.73900
53680.00 14.74111
53670.00 14.74322
53660.00 14.74533
53650.00 14.74744
53640.00 14.74955
53630.00 14.75166
53620.00 14.75377
53610.00 14.75588
53600.00 14.75800
53590.00 14.76011
53580.00 14.76223
53570.00 14.76435
53560.00 14.76646
53550.00 14.76858
53540.00 14.77070
53530.00 14.77282
53520.00 14.77494
53510.00 14.79707
53500.00 14.79947
53490.00 14.80187
