#1st harmonic bragg gap dummypitch dummyroll
Units mDeg mm mm mm
60000.00 6.20850
59000.00 6.25416
58990.00 6.25480
58980.00 6.25545
58970.00 6.25610
58960.00 6.25675
58950.00 6.25740
58940.00 6.25805
58930.00 6.25870
58920.00 6.25934
58910.00 6.25999
58900.00 6.26064
58890.00 6.26129
58880.00 6.26194
58870.00 6.26259
58860.00 6.26325
58850.00 6.26390
58840.00 6.26455
58830.00 6.26520
58820.00 6.26585
58810.00 6.26651
58800.00 6.26716
58790.00 6.26781
58780.00 6.26847
58770.00 6.26912
58760.00 6.26977
58750.00 6.27042
58740.00 6.27108
58730.00 6.27173
58720.00 6.27239
58710.00 6.27304
58700.00 6.27370
58690.00 6.27435
58680.00 6.27501
58670.00 6.27567
58660.00 6.27632
58650.00 6.27698
58640.00 6.27764
58630.00 6.27829
58620.00 6.27895
58610.00 6.27961
58600.00 6.28027
58590.00 6.28093
58580.00 6.28158
58570.00 6.28224
58560.00 6.28290
58550.00 6.28356
58540.00 6.28422
58530.00 6.28488
58520.00 6.28554
58510.00 6.28620
58500.00 6.29255
58490.00 6.29320
58480.00 6.29385
58470.00 6.29449
58460.00 6.29515
58450.00 6.29580
58440.00 6.29644
58430.00 6.29710
58420.00 6.29775
58410.00 6.29840
58400.00 6.29905
58390.00 6.29970
58380.00 6.30035
58370.00 6.30101
58360.00 6.30166
58350.00 6.30231
58340.00 6.30297
58330.00 6.30362
58320.00 6.30428
58310.00 6.30493
58300.00 6.30558
58290.00 6.30624
58280.00 6.30690
58270.00 6.30755
58260.00 6.30821
58250.00 6.30886
58240.00 6.30952
58230.00 6.31018
58220.00 6.31084
58210.00 6.31149
58200.00 6.31215
58190.00 6.31281
58180.00 6.31347
58170.00 6.31413
58160.00 6.31479
58150.00 6.31545
58140.00 6.31611
58130.00 6.31677
58120.00 6.31743
58110.00 6.31809
58100.00 6.31875
58090.00 6.31941
58080.00 6.32007
58070.00 6.32073
58060.00 6.32140
58050.00 6.32206
58040.00 6.32272
58030.00 6.32339
58020.00 6.32405
58010.00 6.32471
58000.00 6.32538
57990.00 6.32604
57980.00 6.32671
57970.00 6.32737
57960.00 6.32804
57950.00 6.32870
57940.00 6.32937
57930.00 6.33004
57920.00 6.33070
57910.00 6.33137
57900.00 6.33204
57890.00 6.33271
57880.00 6.33337
57870.00 6.33404
57860.00 6.33471
57850.00 6.33538
57840.00 6.33605
57830.00 6.33672
57820.00 6.33739
57810.00 6.33806
57800.00 6.33873
57790.00 6.33940
57780.00 6.34007
57770.00 6.34074
57760.00 6.34142
57750.00 6.34209
57740.00 6.34276
57730.00 6.34344
57720.00 6.34411
57710.00 6.34478
57700.00 6.34546
57690.00 6.34613
57680.00 6.34680
57670.00 6.34748
57660.00 6.34815
57650.00 6.34883
57640.00 6.34950
57630.00 6.35018
57620.00 6.35086
57610.00 6.35153
57600.00 6.35221
57590.00 6.35289
57580.00 6.35357
57570.00 6.35424
57560.00 6.35492
57550.00 6.35560
57540.00 6.35628
57530.00 6.35696
57520.00 6.35764
57510.00 6.35832
57500.00 6.35900
57490.00 6.35968
57480.00 6.36036
57470.00 6.36104
57460.00 6.36172
57450.00 6.36240
57440.00 6.36308
57430.00 6.36377
57420.00 6.36445
57410.00 6.36513
57400.00 6.36582
57390.00 6.36650
57380.00 6.36718
57370.00 6.36787
57360.00 6.36855
57350.00 6.36924
57340.00 6.36992
57330.00 6.37061
57320.00 6.37129
57310.00 6.37198
57300.00 6.37266
57290.00 6.37335
57280.00 6.37404
57270.00 6.37473
57260.00 6.37541
57250.00 6.37610
57240.00 6.37679
57230.00 6.37748
57220.00 6.37817
57210.00 6.37886
57200.00 6.37955
57190.00 6.38024
57180.00 6.38093
57170.00 6.38162
57160.00 6.38231
57150.00 6.38300
57140.00 6.38369
57130.00 6.38438
57120.00 6.38507
57110.00 6.38577
57100.00 6.38646
57090.00 6.38715
57080.00 6.38785
57070.00 6.38854
57060.00 6.38923
57050.00 6.38993
57040.00 6.39062
57030.00 6.39132
57020.00 6.39201
57010.00 6.39271
57000.00 6.39340
56990.00 6.39410
56980.00 6.39480
56970.00 6.39549
56960.00 6.39619
56950.00 6.39689
56940.00 6.39759
56930.00 6.39828
56920.00 6.39898
56910.00 6.39968
56900.00 6.40038
56890.00 6.40108
56880.00 6.40178
56870.00 6.40248
56860.00 6.40318
56850.00 6.40388
56840.00 6.40458
56830.00 6.40528
56820.00 6.40598
56810.00 6.40668
56800.00 6.40739
56790.00 6.40809
56780.00 6.40879
56770.00 6.40949
56760.00 6.41020
56750.00 6.41090
56740.00 6.41160
56730.00 6.41231
56720.00 6.41301
56710.00 6.41372
56700.00 6.41442
56690.00 6.41513
56680.00 6.41584
56670.00 6.41654
56660.00 6.41725
56650.00 6.41795
56640.00 6.41866
56630.00 6.41937
56620.00 6.42008
56610.00 6.42079
56600.00 6.42149
56590.00 6.42220
56580.00 6.42291
56570.00 6.42362
56560.00 6.42433
56550.00 6.42504
56540.00 6.42575
56530.00 6.42646
56520.00 6.42717
56510.00 6.42788
56500.00 6.42860
56490.00 6.42931
56480.00 6.43002
56470.00 6.43073
56460.00 6.43145
56450.00 6.43216
56440.00 6.43287
56430.00 6.43359
56420.00 6.43430
56410.00 6.43501
56400.00 6.43573
56390.00 6.43644
56380.00 6.43716
56370.00 6.43787
56360.00 6.43859
56350.00 6.43931
56340.00 6.44002
56330.00 6.44074
56320.00 6.44146
56310.00 6.44217
56300.00 6.44289
56290.00 6.44361
56280.00 6.44433
56270.00 6.44505
56260.00 6.44577
56250.00 6.44649
56240.00 6.44721
56230.00 6.44793
56220.00 6.44865
56210.00 6.44937
56200.00 6.45009
56190.00 6.45081
56180.00 6.45153
56170.00 6.45225
56160.00 6.45298
56150.00 6.45370
56140.00 6.45442
56130.00 6.45514
56120.00 6.45587
56110.00 6.45659
56100.00 6.45732
56090.00 6.45804
56080.00 6.45877
56070.00 6.45949
56060.00 6.46022
56050.00 6.46094
56040.00 6.46167
56030.00 6.46239
56020.00 6.46312
56010.00 6.46385
56000.00 6.46458
55990.00 6.46530
55980.00 6.46603
55970.00 6.46676
55960.00 6.46749
55950.00 6.46822
55940.00 6.46895
55930.00 6.46968
55920.00 6.47040
55910.00 6.47114
55900.00 6.47187
55890.00 6.47260
55880.00 6.47333
55870.00 6.47406
55860.00 6.47479
55850.00 6.47552
55840.00 6.47626
55830.00 6.47699
55820.00 6.47772
55810.00 6.47845
55800.00 6.47919
55790.00 6.47992
55780.00 6.48066
55770.00 6.48139
55760.00 6.48213
55750.00 6.48286
55740.00 6.48360
55730.00 6.48433
55720.00 6.48507
55710.00 6.48580
55700.00 6.48654
55690.00 6.48728
55680.00 6.48802
55670.00 6.48875
55660.00 6.48949
55650.00 6.49023
55640.00 6.49097
55630.00 6.49171
55620.00 6.49245
55610.00 6.49319
55600.00 6.49393
55590.00 6.49467
55580.00 6.49541
55570.00 6.49615
55560.00 6.49689
55550.00 6.49763
55540.00 6.49837
55530.00 6.49911
55520.00 6.49986
55510.00 6.50060
55500.00 6.50134
55490.00 6.50209
55480.00 6.50283
55470.00 6.50357
55460.00 6.50432
55450.00 6.50506
55440.00 6.50581
55430.00 6.50655
55420.00 6.50730
55410.00 6.50804
55400.00 6.50879
55390.00 6.50954
55380.00 6.51028
55370.00 6.51103
55360.00 6.51178
55350.00 6.51253
55340.00 6.51327
55330.00 6.51402
55320.00 6.51477
55310.00 6.51552
55300.00 6.51627
55290.00 6.51702
55280.00 6.51777
55270.00 6.51852
55260.00 6.51927
55250.00 6.52002
55240.00 6.52077
55230.00 6.52152
55220.00 6.52228
55210.00 6.52303
55200.00 6.52378
55190.00 6.52453
55180.00 6.52529
55170.00 6.52604
55160.00 6.52679
55150.00 6.52755
55140.00 6.52830
55130.00 6.52906
55120.00 6.52981
55110.00 6.53057
55100.00 6.53132
55090.00 6.53208
55080.00 6.53284
55070.00 6.53359
55060.00 6.53435
55050.00 6.53511
55040.00 6.53586
55030.00 6.53662
55020.00 6.53738
55010.00 6.53814
55000.00 6.53890
54990.00 6.53966
54980.00 6.54042
54970.00 6.54117
54960.00 6.54193
54950.00 6.54270
54940.00 6.54346
54930.00 6.54422
54920.00 6.54498
54910.00 6.54574
54900.00 6.54650
54890.00 6.54727
54880.00 6.54803
54870.00 6.54879
54860.00 6.54955
54850.00 6.55032
54840.00 6.55108
54830.00 6.55184
54820.00 6.55261
54810.00 6.55337
54800.00 6.55414
54790.00 6.55490
54780.00 6.55567
54770.00 6.55644
54760.00 6.55720
54750.00 6.55797
54740.00 6.55874
54730.00 6.55950
54720.00 6.56027
54710.00 6.56104
54700.00 6.56181
54690.00 6.56258
54680.00 6.56334
54670.00 6.56411
54660.00 6.56488
54650.00 6.56565
54640.00 6.56642
54630.00 6.56719
54620.00 6.56796
54610.00 6.56874
54600.00 6.56951
54590.00 6.57028
54580.00 6.57105
54570.00 6.57182
54560.00 6.57260
54550.00 6.57337
54540.00 6.57414
54530.00 6.57492
54520.00 6.57569
54510.00 6.57646
54500.00 6.57724
54490.00 6.57801
54480.00 6.57879
54470.00 6.57956
54460.00 6.58034
54450.00 6.58112
54440.00 6.58189
54430.00 6.58267
54420.00 6.58345
54410.00 6.58422
54400.00 6.58500
54390.00 6.58578
54380.00 6.58656
54370.00 6.58734
54360.00 6.58811
54350.00 6.58889
54340.00 6.58967
54330.00 6.59045
54320.00 6.59123
54310.00 6.59201
54300.00 6.59280
54290.00 6.59358
54280.00 6.59436
54270.00 6.59514
54260.00 6.59592
54250.00 6.59670
54240.00 6.59749
54230.00 6.59827
54220.00 6.59905
54210.00 6.59984
54200.00 6.60062
54190.00 6.60141
54180.00 6.60219
54170.00 6.60297
54160.00 6.60376
54150.00 6.60454
54140.00 6.60533
54130.00 6.60612
54120.00 6.60690
54110.00 6.60769
54100.00 6.60848
54090.00 6.60927
54080.00 6.61005
54070.00 6.61084
54060.00 6.61163
54050.00 6.61242
54040.00 6.61321
54030.00 6.61400
54020.00 6.61479
54010.00 6.61558
54000.00 6.61637
53990.00 6.61716
53980.00 6.61795
53970.00 6.61874
53960.00 6.61953
53950.00 6.62032
53940.00 6.62112
53930.00 6.62191
53920.00 6.62270
53910.00 6.62349
53900.00 6.62429
53890.00 6.62508
53880.00 6.62587
53870.00 6.62667
53860.00 6.62746
53850.00 6.62826
53840.00 6.62905
53830.00 6.62985
53820.00 6.63064
53810.00 6.63144
53800.00 6.63224
53790.00 6.63303
53780.00 6.63383
53770.00 6.63463
53760.00 6.63543
53750.00 6.63623
53740.00 6.63702
53730.00 6.63782
53720.00 6.63862
53710.00 6.63942
53700.00 6.64022
53690.00 6.64102
53680.00 6.64182
53670.00 6.64262
53660.00 6.64342
53650.00 6.64423
53640.00 6.64503
53630.00 6.64583
53620.00 6.64663
53610.00 6.64743
53600.00 6.64824
53590.00 6.64904
53580.00 6.64984
53570.00 6.65065
53560.00 6.65145
53550.00 6.65226
53540.00 6.65306
53530.00 6.65386
53520.00 6.65467
53510.00 6.65548
53500.00 6.65628
53490.00 6.65709
53480.00 6.65790
53470.00 6.65870
53460.00 6.65951
53450.00 6.66032
53440.00 6.66113
53430.00 6.66193
53420.00 6.66274
53410.00 6.66355
53400.00 6.66436
53390.00 6.66517
53380.00 6.66598
53370.00 6.66679
53360.00 6.66760
53350.00 6.66841
53340.00 6.66922
53330.00 6.67003
53320.00 6.67084
53310.00 6.67166
53300.00 6.67247
53290.00 6.67328
53280.00 6.67409
53270.00 6.67491
53260.00 6.67572
53250.00 6.67654
53240.00 6.67735
53230.00 6.67816
53220.00 6.67898
53210.00 6.67979
53200.00 6.68061
53190.00 6.68143
53180.00 6.68224
53170.00 6.68306
53160.00 6.68387
53150.00 6.68469
53140.00 6.68551
53130.00 6.68633
53120.00 6.68714
53110.00 6.68796
53100.00 6.68878
53090.00 6.68960
53080.00 6.69042
53070.00 6.69124
53060.00 6.69206
53050.00 6.69288
53040.00 6.69370
53030.00 6.69452
53020.00 6.69534
53010.00 6.69616
53000.00 6.69698
52990.00 6.69781
52980.00 6.69863
52970.00 6.69945
52960.00 6.70027
52950.00 6.70110
52940.00 6.70192
52930.00 6.70275
52920.00 6.70357
52910.00 6.70439
52900.00 6.70522
52890.00 6.70605
52880.00 6.70687
52870.00 6.70770
52860.00 6.70852
52850.00 6.70935
52840.00 6.71018
52830.00 6.71100
52820.00 6.71183
52810.00 6.71266
52800.00 6.71349
52790.00 6.71431
52780.00 6.71514
52770.00 6.71597
52760.00 6.71680
52750.00 6.71763
52740.00 6.71846
52730.00 6.71929
52720.00 6.72012
52710.00 6.72095
52700.00 6.72178
52690.00 6.72262
52680.00 6.72345
52670.00 6.72428
52660.00 6.72511
52650.00 6.72595
52640.00 6.72678
52630.00 6.72761
52620.00 6.72845
52610.00 6.72928
52600.00 6.73011
52590.00 6.73095
52580.00 6.73178
52570.00 6.73262
52560.00 6.73345
52550.00 6.73429
52540.00 6.73513
52530.00 6.73596
52520.00 6.73680
52510.00 6.73764
52500.00 6.73847
52490.00 6.73931
52480.00 6.74015
52470.00 6.74099
52460.00 6.74183
52450.00 6.74267
52440.00 6.74351
52430.00 6.74435
52420.00 6.74519
52410.00 6.74603
52400.00 6.74687
52390.00 6.74771
52380.00 6.74855
52370.00 6.74939
52360.00 6.75023
52350.00 6.75107
52340.00 6.75192
52330.00 6.75276
52320.00 6.75360
52310.00 6.75445
52300.00 6.75529
52290.00 6.75613
52280.00 6.75698
52270.00 6.75782
52260.00 6.75867
52250.00 6.75951
52240.00 6.76036
52230.00 6.76121
52220.00 6.76205
52210.00 6.76290
52200.00 6.76375
