#Bragg	Gap
Units mDeg mm 
24800	6.000
24700	6.023
24600   6.02759
24578	6.03229
24557	6.037
24536	6.04172
24515	6.04645
24400   6.06964
24381.9 6.07378
24363.8 6.07792
24345.7 6.08207
24327.6 6.08622
24309.5 6.09037
24291.5 6.09454
24273.4 6.09871
24255.3 6.10288
24237.2 6.10707
24219.1 6.11125
24201   6.11545
24182.9 6.11965
24164.8 6.12385
24146.7 6.12806
24128.6 6.13228
24110.6 6.1365
24092.5 6.14073
24074.4 6.14497
24056.3 6.14921
24038.2 6.15346
24020.1 6.15771
24002   6.16197
23983.9 6.16623
23965.8 6.1705
23947.7 6.17478
23929.6 6.17906
23911.6 6.18335
23893.5 6.18764
23875.4 6.19195
23857.3 6.19625
23839.2 6.20056
23821.1 6.20488
23803   6.20921
23784.9 6.21354
23766.8 6.21787
23748.7 6.22221
23730.7 6.22656
23712.6 6.23092
23694.5 6.23527
23676.4 6.23964
23658.3 6.24401
23640.2 6.24839
23622.1 6.25277
23604   6.25716
23585.9 6.26156
23567.8 6.26596
23549.7 6.27037
23531.7 6.27478
23513.6 6.2792
23495.5 6.28362
23477.4 6.28805
23459.3 6.29249
23441.2 6.29693
23423.1 6.30138
23405   6.30584
23386.9 6.3103
23368.8 6.31476
23350.8 6.31924
23332.7 6.32371
23314.6 6.3282
23296.5 6.33269
23278.4 6.33718
23260.3 6.34169
23242.2 6.34619
23224.1 6.35071
23206   6.35523
23187.9 6.35975
23169.8 6.36429
23151.8 6.36882
23133.7 6.37337
23115.6 6.37792
23097.5 6.38247
23079.4 6.38703
23061.3 6.3916
23043.2 6.39617
23025.1 6.40075
23007   6.40534
22988.9 6.40993
22970.9 6.41453
22952.8 6.41913
22934.7 6.42374
22916.6 6.42835
22898.5 6.43297
22880.4 6.4376
22862.3 6.44223
22844.2 6.44687
22826.1 6.45152
22808   6.45617
22789.9 6.46082
22771.9 6.46548
22753.8 6.47015
22735.7 6.47483
22717.6 6.47951
22699.5 6.48419
22681.4 6.48889
22663.3 6.49358
22645.2 6.49829
22627.1 6.503
22609   6.50771
22591   6.51243
22572.9 6.51716
22554.8 6.52189
22536.7 6.52663
22518.6 6.53138
22500.5 6.53613
22482.4 6.54089
22464.3 6.54565
22446.2 6.55042
22428.1 6.55519
22410.1 6.55998
22392   6.56476
22373.9 6.56956
22355.8 6.57435
22337.7 6.57916
22319.6 6.58397
22301.5 6.58879
22283.4 6.59361
22265.3 6.59844
22247.2 6.60327
22229.1 6.60811
22211.1 6.61296
22193   6.61781
22174.9 6.62267
22156.8 6.62753
22138.7 6.6324
22120.6 6.63728
22102.5 6.64216
22084.4 6.64705
22066.3 6.65194
22048.2 6.65684
22030.2 6.66175
22012.1 6.66666
21994   6.67157
21975.9 6.6765
21957.8 6.68143
21939.7 6.68636
21921.6 6.6913
21903.5 6.69625
21885.4 6.7012
21867.3 6.70616
21849.2 6.71113
21831.2 6.7161
21813.1 6.72107
21795   6.72606
21776.9 6.73105
21758.8 6.73604
21740.7 6.74104
21722.6 6.74605
21704.5 6.75106
21686.4 6.75608
21668.3 6.7611
21650.3 6.76613
21632.2 6.77117
21614.1 6.77621
21596   6.78126
21577.9 6.78631
21559.8 6.79137
21541.7 6.79644
21523.6 6.80151
21505.5 6.80659
21487.4 6.81167
21469.3 6.81676
21451.3 6.82185
21433.2 6.82696
21415.1 6.83206
21397   6.83718
21378.9 6.8423
21360.8 6.84742
21342.7 6.85255
21324.6 6.85769
21306.5 6.86283
21288.4 6.86798
21270.4 6.87313
21252.3 6.8783
21234.2 6.88346
21216.1 6.88863
21198   6.89381
21179.9 6.899
21161.8 6.90419
21143.7 6.90938
21125.6 6.91459
21107.5 6.91979
21089.4 6.92501
21071.4 6.93023
21053.3 6.93545
21035.2 6.94069
21017.1 6.94592
20999   6.95117
20980.9 6.95642
20962.8 6.96167
20944.7 6.96693
20926.6 6.9722
20908.5 6.97748
20890.5 6.98275
20872.4 6.98804
20854.3 6.99333
20836.2 6.99863
20818.1 7.00393
20800   7.00924
20789.9 7.01961
20778.9 7.0229
20767.8 7.02619
20756.8 7.02949
20745.7 7.03279
20734.7 7.0361
20723.6 7.0394
20712.6 7.04271
20701.5 7.04603
20690.5 7.04934
20679.4 7.05266
20668.3 7.05598
20657.3 7.05931
20646.2 7.06264
20635.2 7.06597
20624.1 7.0693
20613.1 7.07264
20602   7.07598
20591   7.07932
20579.9 7.08266
20568.8 7.08601
20557.8 7.08936
20546.7 7.09272
20535.7 7.09607
20524.6 7.09943
20513.6 7.1028
20502.5 7.10616
20491.5 7.10953
20480.4 7.1129
20469.3 7.11628
20458.3 7.11965
20447.2 7.12303
20436.2 7.12642
20425.1 7.1298
20414.1 7.13319
20403   7.13659
20392   7.13998
20380.9 7.14338
20369.8 7.14678
20358.8 7.15018
20347.7 7.15359
20336.7 7.157
20325.6 7.16041
20314.6 7.16383
20303.5 7.16725
20292.5 7.17067
20281.4 7.17409
20270.4 7.17752
20259.3 7.18095
20248.2 7.18438
20237.2 7.18782
20226.1 7.19126
20215.1 7.1947
20204   7.19814
20193   7.20159
20181.9 7.20504
20170.9 7.2085
20159.8 7.21195
20148.7 7.21541
20137.7 7.21888
20126.6 7.22234
20115.6 7.22581
20104.5 7.22928
20093.5 7.23275
20082.4 7.23623
20071.4 7.23971
20060.3 7.24319
20049.2 7.24668
20038.2 7.25017
20027.1 7.25366
20016.1 7.25716
20005   7.26065
19975.9 7.26443
19963.8 7.26828
19951.8 7.27213
19939.7 7.27599
19927.6 7.27985
19915.6 7.28371
19903.5 7.28758
19891.5 7.29145
19879.4 7.29533
19867.3 7.29921
19855.3 7.3031
19843.2 7.30699
19831.2 7.31088
19819.1 7.31478
19807   7.31868
19795   7.32258
19782.9 7.32649
19770.9 7.33041
19758.8 7.33433
19746.7 7.33825
19734.7 7.34218
19722.6 7.34611
19710.6 7.35004
19698.5 7.35398
19686.4 7.35793
19674.4 7.36188
19662.3 7.36583
19650.3 7.36978
19638.2 7.37375
19626.1 7.37771
19614.1 7.38168
19602   7.38565
19589.9 7.38963
19577.9 7.39361
19565.8 7.3976
19553.8 7.40159
19541.7 7.40558
19529.6 7.40958
19517.6 7.41358
19505.5 7.41759
19493.5 7.4216
19481.4 7.42562
19469.3 7.42964
19457.3 7.43366
19445.2 7.43769
19433.2 7.44172
19421.1 7.44576
19409   7.4498
19397   7.45384
19384.9 7.45789
19372.9 7.46194
19360.8 7.466
19348.7 7.47006
19336.7 7.47413
19324.6 7.4782
19312.6 7.48227
19300.5 7.48635
19288.4 7.49043
19276.4 7.49452
19264.3 7.49861
19252.3 7.50271
19240.2 7.50681
19228.1 7.51091
19216.1 7.51502
19204   7.51913
19192   7.52325
19179.9 7.52737
19167.8 7.53149
19155.8 7.53562
19143.7 7.53975
19131.7 7.54389
19119.6 7.54803
19107.5 7.55218
19095.5 7.55633
19083.4 7.56048
19071.4 7.56464
19059.3 7.5688
19047.2 7.57297
19035.2 7.57714
19023.1 7.58131
19011.1 7.58549
18999   7.58968
18986.9 7.59386
18974.9 7.59806
18962.8 7.60225
18950.8 7.60645
18938.7 7.61066
18926.6 7.61486
18914.6 7.61908
18902.5 7.62329
18890.5 7.62752
18878.4 7.63174
18866.3 7.63597
18854.3 7.64021
18842.2 7.64444
18830.2 7.64869
18818.1 7.65293
18806   7.65718
18794   7.66144
18781.9 7.6657
18769.8 7.66996
18757.8 7.67423
18745.7 7.6785
18733.7 7.68277
18721.6 7.68705
18709.5 7.69134
18697.5 7.69563
18685.4 7.69992
18673.4 7.70422
18661.3 7.70852
18649.2 7.71282
18637.2 7.71713
18625.1 7.72145
18613.1 7.72577
18601   7.73009
18588.9 7.73441
18576.9 7.73874
18564.8 7.74308
18552.8 7.74742
18540.7 7.75176
18528.6 7.75611
18516.6 7.76046
18504.5 7.76482
18492.5 7.76918
18480.4 7.77354
18468.3 7.77791
18456.3 7.78228
18444.2 7.78666
18432.2 7.79104
18420.1 7.79542
18408   7.79981
18396   7.80421
18383.9 7.8086
18371.9 7.81301
18359.8 7.81741
18347.7 7.82182
18335.7 7.82624
18323.6 7.83066
18311.6 7.83508
18299.5 7.83951
18287.4 7.84394
18275.4 7.84837
18263.3 7.85281
18251.3 7.85726
18239.2 7.86171
18227.1 7.86616
18215.1 7.87061
18203   7.87508
18191   7.87954
18178.9 7.88401
18166.8 7.88848
18154.8 7.89296
18142.7 7.89744
18130.7 7.90193
18118.6 7.90642
18106.5 7.91091
18094.5 7.91541
18082.4 7.91991
18070.4 7.92442
18058.3 7.92893
18046.2 7.93345
18034.2 7.93797
18022.1 7.94249
18010.1 7.94702
17998   7.95155
17985.9 7.95609
17973.9 7.96063
17961.8 7.96517
17949.7 7.96972
17937.7 7.97428
17925.6 7.97883
17913.6 7.9834
17901.5 7.98796
17889.4 7.99253
17877.4 7.99711
17865.3 8.00168
17853.3 8.00627
17841.2 8.01085
17829.1 8.01545
17817.1 8.02004
17805   8.02464
17793   8.02924
17780.9 8.03385
17768.8 8.03846
17756.8 8.04308
17744.7 8.0477
17732.7 8.05233
17720.6 8.05695
17708.5 8.06159
17696.5 8.06622
17684.4 8.07087
17672.4 8.07551
17660.3 8.08016
17648.2 8.08482
17636.2 8.08947
17624.1 8.09414
17612.1 8.0988
17600   8.10347
17520.1	8.1348
17359.3	8.19902
17182.4	8.27083
17021.6	8.33719
16876.9	8.39782
16764.3	8.44557
16500	8.56292
16400	8.60735
16300	8.65223
16200	8.69755
16100	8.74331
16000	8.78951
15900	8.83380
15800	8.87480
15700	8.92610
15600	8.97590
15500	9.041
15400	9.090
15300	9.143
15200	9.193
15100	9.245
15000	9.295
14900	9.351
14800	9.404
14700	9.46
14600	9.525
14500	9.580
14400	9.639
14300	9.696
14200	9.756
14100	9.815
14000	9.868
13900	9.927
13800	9.993
13700	10.054
13600	10.119
13500	10.183
13400	10.251
13300	10.316
13200	10.386
13100	10.460
13000	10.528
12900	10.598
12800	10.673
12700	10.747
12500	10.88
