# From Hephaestus database
#
#
#
#
#
#
#
#
#
#
#
#
#
#
#
#
#
#
#
#
#
#
#
#
#
#
#
#
#
#
#
#
#
# Energy  lnI0It
25310.577	-0.43947333
25319.886	-0.4402786
25330.615	-0.44086866
25339.797	-0.44189785
25349.411	-0.44270088
25361.297	-0.44316989
25368.802	-0.44416087
25380.565	-0.44471786
25391.487	-0.44518368
25399.01	-0.4454119
25410.516	-0.44545756
25420.326	-0.44554123
25427.582	-0.44531804
25438.545	-0.44456659
25449.089	-0.44326805
25457.217	-0.4411931
25470.204	-0.43496216
25478.774	-0.42799891
25479.632	-0.42817889
25480.203	-0.42800528
25480.918	-0.42739583
25481.775	-0.42730804
25482.49	-0.42642036
25483.776	-0.42525478
25484.777	-0.42333461
25486.206	-0.42183987
25487.493	-0.41928515
25489.066	-0.41742469
25490.21	-0.41433322
25491.497	-0.41193699
25492.928	-0.40737302
25494.072	-0.40402073
25495.36	-0.39807925
25496.361	-0.39376503
25497.935	-0.38289891
25498.794	-0.37976539
25500.082	-0.36899991
25500.941	-0.3626287
25501.943	-0.34870751
25503.088	-0.33528178
25504.09	-0.32209209
25504.949	-0.30139864
25505.951	-0.28460736
25506.667	-0.25511375
25507.67	-0.23343333
25508.386	-0.1938537
25509.245	-0.16385889
25509.818	-0.12004529
25510.678	-0.085697137
25511.25	-0.02406269
25512.11	0.027509712
25512.826	0.10822856
25513.829	0.16669571
25514.546	0.2516155
25515.692	0.32627831
25516.838	0.4284903
25518.128	0.48909506
25519.418	0.58015921
25520.422	0.62550397
25521.999	0.69121187
25523.146	0.71683725
25524.723	0.73515963
25525.727	0.73645921
25527.305	0.73021494
25528.165	0.72174851
25529.026	0.71057738
25530.03	0.70050831
25531.321	0.68337217
25532.039	0.6743371
25533.043	0.65966912
25533.904	0.65194554
25534.478	0.64473145
25535.339	0.6349097
25535.913	0.64147141
25536.631	0.64374165
25537.205	0.65061505
25538.067	0.65817094
25538.641	0.67248194
25540.076	0.70498938
25541.225	0.73688876
25543.235	0.78255514
25545.39	0.82316597
25547.544	0.83966413
25549.412	0.82576192
25551.28	0.78775291
25553.148	0.73726797
25555.304	0.68307225
25557.317	0.65024309
25559.042	0.63934402
25561.343	0.64408772
25563.357	0.66013426
25564.939	0.67502609
25566.666	0.69169901
25568.104	0.706159
25569.831	0.72138497
25572.422	0.73989496
25574.581	0.75671186
25577.749	0.78753435
25581.061	0.81836367
25583.798	0.82076287
25586.68	0.79165667
25588.842	0.75483378
25591.58	0.7092767
25592.878	0.68954515
25594.896	0.6723212
25596.482	0.66695484
25599.367	0.67030353
25602.829	0.68532048
25606.437	0.7046471
25609.612	0.71960658
25612.644	0.73026332
25615.388	0.73785227
25618.566	0.74526571
25621.456	0.75054427
25623.623	0.75217824
25625.791	0.75082967
25628.104	0.7444829
25630.562	0.73307016
25634.033	0.71702906
25637.794	0.70338677
25641.556	0.69415777
25644.595	0.68947793
25647.781	0.68950215
25650.387	0.69365711
25652.56	0.69937192
25655.457	0.70768304
25658.645	0.71368891
25662.703	0.71603037
25665.892	0.71474631
25669.228	0.71130811
25672.709	0.70582325
25676.336	0.698977
25679.82	0.69276293
25682.723	0.68792448
25685.918	0.6829086
25689.549	0.67636116
25693.907	0.66960275
25698.413	0.6643325
25702.484	0.66084256
25706.265	0.65890515
25709.175	0.65888091
25712.23	0.66100871
25716.451	0.66613739
25721.547	0.67107408
25725.771	0.67279384
25729.85	0.67239985
25734.223	0.67055302
25738.305	0.66711515
25740.93	0.66293779
25744.869	0.65575955
25749.246	0.64382317
25753.917	0.63292262
25758.298	0.62370394
25762.826	0.61808432
25766.333	0.61536032
25769.548	0.61354614
25774.227	0.61214199
25779.053	0.61183545
25783.003	0.61308573
25787.687	0.6165065
25792.225	0.61945825
25796.619	0.62125934
25800.575	0.62220793
25805.411	0.6212782
25810.689	0.61698036
25816.263	0.61021794
25820.958	0.6027816
25824.921	0.59543011
25828.886	0.58796312
25834.908	0.57969634
25840.492	0.57509933
25845.637	0.57268344
25850.785	0.57099118
25855.199	0.5696696
25859.614	0.56780138
25864.62	0.56530686
25869.922	0.56394963
25875.816	0.56402123
25880.976	0.56412654
25884.957	0.56367804
25889.53	0.56292145
25895.286	0.56134219
25900.601	0.55891927
25905.77	0.55552649
25911.237	0.5507278
25915.967	0.54564287
25921.882	0.53770379
25928.096	0.53030682
25934.757	0.52614596
25940.088	0.52389657
25944.088	0.52237906
25950.164	0.5205076
25957.43	0.51855901
25963.067	0.5170232
25969.004	0.51560863
25973.755	0.51424452
25979.548	0.5128471
25985.493	0.51100466
25992.63	0.50874767
25998.431	0.50612398
26002.598	0.50335727
26008.106	0.49951935
26014.957	0.49528652
26020.918	0.49100655
26027.328	0.48684544
26032.698	0.48311046
26039.263	0.47926907
26046.43	0.47568416
26053.451	0.47269759
26059.13	0.47011039
26064.064	0.46756579
26072.292	0.46511166
26079.326	0.46297278
26085.466	0.46087536
26091.31	0.45877813
26097.455	0.45638606
26104.204	0.45324368
26111.556	0.44985608
26117.861	0.44683894
26122.968	0.44352339
26130.181	0.43994891
26137.096	0.43643887
26143.715	0.43277371
26149.584	0.42957115
26157.264	0.42584203
26164.646	0.42219693
26172.787	0.41911608
26178.669	0.41637665
26185.007	0.41362692
26193.311	0.41081788
26201.016	0.40804499
26207.365	0.40531095
26213.868	0.40263606
26221.282	0.3995735
26229.458	0.39620348
26236.579	0.39299009
26242.338	0.38994909
26249.314	0.38643883
26257.204	0.38308179
26264.643	0.37965652
26270.87	0.37643026
26279.837	0.37265485
26288.05	0.36903695
26295.811	0.36572907
26302.206	0.36250407
26310.433	0.35903759
26319.427	0.3558356
26326.291	0.35265735
26333.159	0.34974867
26341.863	0.34648366
26349.962	0.34311266
26357.759	0.33984072
26364.031	0.33673897
26371.991	0.33324615
26380.414	0.32969381
26387.464	0.32642356
26395.59	0.32289054
26405.103	0.3192631
26414.009	0.31554563
26420.769	0.31237191
26429.07	0.30872986
26438.915	0.30494966
26446.766	0.30169724
26453.697	0.29865594
26463.252	0.29495602
26472.043	0.29134933
26479.604	0.28804994
26486.862	0.28475551
26495.359	0.28132803
26504.326	0.27779368
26511.596	0.27446306
26521.813	0.27085433
26530.643	0.26708278
26539.478	0.26356971
26547.234	0.26013622
26556.857	0.256182
26566.643	0.2523866
26573.326	0.24934988
26583.123	0.24548411
26592.15	0.24180983
26597.132	0.23882191