# bragg	idgap
Units	Deg	mm
56.100 4.99000
56.000 4.99964
55.990 5.00026
55.980 5.00088
55.970 5.00150
55.960 5.00211
55.950 5.00273
55.940 5.00335
55.930 5.00397
55.920 5.00459
55.910 5.00521
55.900 5.00583
55.890 5.00646
55.880 5.00708
55.870 5.00770
55.860 5.00832
55.850 5.00894
55.840 5.00957
55.830 5.01019
55.820 5.01081
55.810 5.01144
55.800 5.01206
55.790 5.01269
55.780 5.01331
55.770 5.01394
55.760 5.01456
55.750 5.01519
55.740 5.01582
55.730 5.01645
55.720 5.01707
55.710 5.01770
55.700 5.01833
55.690 5.01896
55.680 5.01959
55.670 5.02022
55.660 5.02085
55.650 5.02148
55.640 5.02211
55.630 5.02274
55.620 5.02337
55.610 5.02400
55.600 5.02463
55.590 5.02527
55.580 5.02590
55.570 5.02653
55.560 5.02717
55.550 5.02780
55.540 5.02844
55.500 5.02875
55.490 5.02940
55.480 5.03005
55.470 5.03070
55.460 5.03136
55.450 5.03201
55.440 5.03266
55.430 5.03331
55.420 5.03397
55.410 5.03462
55.400 5.03528
55.390 5.03593
55.380 5.03659
55.370 5.03724
55.360 5.03790
55.350 5.03856
55.340 5.03921
55.330 5.03987
55.320 5.04053
55.310 5.04119
55.300 5.04185
55.290 5.04250
55.280 5.04316
55.270 5.04382
55.260 5.04448
55.250 5.04514
55.240 5.04580
55.230 5.04646
55.220 5.04712
55.210 5.04778
55.200 5.04845
55.190 5.04911
55.180 5.04977
55.170 5.05043
55.160 5.05110
55.150 5.05176
55.140 5.05242
55.130 5.05309
55.120 5.05375
55.110 5.05441
55.100 5.05508
55.090 5.05575
55.080 5.05641
55.070 5.05708
55.060 5.05774
55.050 5.05841
55.040 5.05908
55.030 5.05974
55.020 5.06041
55.010 5.06108
55.000 5.06175
54.990 5.06242
54.980 5.06308
54.970 5.06375
54.960 5.06442
54.950 5.06509
54.940 5.06576
54.930 5.06643
54.920 5.06711
54.910 5.06778
54.900 5.06845
54.890 5.06912
54.880 5.06979
54.870 5.07046
54.860 5.07114
54.850 5.07181
54.840 5.07249
54.830 5.07316
54.820 5.07383
54.810 5.07451
54.800 5.07518
54.790 5.07586
54.780 5.07653
54.770 5.07721
54.760 5.07789
54.750 5.07856
54.740 5.07924
54.730 5.07992
54.720 5.08059
54.710 5.08127
54.700 5.08195
54.690 5.08263
54.680 5.08331
54.670 5.08399
54.660 5.08467
54.650 5.08535
54.640 5.08603
54.630 5.08671
54.620 5.08739
54.610 5.08807
54.600 5.08875
54.590 5.08943
54.580 5.09012
54.570 5.09080
54.560 5.09148
54.550 5.09217
54.540 5.09285
54.530 5.09353
54.520 5.09422
54.510 5.09490
54.500 5.09559
54.490 5.09627
54.480 5.09696
54.470 5.09764
54.460 5.09833
54.450 5.09902
54.440 5.09971
54.430 5.10039
54.420 5.10108
54.410 5.10177
54.400 5.10246
54.390 5.10314
54.380 5.10383
54.370 5.10452
54.360 5.10521
54.350 5.10590
54.340 5.10660
54.330 5.10729
54.320 5.10798
54.310 5.10867
54.300 5.10936
54.290 5.11005
54.280 5.11074
54.270 5.11144
54.260 5.11213
54.250 5.11282
54.240 5.11352
54.230 5.11421
54.220 5.11491
54.210 5.11560
54.200 5.11630
54.190 5.11699
54.180 5.11769
54.170 5.11838
54.160 5.11908
54.150 5.11978
54.140 5.12047
54.130 5.12117
54.120 5.12187
54.110 5.12257
54.100 5.12327
54.090 5.12396
54.080 5.12466
54.070 5.12536
54.060 5.12606
54.050 5.12676
54.040 5.12746
54.030 5.12816
54.020 5.12887
54.010 5.12957
54.000 5.13027
53.990 5.13097
53.980 5.13167
53.970 5.13238
53.960 5.13308
53.950 5.13378
53.940 5.13449
53.930 5.13519
53.920 5.13589
53.910 5.13660
53.900 5.13731
53.890 5.13801
53.880 5.13872
53.870 5.13942
53.860 5.14013
53.850 5.14084
53.840 5.14154
53.830 5.14225
53.820 5.14296
53.810 5.14367
53.800 5.14438
53.790 5.14508
53.780 5.14579
53.770 5.14650
53.760 5.14721
53.750 5.14792
53.740 5.14863
53.730 5.14934
53.720 5.15006
53.710 5.15077
53.700 5.15148
53.690 5.15219
53.680 5.15291
53.670 5.15362
53.660 5.15433
53.650 5.15504
53.640 5.15576
53.630 5.15647
53.620 5.15719
53.610 5.15790
53.600 5.15862
53.590 5.15933
53.580 5.16005
53.570 5.16077
53.560 5.16148
53.550 5.16220
53.540 5.16292
53.530 5.16363
53.520 5.16435
53.510 5.16507
53.500 5.16579
53.490 5.16651
53.480 5.16723
53.470 5.16795
53.460 5.16867
53.450 5.16939
53.440 5.17011
53.430 5.17083
53.420 5.17155
53.410 5.17227
53.400 5.17299
53.390 5.17372
53.380 5.17444
53.370 5.17516
53.360 5.17588
53.350 5.17661
53.340 5.17733
53.330 5.17806
53.320 5.17878
53.310 5.17951
53.300 5.18023
53.290 5.18096
53.280 5.18168
53.270 5.18241
53.260 5.18314
53.250 5.18386
53.240 5.18459
53.230 5.18532
53.220 5.18605
53.210 5.18677
53.200 5.18750
53.190 5.18823
53.180 5.18896
53.170 5.18969
53.160 5.19042
53.150 5.19115
53.140 5.19188
53.130 5.19261
53.120 5.19335
53.110 5.19408
53.100 5.19481
53.090 5.19554
53.080 5.19627
53.070 5.19701
53.060 5.19774
53.050 5.19847
53.040 5.19921
53.030 5.19994
53.020 5.20068
53.010 5.20141
53.000 5.20215
52.990 5.20288
52.980 5.20362
52.970 5.20436
52.960 5.20509
52.950 5.20583
52.940 5.20657
52.930 5.20730
52.920 5.20804
52.910 5.20878
52.900 5.20952
52.890 5.21026
52.880 5.21100
52.870 5.21174
52.860 5.21248
52.850 5.21322
52.840 5.21396
52.830 5.21470
52.820 5.21544
52.810 5.21618
52.800 5.21693
52.790 5.21767
52.780 5.21841
52.770 5.21915
52.760 5.21990
52.750 5.22064
52.740 5.22139
52.730 5.22213
52.720 5.22288
52.710 5.22362
52.700 5.22437
52.690 5.22511
52.680 5.22586
52.670 5.22661
52.660 5.22735
52.650 5.22810
52.640 5.22885
52.630 5.22959
52.620 5.23034
52.610 5.23109
52.600 5.23184
52.590 5.23259
52.580 5.23334
52.570 5.23409
52.560 5.23484
52.550 5.23559
52.540 5.23634
52.530 5.23709
52.520 5.23784
52.510 5.23860
52.500 5.23935
52.490 5.24010
52.480 5.24085
52.470 5.24160
52.460 5.24236
52.450 5.24311
52.440 5.24387
52.430 5.24462
52.420 5.24538
52.410 5.24613
52.400 5.24689
52.390 5.24764
52.380 5.24840
52.370 5.24916
52.360 5.24991
52.350 5.25067
52.340 5.25143
52.330 5.25218
52.320 5.25294
52.310 5.25370
52.300 5.25446
52.290 5.25522
52.280 5.25598
52.270 5.25674
52.260 5.25750
52.250 5.25826
52.240 5.25902
52.230 5.25978
52.220 5.26054
52.210 5.26131
52.200 5.26207
52.190 5.26283
52.180 5.26359
52.170 5.26436
52.160 5.26512
52.150 5.26589
52.140 5.26665
52.130 5.26741
52.120 5.26818
52.110 5.26894
52.100 5.26971
52.090 5.27048
52.080 5.27124
52.070 5.27201
52.060 5.27277
52.050 5.27354
52.040 5.27431
52.030 5.27508
52.020 5.27585
52.010 5.27662
52.000 5.27738
51.990 5.27815
51.980 5.27892
51.970 5.27969
51.960 5.28046
51.950 5.28123
51.940 5.28201
51.930 5.28278
51.920 5.28355
51.910 5.28432
51.900 5.28509
51.890 5.28587
51.880 5.28664
51.870 5.28741
51.860 5.28819
51.850 5.28896
51.840 5.28973
51.830 5.29051
51.820 5.29128
51.810 5.29206
51.800 5.29284
51.790 5.29361
51.780 5.29439
51.770 5.29517
51.760 5.29594
51.750 5.29672
51.740 5.29750
51.730 5.29827
51.720 5.29905
51.710 5.29983
51.700 5.30061
51.690 5.30139
51.680 5.30217
51.670 5.30295
51.660 5.30373
51.650 5.30451
51.640 5.30529
51.630 5.30607
51.620 5.30686
51.610 5.30764
51.600 5.30842
51.590 5.30920
51.580 5.30999
51.570 5.31077
51.560 5.31155
51.550 5.31234
51.540 5.31312
51.530 5.31391
51.520 5.31469
51.510 5.31548
51.500 5.31626
51.490 5.31705
51.480 5.31784
51.470 5.31862
51.460 5.31941
51.450 5.32020
51.440 5.32098
51.430 5.32177
51.420 5.32256
51.410 5.32335
51.400 5.32414
51.390 5.32493
51.380 5.32572
51.370 5.32651
51.360 5.32730
51.350 5.32809
51.340 5.32888
51.330 5.32967
51.320 5.33046
51.310 5.33126
51.300 5.33205
51.290 5.33284
51.280 5.33363
51.270 5.33443
51.260 5.33522
51.250 5.33602
51.240 5.33681
51.230 5.33761
51.220 5.33840
51.210 5.33920
51.200 5.33999
51.190 5.34079
51.180 5.34158
51.170 5.34238
51.160 5.34318
51.150 5.34398
51.140 5.34477
51.130 5.34557
51.120 5.34637
51.110 5.34717
51.100 5.34797
51.090 5.34877
51.080 5.34957
51.070 5.35037
51.060 5.35117
51.050 5.35197
51.040 5.35277
51.030 5.35357
51.020 5.35437
51.010 5.35518
51.000 5.35598
50.990 5.35678
50.980 5.35759
50.970 5.35839
50.960 5.35919
50.950 5.36000
50.940 5.36080
50.930 5.36161
50.920 5.36241
50.910 5.36322
50.900 5.36402
50.890 5.36483
50.880 5.36564
50.870 5.36644
50.860 5.36725
50.850 5.36806
50.840 5.36887
50.830 5.36968
50.820 5.37048
50.810 5.37129
50.800 5.37210
50.790 5.37291
50.780 5.37372
50.770 5.37453
50.760 5.37534
50.750 5.37615
50.740 5.37696
50.730 5.37778
50.720 5.37859
50.710 5.37940
50.700 5.38021
50.690 5.38103
50.680 5.38184
50.670 5.38265
50.660 5.38347
50.650 5.38428
50.640 5.38510
50.630 5.38591
50.620 5.38673
50.610 5.38754
50.600 5.38836
50.590 5.38917
50.580 5.38999
50.570 5.39081
50.560 5.39163
50.550 5.39244
50.540 5.39326
50.530 5.39408
50.520 5.39490
50.510 5.39572
50.500 5.39654
50.490 5.39736
50.480 5.39818
50.470 5.39900
50.460 5.39982
50.450 5.40064
50.440 5.40146
50.430 5.40228
50.420 5.40310
50.410 5.40393
50.400 5.40475
50.390 5.40557
50.380 5.40640
50.370 5.40722
50.360 5.40804
50.350 5.40887
50.340 5.40969
50.330 5.41052
50.320 5.41134
50.310 5.41217
50.300 5.41299
50.290 5.41382
50.280 5.41465
50.270 5.41547
50.260 5.41630
50.250 5.41713
50.240 5.41796
50.230 5.41879
50.220 5.41961
50.210 5.42044
50.200 5.42127
50.190 5.42210
50.180 5.42293
50.170 5.42376
50.160 5.42460
50.150 5.42543
50.140 5.42626
50.130 5.42709
50.120 5.42792
50.110 5.42875
50.100 5.42959
50.090 5.43042
50.080 5.43125
50.070 5.43209
50.060 5.43292
50.050 5.43376
50.040 5.43459
50.030 5.43543
50.020 5.43626
50.010 5.43710
50.000 5.43793
49.990 5.43877
49.980 5.43961
49.970 5.44044
49.960 5.44128
49.950 5.44212
49.940 5.44296
49.930 5.44380
49.920 5.44463
49.910 5.44547
49.900 5.44631
49.890 5.44715
49.880 5.44799
49.870 5.44883
49.860 5.44967
49.850 5.45052
49.840 5.45136
49.830 5.45220
49.820 5.45304
49.810 5.45388
49.800 5.45473
49.790 5.45557
49.780 5.45641
49.770 5.45726
49.760 5.45810
49.750 5.45895
49.740 5.45979
49.730 5.46064
49.720 5.46148
49.710 5.46233
49.700 5.46317
49.690 5.46402
49.680 5.46487
49.670 5.46571
49.660 5.46656
49.650 5.46741
49.640 5.46826
49.630 5.46911
49.620 5.46996
49.610 5.47081
49.600 5.47165
49.590 5.47250
49.580 5.47335
49.570 5.47421
49.560 5.47506
49.550 5.47591
49.540 5.47676
49.530 5.47761
49.520 5.47846
49.510 5.47932
49.500 5.48017
47.100 5.70668
47.090 5.70760
47.080 5.70852
47.070 5.70944
47.060 5.71036
47.050 5.71128
47.040 5.71220
47.030 5.71312
47.020 5.71405
47.010 5.71497
47.000 5.71589
46.990 5.71682
46.980 5.71774
46.970 5.71867
46.960 5.71959
46.950 5.72052
46.940 5.72145
46.930 5.72237
46.920 5.72330
46.910 5.72423
46.900 5.72516
46.890 5.72609
46.880 5.72702
46.870 5.72795
46.860 5.72888
46.850 5.72981
46.840 5.73074
46.830 5.73167
46.820 5.73260
46.810 5.73354
46.800 5.73447
46.790 5.73541
46.780 5.73634
46.770 5.73728
46.760 5.73821
46.750 5.73915
46.740 5.74009
46.730 5.74102
46.720 5.74196
46.710 5.74290
46.700 5.74384
46.690 5.74478
46.680 5.74572
46.670 5.74666
46.660 5.74760
46.650 5.74854
46.640 5.74948
46.630 5.75043
46.620 5.75137
46.610 5.75231
46.600 5.75326
46.590 5.75420
46.580 5.75515
46.570 5.75609
46.560 5.75704
46.550 5.75799
46.540 5.75893
46.530 5.75988
46.520 5.76083
46.510 5.76178
46.500 5.76273
46.490 5.76368
46.480 5.76463
46.470 5.76558
46.460 5.76653
46.450 5.76748
46.440 5.76844
46.430 5.76939
46.420 5.77034
46.410 5.77130
46.400 5.77225
46.390 5.77321
46.380 5.77416
46.370 5.77512
46.360 5.77608
46.350 5.77703
46.340 5.77799
46.330 5.77895
46.320 5.77991
46.310 5.78087
46.300 5.78183
46.290 5.78279
46.280 5.78375
46.270 5.78471
46.260 5.78567
46.250 5.78663
46.240 5.78759
46.230 5.78856
46.220 5.78952
46.210 5.79049
46.200 5.79145
46.190 5.79242
46.180 5.79338
46.170 5.79435
46.160 5.79532
46.150 5.79628
46.140 5.79725
46.130 5.79822
46.120 5.79919
46.110 5.80016
46.100 5.80113
46.090 5.80210
46.080 5.80307
46.070 5.80404
46.060 5.80501
46.050 5.80599
46.040 5.80696
46.030 5.80793
46.020 5.80891
46.010 5.80988
46.000 5.81086
45.990 5.81184
45.980 5.81281
45.970 5.81379
45.960 5.81476
45.950 5.81574
45.940 5.81672
45.930 5.81770
45.920 5.81868
45.910 5.81966
45.900 5.82064
45.890 5.82162
45.880 5.82260
45.870 5.82359
45.860 5.82457
45.850 5.82555
45.840 5.82654
45.830 5.82752
45.820 5.82850
45.810 5.82949
45.800 5.83047
45.790 5.83146
45.780 5.83245
45.770 5.83343
45.760 5.83442
45.750 5.83541
45.740 5.83640
45.730 5.83739
45.720 5.83838
45.710 5.83937
45.700 5.84036
45.690 5.84135
45.680 5.84234
45.670 5.84334
45.660 5.84433
45.650 5.84532
45.640 5.84632
45.630 5.84731
45.620 5.84831
45.610 5.84930
45.600 5.85030
45.590 5.85129
45.580 5.85229
45.570 5.85329
45.560 5.85429
45.550 5.85528
45.540 5.85628
45.530 5.85728
45.520 5.85828
45.510 5.85928
45.500 5.86029
45.490 5.86129
45.480 5.86229
45.470 5.86329
45.460 5.86430
45.450 5.86530
45.440 5.86630
45.430 5.86731
45.420 5.86831
45.410 5.86932
45.400 5.87033
45.390 5.87133
45.380 5.87234
45.370 5.87335
45.360 5.87436
45.350 5.87537
45.340 5.87638
45.330 5.87739
45.320 5.87840
45.310 5.87941
45.300 5.88042
45.290 5.88143
45.280 5.88244
45.270 5.88346
45.260 5.88447
45.250 5.88548
45.240 5.88650
45.230 5.88751
45.220 5.88853
45.210 5.88955
45.200 5.89056
45.190 5.89158
45.180 5.89260
45.170 5.89362
45.160 5.89464
45.150 5.89565
45.140 5.89667
45.130 5.89769
45.120 5.89872
45.110 5.89974
45.100 5.90076
45.090 5.90178
45.080 5.90280
45.070 5.90383
45.060 5.90485
45.050 5.90588
45.040 5.90690
45.030 5.90793
45.020 5.90895
45.010 5.90998
45.000 5.91101
44.990 5.91203
44.980 5.91306
44.970 5.91409
44.960 5.91512
44.950 5.91615
44.940 5.91718
44.930 5.91821
44.920 5.91924
44.910 5.92027
44.900 5.92131
44.890 5.92234
44.880 5.92337
44.870 5.92441
44.860 5.92544
44.850 5.92648
44.840 5.92751
44.830 5.92855
44.820 5.92958
44.810 5.93062
44.800 5.93166
44.790 5.93270
44.780 5.93374
44.770 5.93477
44.760 5.93581
44.750 5.93685
44.740 5.93789
44.730 5.93894
44.720 5.93998
44.710 5.94102
44.700 5.94206
44.690 5.94310
44.680 5.94415
44.670 5.94519
44.660 5.94624
44.650 5.94728
44.640 5.94833
44.630 5.94937
44.620 5.95042
44.610 5.95147
44.600 5.95252
44.590 5.95356
44.580 5.95461
44.570 5.95566
44.560 5.95671
44.550 5.95776
44.540 5.95881
44.530 5.95987
44.520 5.96092
44.510 5.96197
44.500 5.96302
44.490 5.96408
44.480 5.96513
44.470 5.96619
44.460 5.96724
44.450 5.96830
44.440 5.96935
44.430 5.97041
44.420 5.97147
44.410 5.97252
44.400 5.97358
44.390 5.97464
44.380 5.97570
44.370 5.97676
44.360 5.97782
44.350 5.97888
44.340 5.97994
44.330 5.98101
44.320 5.98207
44.310 5.98313
44.300 5.98419
44.290 5.98526
44.280 5.98632
44.270 5.98739
44.260 5.98845
44.250 5.98952
44.240 5.99059
44.230 5.99165
44.220 5.99272
44.210 5.99379
44.200 5.99486
44.190 5.99592
44.180 5.99699
44.170 5.99806
44.160 5.99914
44.150 6.00021
44.140 6.00128
44.130 6.00235
44.120 6.00342
44.110 6.00450
44.100 6.00557
44.090 6.00665
44.080 6.00772
44.070 6.00880
44.060 6.00987
44.050 6.01095
44.040 6.01202
44.030 6.01310
44.020 6.01418
44.010 6.01526
44.000 6.01634
43.990 6.01742
43.980 6.01850
43.970 6.01958
43.960 6.02066
43.950 6.02174
43.940 6.02282
43.930 6.02390
43.920 6.02499
43.910 6.02607
43.900 6.02715
43.890 6.02824
43.880 6.02932
43.870 6.03041
43.860 6.03150
43.850 6.03258
43.840 6.03367
43.830 6.03476
43.820 6.03585
43.810 6.03693
43.800 6.03802
43.790 6.03911
43.780 6.04020
43.770 6.04130
43.760 6.04239
43.750 6.04348
43.740 6.04457
43.730 6.04566
43.720 6.04676
43.710 6.04785
43.700 6.04895
43.690 6.05004
43.680 6.05114
43.670 6.05223
43.660 6.05333
43.650 6.05443
43.640 6.05552
43.630 6.05662
43.620 6.05772
43.610 6.05882
43.600 6.05992
43.590 6.06102
43.580 6.06212
43.570 6.06322
43.560 6.06432
43.550 6.06543
43.540 6.06653
43.530 6.06763
43.520 6.06874
43.510 6.06984
43.500 6.07094
43.490 6.07205
43.480 6.07316
43.470 6.07426
43.460 6.07537
43.450 6.07648
43.440 6.07758
43.430 6.07869
43.420 6.07980
43.410 6.08091
43.400 6.08202
43.390 6.08313
43.380 6.08424
43.370 6.08535
43.360 6.08647
43.350 6.08758
43.340 6.08869
43.330 6.08981
43.320 6.09092
43.310 6.09203
43.300 6.09315
43.290 6.09427
43.280 6.09538
43.270 6.09650
43.260 6.09762
43.250 6.09873
43.240 6.09985
43.230 6.10097
43.220 6.10209
43.210 6.10321
43.200 6.10433
43.190 6.10545
43.180 6.10657
43.170 6.10770
43.160 6.10882
43.150 6.10994
43.140 6.11106
43.130 6.11219
43.120 6.11331
43.110 6.11444
43.100 6.11556
43.090 6.11669
43.080 6.11782
43.070 6.11894
43.060 6.12007
43.050 6.12120
43.040 6.12233
43.030 6.12346
43.020 6.12459
43.010 6.12572
43.000 6.12685
42.990 6.12798
42.980 6.12911
42.970 6.13024
42.960 6.13138
42.950 6.13251
42.940 6.13364
42.930 6.13478
42.920 6.13591
42.910 6.13705
42.900 6.13818
42.890 6.13932
42.880 6.14046
42.870 6.14159
42.860 6.14273
42.850 6.14387
42.840 6.14501
42.830 6.14615
42.820 6.14729
42.810 6.14843
42.800 6.14957
42.790 6.15071
42.780 6.15186
42.770 6.15300
42.760 6.15414
42.750 6.15529
42.740 6.15643
42.730 6.15757
42.720 6.15872
42.710 6.15987
42.700 6.16101
42.690 6.16216
42.680 6.16331
42.670 6.16445
42.660 6.16560
42.650 6.16675
42.640 6.16790
42.630 6.16905
42.620 6.17020
42.610 6.17135
42.600 6.17250
42.590 6.17366
42.580 6.17481
42.570 6.17596
42.560 6.17711
42.550 6.17827
42.540 6.17942
42.530 6.18058
42.520 6.18173
42.510 6.18289
42.500 6.18405
42.490 6.18520
42.480 6.18636
42.470 6.18752
42.460 6.18868
42.450 6.18984
42.440 6.19100
42.430 6.19216
42.420 6.19332
42.410 6.19448
42.400 6.19564
42.390 6.19681
42.380 6.19797
42.370 6.19913
42.360 6.20030
42.350 6.20146
42.340 6.20262
42.330 6.20379
42.320 6.20496
42.310 6.20612
42.300 6.20729
42.290 6.20846
42.280 6.20963
42.270 6.21079
42.260 6.21196
42.250 6.21313
42.240 6.21430
42.230 6.21547
42.220 6.21664
42.210 6.21782
42.200 6.21899
42.190 6.22016
42.180 6.22133
42.170 6.22251
42.160 6.22368
42.150 6.22486
42.140 6.22603
42.130 6.22721
42.120 6.22838
42.110 6.22956
42.100 6.23074
42.090 6.23192
42.080 6.23310
42.070 6.23427
42.060 6.23545
42.050 6.23663
42.040 6.23781
42.030 6.23900
42.020 6.24018
42.010 6.24136
42.000 6.24254
41.990 6.24373
41.980 6.24491
41.970 6.24609
41.960 6.24728
41.950 6.24846
41.940 6.24965
41.930 6.25083
41.920 6.25202
41.910 6.25321
41.900 6.25440
41.890 6.25558
41.880 6.25677
41.870 6.25796
41.860 6.25915
41.850 6.26034
41.840 6.26153
41.830 6.26272
41.820 6.26392
41.810 6.26511
41.800 6.26630
41.790 6.26750
41.780 6.26869
41.770 6.26988
41.760 6.27108
41.750 6.27227
41.740 6.27347
41.730 6.27467
41.720 6.27586
41.710 6.27706
41.700 6.27826
41.690 6.27946
41.680 6.28066
41.670 6.28186
41.660 6.28306
41.650 6.28426
41.640 6.28546
41.630 6.28666
41.620 6.28786
41.610 6.28907
41.600 6.29027
41.590 6.29147
41.580 6.29268
41.570 6.29388
41.560 6.29509
41.550 6.29629
41.540 6.29750
41.530 6.29871
41.520 6.29991
41.510 6.30112
41.500 6.30233
41.490 6.30354
41.480 6.30475
41.470 6.30596
41.460 6.30717
41.450 6.30838
41.440 6.30959
41.430 6.31081
41.420 6.31202
41.410 6.31323
41.400 6.31444
41.390 6.31566
41.380 6.31687
41.370 6.31809
41.360 6.31930
41.350 6.32052
41.340 6.32174
41.330 6.32296
41.320 6.32417
41.310 6.32539
41.300 6.32661
41.290 6.32783
41.280 6.32905
41.270 6.33027
41.260 6.33149
41.250 6.33271
41.240 6.33393
41.230 6.33516
41.220 6.33638
41.210 6.33760
41.200 6.33883
41.190 6.34005
41.180 6.34128
41.170 6.34250
41.160 6.34373
41.150 6.34495
41.140 6.34618
41.130 6.34741
41.120 6.34864
41.110 6.34987
41.100 6.35110
41.090 6.35233
41.080 6.35356
41.070 6.35479
41.060 6.35602
41.050 6.35725
41.040 6.35848
41.030 6.35972
41.020 6.36095
41.010 6.36218
41.000 6.36342
40.990 6.36465
40.980 6.36589
40.970 6.36712
40.960 6.36836
40.950 6.36960
40.940 6.37083
40.930 6.37207
40.920 6.37331
40.910 6.37455
40.900 6.37579
40.890 6.37703
40.880 6.37827
40.870 6.37951
40.860 6.38075
40.850 6.38200
40.840 6.38324
40.830 6.38448
40.820 6.38573
40.810 6.38697
40.800 6.38821
40.790 6.38946
40.780 6.39071
40.770 6.39195
40.760 6.39320
40.750 6.39445
40.740 6.39569
40.730 6.39694
40.720 6.39819
40.710 6.39944
40.700 6.40069
40.690 6.40194
40.680 6.40319
40.670 6.40444
40.660 6.40570
40.650 6.40695
40.640 6.40820
40.630 6.40945
40.620 6.41071
40.610 6.41196
40.600 6.41322
40.590 6.41447
40.580 6.41573
40.570 6.41699
40.560 6.41824
40.550 6.41950
40.540 6.42076
40.530 6.42202
40.520 6.42328
40.510 6.42454
40.500 6.42580
40.490 6.42706
40.480 6.42832
40.470 6.42958
40.460 6.43084
40.450 6.43211
40.440 6.43337
40.430 6.43464
40.420 6.43590
40.410 6.43717
40.400 6.43843
40.390 6.43970
40.380 6.44096
40.370 6.44223
40.360 6.44350
40.350 6.44477
40.340 6.44603
40.330 6.44730
40.320 6.44857
40.310 6.44984
40.300 6.45111
40.290 6.45238
40.280 6.45366
40.270 6.45493
40.260 6.45620
40.250 6.45747
40.240 6.45875
40.230 6.46002
40.220 6.46130
40.210 6.46257
40.200 6.46385
40.190 6.46513
40.180 6.46640
40.170 6.46768
40.160 6.46896
40.150 6.47023
40.140 6.47151
40.130 6.47279
40.120 6.47407
40.110 6.47535
40.100 6.47664
40.090 6.47792
40.080 6.47920
40.070 6.48048
40.060 6.48176
40.050 6.48305
40.040 6.48433
40.030 6.48562
40.020 6.48690
40.010 6.48819
40.000 6.48947
39.990 6.49076
39.980 6.49205
39.970 6.49334
39.960 6.49462
39.950 6.49591
39.940 6.49720
39.930 6.49849
39.920 6.49978
39.910 6.50107
39.900 6.50237
39.890 6.50366
39.880 6.50495
39.870 6.50624
39.860 6.50754
39.850 6.50883
39.840 6.51013
39.830 6.51142
39.820 6.51272
39.810 6.51401
39.800 6.51531
39.790 6.51660
39.780 6.51790
39.770 6.51920
39.760 6.52050
39.750 6.52180
39.740 6.52310
39.730 6.52440
39.720 6.52570
39.710 6.52700
39.700 6.52830
39.690 6.52960
39.680 6.53091
39.670 6.53221
39.660 6.53351
39.650 6.53482
39.640 6.53612
39.630 6.53743
39.620 6.53874
39.610 6.54004
39.600 6.54135
39.590 6.54265
39.580 6.54396
39.570 6.54527
39.560 6.54658
39.550 6.54789
39.540 6.54920
39.530 6.55051
39.520 6.55182
39.510 6.55313
39.500 6.55445
39.490 6.55576
39.480 6.55707
39.470 6.55838
39.460 6.55970
39.450 6.56102
39.440 6.56233
39.430 6.56365
39.420 6.56496
39.410 6.56628
39.400 6.56760
39.390 6.56891
39.380 6.57023
39.370 6.57155
39.360 6.57287
39.350 6.57419
39.340 6.57551
39.330 6.57683
39.320 6.57815
39.310 6.57948
39.300 6.58080
39.290 6.58212
39.280 6.58344
39.270 6.58477
39.260 6.58609
39.250 6.58742
39.240 6.58874
39.230 6.59007
39.220 6.59140
39.210 6.59272
39.200 6.59405
39.190 6.59538
39.180 6.59671
39.170 6.59804
39.160 6.59937
39.150 6.60070
39.140 6.60203
39.130 6.60336
39.120 6.60469
39.110 6.60602
39.100 6.60736
39.090 6.60869
39.080 6.61002
39.070 6.61136
39.060 6.61269
39.050 6.61403
39.040 6.61537
39.030 6.61670
39.020 6.61804
39.010 6.61938
39.000 6.62071
38.990 6.62205
38.980 6.62339
38.970 6.62473
38.960 6.62607
38.950 6.62741
38.940 6.62875
38.930 6.63009
38.920 6.63144
38.910 6.63278
38.900 6.63412
38.890 6.63547
38.880 6.63681
38.870 6.63816
38.860 6.63950
38.850 6.64085
38.840 6.64219
38.830 6.64354
38.820 6.64489
38.810 6.64623
38.800 6.64758
38.790 6.64893
38.780 6.65028
38.770 6.65163
38.760 6.65298
38.750 6.65433
38.740 6.65568
38.730 6.65704
38.720 6.65839
38.710 6.65974
38.700 6.66110
38.690 6.66245
38.680 6.66380
38.670 6.66516
38.660 6.66652
38.650 6.66787
38.640 6.66923
38.630 6.67059
38.620 6.67194
38.610 6.67330
38.600 6.67466
38.590 6.67602
38.580 6.67738
38.570 6.67874
38.560 6.68010
38.550 6.68146
38.540 6.68282
38.530 6.68419
38.520 6.68555
38.510 6.68691
38.500 6.68828
38.490 6.68964
38.480 6.69101
38.470 6.69237
38.460 6.69374
38.450 6.69510
38.440 6.69647
38.430 6.69784
38.420 6.69921
38.410 6.70058
38.400 6.70194
38.390 6.70331
38.380 6.70468
38.370 6.70606
38.360 6.70743
38.350 6.70880
38.340 6.71017
38.330 6.71154
38.320 6.71292
38.310 6.71429
38.300 6.71566
38.290 6.71704
38.280 6.71842
38.270 6.71979
38.260 6.72117
38.250 6.72254
38.240 6.72392
38.230 6.72530
38.220 6.72668
38.210 6.72806
38.200 6.72944
38.190 6.73082
38.180 6.73220
38.170 6.73358
38.160 6.73496
38.150 6.73634
38.140 6.73772
38.130 6.73911
38.120 6.74049
38.110 6.74187
38.100 6.74326
38.090 6.76997
38.080 6.77125
38.070 6.77254
38.060 6.77383
38.050 6.77511
38.040 6.77640
38.030 6.77769
38.020 6.77898
38.010 6.78027
38.000 6.78157
37.990 6.78286
37.980 6.78416
37.970 6.78545
37.960 6.78675
37.950 6.78805
37.940 6.78935
37.930 6.79065
37.920 6.79195
37.910 6.79326
37.900 6.79456
37.890 6.79587
37.880 6.79717
37.870 6.79848
37.860 6.79979
37.850 6.80110
37.840 6.80241
37.830 6.80372
37.820 6.80504
37.810 6.80635
37.800 6.80767
37.790 6.80899
37.780 6.81030
37.770 6.81162
37.760 6.81295
37.750 6.81427
37.740 6.81559
37.730 6.81691
37.720 6.81824
37.710 6.81956
37.700 6.82089
37.690 6.82222
37.680 6.82355
37.670 6.82488
37.660 6.82621
37.650 6.82755
37.640 6.82888
37.630 6.83022
37.620 6.83155
37.610 6.83289
37.600 6.83423
37.590 6.83557
37.580 6.83691
37.570 6.83825
37.560 6.83960
37.550 6.84094
37.540 6.84229
37.530 6.84363
37.520 6.84498
37.510 6.84633
37.500 6.84768
37.490 6.84903
37.480 6.85038
37.470 6.85174
37.460 6.85309
37.450 6.85445
37.440 6.85581
37.430 6.85716
37.420 6.85852
37.410 6.85988
37.400 6.86125
37.390 6.86261
37.380 6.86397
37.370 6.86534
37.360 6.86670
37.350 6.86807
37.340 6.86944
37.330 6.87081
37.320 6.87218
37.310 6.87355
37.300 6.87492
37.290 6.87630
37.280 6.87767
37.270 6.87905
37.260 6.88043
37.250 6.88181
37.240 6.88318
37.230 6.88457
37.220 6.88595
37.210 6.88733
37.200 6.88872
37.190 6.89010
37.180 6.89149
37.170 6.89288
37.160 6.89427
37.150 6.89566
37.140 6.89705
37.130 6.89844
37.120 6.89983
37.110 6.90123
37.100 6.90262
37.090 6.90402
37.080 6.90542
37.070 6.90682
37.060 6.90822
37.050 6.90962
37.040 6.91102
37.030 6.91243
37.020 6.91383
37.010 6.91524
37.000 6.91664
36.990 6.91805
36.980 6.91946
36.970 6.92087
36.960 6.92229
36.950 6.92370
36.940 6.92511
36.930 6.92653
36.920 6.92794
36.910 6.92936
36.900 6.93078
36.890 6.93220
36.880 6.93362
36.870 6.93504
36.860 6.93647
36.850 6.93789
36.840 6.93932
36.830 6.94074
36.820 6.94217
36.810 6.94360
36.800 6.94503
36.790 6.94646
36.780 6.94789
36.770 6.94933
36.760 6.95076
36.750 6.95220
36.740 6.95363
36.730 6.95507
36.720 6.95651
36.710 6.95795
36.700 6.95939
36.690 6.96084
36.680 6.96228
36.670 6.96373
36.660 6.96517
36.650 6.96662
36.640 6.96807
36.630 6.96951
36.620 6.97097
36.610 6.97242
36.600 6.97387
36.590 6.97532
36.580 6.97678
36.570 6.97824
36.560 6.97969
36.550 6.98115
36.540 6.98261
36.530 6.98407
36.520 6.98553
36.510 6.98700
36.500 6.98846
36.490 6.98993
36.480 6.99139
36.470 6.99286
36.460 6.99433
36.450 6.99580
36.440 6.99727
36.430 6.99874
36.420 7.00022
36.410 7.00169
36.400 7.00317
36.390 7.00464
36.380 7.00612
36.370 7.00760
36.360 7.00908
36.350 7.01056
36.340 7.01205
36.330 7.01353
36.320 7.01502
36.310 7.01650
36.300 7.01799
36.290 7.01948
36.280 7.02096
36.270 7.02246
36.260 7.02395
36.250 7.02544
36.240 7.02693
36.230 7.02843
36.220 7.02993
36.210 7.03142
36.200 7.03292
36.190 7.03442
36.180 7.03592
36.170 7.03742
36.160 7.03893
36.150 7.04043
36.140 7.04194
36.130 7.04344
36.120 7.04495
36.110 7.04646
36.100 7.04797
36.090 7.04948
36.080 7.05099
36.070 7.05251
36.060 7.05402
36.050 7.05554
36.040 7.05705
36.030 7.05857
36.020 7.06009
36.010 7.06161
36.000 7.06313
35.990 7.06465
35.980 7.06618
35.970 7.06770
35.960 7.06923
35.950 7.07076
35.940 7.07228
35.930 7.07381
35.920 7.07534
35.910 7.07687
35.900 7.07841
35.890 7.07994
35.880 7.08148
35.870 7.08301
35.860 7.08455
35.850 7.08609
35.840 7.08763
35.830 7.08917
35.820 7.09071
35.810 7.09225
35.800 7.09380
35.790 7.09534
35.780 7.09689
35.770 7.09844
35.760 7.09999
35.750 7.10154
35.740 7.10309
35.730 7.10464
35.720 7.10619
35.710 7.10775
35.700 7.10930
35.690 7.11086
35.680 7.11242
35.670 7.11398
35.660 7.11554
35.650 7.11710
35.640 7.11866
35.630 7.12022
35.620 7.12179
35.610 7.12335
35.600 7.12492
35.590 7.12649
35.580 7.12806
35.570 7.12963
35.560 7.13120
35.550 7.13277
35.540 7.13435
35.530 7.13592
35.520 7.13750
35.510 7.13907
35.500 7.14065
35.490 7.14223
35.480 7.14381
35.470 7.14540
35.460 7.14698
35.450 7.14856
35.440 7.15015
35.430 7.15173
35.420 7.15332
35.410 7.15491
35.400 7.15650
35.390 7.15809
35.380 7.15968
35.370 7.16127
35.360 7.16287
35.350 7.16447
35.340 7.16606
35.330 7.16766
35.320 7.16926
35.310 7.17086
35.300 7.17246
35.200 7.17397
35.190 7.17557
35.180 7.17717
35.170 7.17877
35.160 7.18037
35.150 7.18197
35.140 7.18358
35.130 7.18518
35.120 7.18679
35.110 7.18840
35.100 7.19001
35.090 7.19161
35.080 7.19322
35.070 7.19483
35.060 7.19645
35.050 7.19806
35.040 7.19967
35.030 7.20129
35.020 7.20291
35.010 7.20453
35.000 7.20614
34.990 7.20776
34.980 7.20939
34.970 7.21101
34.960 7.21263
34.950 7.21426
34.940 7.21588
34.930 7.21751
34.920 7.21914
34.910 7.22076
34.900 7.22239
34.890 7.22402
34.880 7.22566
34.870 7.22729
34.160 7.22881
34.150 7.23062
34.140 7.23244
34.130 7.23425
34.120 7.23607
34.110 7.23789
34.100 7.23971
34.090 7.24154
34.080 7.24336
34.070 7.24519
34.060 7.24701
34.050 7.24884
34.040 7.25067
34.030 7.25250
34.020 7.25433
34.010 7.25616
34.000 7.25800
33.990 7.25983
33.980 7.26167
33.970 7.26351
33.960 7.26534
33.950 7.26719
33.940 7.26903
33.930 7.27087
33.920 7.27272
33.910 7.27456
33.900 7.27641
33.890 7.27826
33.880 7.28010
33.870 7.28195
33.860 7.28381
33.850 7.28566
33.840 7.28751
33.830 7.28937
33.820 7.29123
33.810 7.29309
33.800 7.29495
33.790 7.29681
33.780 7.29867
33.770 7.30053
33.760 7.30240
33.750 7.30426
33.740 7.30613
33.730 7.30800
33.720 7.30987
33.710 7.31174
33.700 7.31361
33.690 7.31549
33.680 7.31736
33.670 7.31924
33.660 7.32111
33.650 7.32299
33.640 7.32487
33.630 7.32675
33.620 7.32864
33.610 7.33052
33.600 7.33241
33.590 7.33429
33.580 7.33618
33.570 7.33807
33.560 7.33996
33.550 7.34185
33.540 7.34374
33.530 7.34564
33.520 7.34754
33.510 7.34943
33.500 7.35133
33.490 7.35323
33.480 7.35513
33.470 7.35703
33.460 7.35893
33.450 7.36084
33.440 7.36275
33.430 7.36465
33.420 7.36656
33.410 7.36847
33.400 7.37038
33.390 7.37229
33.380 7.37421
33.370 7.37612
33.360 7.37804
33.350 7.37995
33.340 7.38187
33.330 7.38379
33.320 7.38571
33.310 7.38764
33.300 7.38956
33.290 7.39148
33.280 7.39341
33.270 7.39534
33.260 7.39727
33.250 7.39920
33.240 7.40113
33.230 7.40306
33.220 7.40499
33.210 7.40693
33.200 7.40887
33.190 7.41080
33.180 7.41274
33.170 7.41468
33.160 7.41663
33.150 7.41857
33.140 7.42051
33.130 7.42246
33.120 7.42441
33.110 7.42635
33.100 7.42830
33.090 7.43025
33.080 7.43221
33.070 7.43416
33.060 7.43611
33.050 7.43807
33.040 7.44002
33.030 7.44198
33.020 7.44394
33.010 7.44591
33.000 7.44787
32.990 7.44983
32.980 7.45180
32.970 7.45376
32.960 7.45573
32.950 7.45770
32.940 7.45967
32.930 7.46164
32.920 7.46361
32.910 7.46558
32.900 7.46756
32.890 7.46953
32.880 7.47151
32.870 7.47349
32.860 7.47547
32.850 7.47745
32.840 7.47943
32.830 7.48142
32.820 7.48340
32.810 7.48539
32.800 7.48738
32.790 7.48937
32.780 7.49136
32.770 7.49335
32.760 7.49534
32.750 7.49734
32.740 7.49933
32.730 7.50133
32.720 7.50333
32.710 7.50532
32.700 7.50733
32.690 7.50933
32.680 7.51133
32.670 7.51333
32.660 7.51534
32.650 7.51735
32.640 7.51936
32.630 7.52136
32.620 7.52338
32.610 7.52539
32.600 7.52740
32.590 7.52942
32.580 7.53143
32.570 7.53345
32.560 7.53547
32.550 7.53749
32.540 7.53951
32.530 7.54153
32.520 7.54355
32.510 7.54558
32.500 7.54761
32.490 7.54963
32.480 7.55166
32.470 7.55369
32.460 7.55572
32.450 7.55776
32.440 7.55979
32.430 7.56182
32.420 7.56386
32.410 7.56590
32.400 7.56794
32.390 7.56998
32.380 7.57202
32.370 7.57406
32.360 7.57611
32.350 7.57815
32.340 7.58020
32.330 7.58225
32.320 7.58430
32.310 7.58635
32.300 7.58840
32.290 7.59045
32.280 7.59251
32.270 7.59456
32.260 7.59662
32.250 7.59868
32.240 7.60073
32.230 7.60280
32.220 7.60486
32.210 7.60692
32.200 7.60899
32.190 7.61105
32.180 7.61312
32.170 7.61519
32.160 7.61726
32.150 7.61933
32.140 7.62140
32.130 7.62347
32.120 7.62555
32.110 7.62763
32.100 7.62970
32.090 7.63178
32.080 7.63386
32.070 7.63594
32.060 7.63803
32.050 7.64011
32.040 7.64219
32.030 7.64428
32.020 7.64637
32.010 7.64846
32.000 7.65055
31.990 7.65264
31.980 7.65473
31.970 7.65683
31.960 7.65892
31.950 7.66102
31.940 7.66312
31.930 7.66522
31.920 7.66732
31.910 7.66942
31.900 7.67152
31.890 7.67362
31.880 7.67573
31.870 7.67784
31.860 7.67994
31.850 7.68206
31.840 7.68417
31.830 7.68628
31.820 7.68839
31.810 7.69051
31.800 7.69262
31.790 7.69474
31.780 7.69686
31.770 7.69898
31.760 7.70110
31.750 7.70322
31.740 7.70534
31.730 7.70747
31.720 7.70960
31.710 7.71172
31.700 7.71385
31.690 7.71598
31.680 7.71811
31.670 7.72024
31.660 7.72238
31.650 7.72451
31.640 7.72665
31.630 7.72879
31.620 7.73093
31.610 7.73307
31.600 7.73521
31.590 7.73735
31.580 7.73950
31.570 7.74164
31.560 7.74379
31.550 7.74593
31.540 7.74809
31.530 7.75023
31.520 7.75239
31.510 7.75454
31.500 7.75669
31.490 7.75885
31.480 7.76101
31.470 7.76316
31.460 7.76532
31.450 7.76748
31.440 7.76965
31.430 7.77181
31.420 7.77397
31.410 7.77614
31.400 7.77831
31.390 7.78048
31.380 7.78265
31.370 7.78482
31.360 7.78699
31.350 7.78916
31.340 7.79134
31.330 7.79351
31.320 7.79569
31.310 7.79787
31.300 7.80005
31.290 7.80223
31.280 7.80441
31.270 7.80659
31.260 7.80878
31.250 7.81097
31.240 7.81316
31.230 7.81534
31.220 7.81754
31.210 7.81973
31.200 7.82192
31.190 7.82411
31.180 7.82631
31.170 7.82851
31.160 7.83070
31.150 7.83290
31.140 7.83510
31.130 7.83730
31.120 7.83951
31.110 7.84171
31.100 7.84392
31.090 7.84612
31.080 7.84833
31.070 7.85054
31.060 7.85275
31.050 7.85496
31.040 7.85718
31.030 7.85939
31.020 7.86161
31.010 7.86382
31.000 7.86604
30.990 7.86826
30.980 7.87048
30.970 7.87271
30.960 7.87493
30.950 7.87715
30.940 7.87938
30.930 7.88161
30.920 7.88384
30.910 7.88606
30.900 7.88830
30.890 7.89053
30.880 7.89276
30.870 7.89500
30.860 7.89723
30.850 7.89947
30.840 7.90171
30.830 7.90395
30.820 7.90619
30.810 7.90844
30.800 7.91068
30.790 7.91292
30.780 7.91517
30.770 7.91742
30.760 7.91967
30.750 7.92192
30.740 7.92417
30.730 7.92642
30.720 7.92868
30.710 7.93093
30.700 7.93319
30.690 7.93545
30.680 7.93771
30.670 7.93997
30.660 7.94223
30.650 7.94449
30.640 7.94676
30.630 7.94902
30.620 7.95129
30.610 7.95356
30.600 7.95583
30.590 7.95810
30.580 7.96037
30.570 7.96264
30.560 7.96492
30.550 8.03414
30.540 8.03624
30.530 8.03835
30.520 8.04045
30.500 8.04222
30.490 8.04431
30.480 8.04641
30.470 8.04851
30.460 8.05061
30.450 8.05271
30.440 8.05482
30.430 8.05692
30.420 8.05903
30.410 8.06113
30.400 8.06324
30.390 8.06536
30.380 8.06747
30.370 8.06958
30.360 8.07170
30.350 8.07382
30.340 8.07594
30.330 8.07805
30.320 8.08018
30.310 8.08230
30.300 8.08443
30.290 8.08655
30.280 8.08868
30.270 8.09081
30.260 8.09295
30.250 8.09508
30.240 8.09721
30.230 8.09935
30.220 8.10149
30.210 8.10363
30.200 8.10577
30.190 8.10791
30.180 8.11005
30.170 8.11220
30.160 8.11435
30.150 8.11650
30.140 8.11865
30.130 8.12080
30.120 8.12295
30.110 8.12511
30.100 8.12727
30.090 8.12943
30.080 8.13159
30.070 8.13375
30.060 8.13591
30.050 8.13807
30.040 8.14024
30.030 8.14241
30.020 8.14458
30.010 8.14675
30.000 8.14892
29.990 8.15110
29.980 8.15327
29.970 8.15545
29.960 8.15763
29.950 8.15981
29.940 8.16199
29.930 8.16418
29.920 8.16636
29.910 8.16855
29.900 8.17074
29.890 8.17293
29.880 8.17512
29.870 8.17731
29.860 8.17951
29.850 8.18170
29.840 8.18390
29.830 8.18610
29.820 8.18830
29.810 8.19051
29.800 8.19271
29.790 8.19492
29.780 8.19712
29.770 8.19933
29.760 8.20154
29.750 8.20376
29.740 8.20597
29.730 8.20818
29.720 8.21040
29.710 8.21262
29.700 8.21484
29.690 8.21706
29.680 8.21929
29.670 8.22151
29.660 8.22374
29.650 8.22596
29.640 8.22819
29.630 8.23042
29.620 8.23266
29.610 8.23489
29.600 8.23713
29.590 8.23937
29.580 8.24161
29.570 8.24385
29.560 8.24609
29.550 8.24833
29.540 8.25058
29.530 8.25282
29.520 8.25507
29.510 8.25732
29.500 8.25957
29.490 8.26183
29.480 8.26408
29.470 8.26634
29.460 8.26860
29.450 8.27086
29.440 8.27312
29.430 8.27538
29.420 8.27765
29.410 8.27991
29.400 8.28218
29.390 8.28445
29.380 8.28672
29.370 8.28899
29.360 8.29126
29.350 8.29354
29.340 8.29582
29.330 8.29810
29.320 8.30038
29.310 8.30266
29.300 8.30494
29.290 8.30722
29.280 8.30951
29.270 8.31180
29.260 8.31409
29.250 8.31638
29.240 8.31867
29.230 8.32097
29.220 8.32326
29.210 8.32556
29.200 8.32786
29.190 8.33016
29.180 8.33246
29.170 8.33477
29.160 8.33707
29.150 8.33938
29.140 8.34169
29.130 8.34400
29.120 8.34631
29.110 8.34862
29.100 8.35094
29.090 8.35325
29.080 8.35557
29.070 8.35789
29.060 8.36021
29.050 8.36254
29.040 8.36486
29.030 8.36719
29.020 8.36951
29.010 8.37184
29.000 8.37417
28.990 8.37651
28.980 8.37884
28.970 8.38117
28.960 8.38351
28.950 8.38585
28.940 8.38819
28.930 8.39053
28.920 8.39288
28.910 8.39522
28.900 8.39757
28.890 8.39992
28.880 8.40226
28.870 8.40462
28.860 8.40697
28.850 8.40932
28.840 8.41168
28.830 8.41404
28.820 8.41640
28.810 8.41876
28.800 8.42112
28.790 8.42348
28.780 8.42585
28.770 8.42821
28.760 8.43058
28.750 8.43295
28.740 8.43533
28.730 8.43770
28.720 8.44007
28.710 8.44245
28.700 8.44483
28.690 8.44721
28.680 8.44959
28.670 8.45197
28.660 8.45436
28.650 8.45674
28.640 8.45913
28.630 8.46152
28.620 8.46391
28.610 8.46630
28.600 8.46869
28.590 8.47109
28.580 8.47349
28.570 8.47589
28.560 8.47829
28.550 8.48069
28.540 8.48309
28.530 8.48550
28.520 8.48790
28.510 8.49031
28.500 8.49272
28.490 8.49513
28.480 8.49754
28.470 8.49996
28.460 8.50237
28.450 8.50479
28.440 8.50721
28.430 8.50963
28.420 8.51205
28.410 8.51448
28.400 8.51690
28.390 8.51933
28.380 8.52176
28.370 8.52419
28.360 8.52662
28.350 8.52905
28.340 8.53149
28.330 8.53392
28.320 8.53636
28.310 8.53880
28.300 8.54124
28.290 8.54369
28.280 8.54613
28.270 8.54857
28.260 8.55102
28.250 8.55347
28.240 8.55592
28.230 8.55837
28.220 8.56083
28.210 8.56329
28.200 8.56574
28.190 8.56820
28.180 8.57066
28.170 8.57312
28.160 8.57558
28.150 8.57805
28.140 8.58052
28.130 8.58298
28.120 8.58545
28.110 8.58792
28.100 8.59040
28.090 8.59287
28.080 8.59535
28.070 8.59783
28.060 8.60030
28.050 8.60279
28.040 8.60527
28.030 8.60775
28.020 8.61024
28.010 8.61272
28.000 8.61521
27.990 8.61770
27.980 8.62019
27.970 8.62269
27.960 8.62518
27.950 8.62768
27.940 8.63018
27.930 8.63267
27.920 8.63518
27.910 8.63768
27.900 8.64018
27.890 8.64269
27.880 8.64520
27.870 8.64771
27.860 8.65022
27.850 8.65273
27.840 8.65524
27.830 8.65776
27.820 8.66027
27.810 8.66279
27.800 8.66531
27.790 8.66784
27.780 8.67036
27.770 8.67288
27.760 8.67541
27.750 8.67794
27.740 8.68047
27.730 8.68300
27.720 8.68553
27.710 8.68807
27.700 8.69060
27.690 8.69314
27.680 8.69568
27.670 8.69822
27.660 8.70076
27.650 8.70330
27.640 8.70585
27.630 8.70840
27.620 8.71095
27.610 8.71350
27.600 8.71605
27.590 8.71860
27.580 8.72116
27.570 8.72371
27.560 8.72627
27.550 8.72883
27.540 8.73139
27.530 8.73395
27.520 8.73652
27.510 8.73908
27.500 8.74165
27.490 8.74422
27.480 8.74679
27.470 8.74936
27.460 8.75194
27.450 8.75451
27.440 8.75709
27.430 8.75967
27.420 8.76225
27.410 8.76483
27.400 8.76741
27.390 8.77000
27.380 8.77258
27.370 8.77517
27.360 8.77776
27.350 8.78035
27.340 8.78295
27.330 8.78554
27.320 8.78814
27.310 8.79073
27.300 8.79333
27.290 8.79593
27.280 8.79853
27.270 8.80114
27.260 8.80374
27.250 8.80635
27.240 8.80896
27.230 8.81157
27.220 8.81418
27.210 8.81679
27.200 8.81941
27.190 8.82203
27.180 8.82464
27.170 8.82726
27.160 8.82988
27.150 8.83251
27.140 8.83513
27.130 8.83776
27.120 8.84038
27.110 8.84301
27.100 8.84564
27.090 8.84828
27.080 8.85091
27.070 8.85355
27.060 8.85618
27.050 8.85882
27.040 8.86146
27.030 8.86410
27.020 8.86675
27.010 8.86939
27.000 8.87204
26.990 8.87468
26.980 8.87733
26.970 8.87999
26.960 8.88264
26.950 8.88529
26.940 8.88795
26.930 8.89061
26.920 8.89327
26.910 8.89593
26.900 8.89859
26.890 8.90125
26.880 8.90392
26.870 8.90658
26.860 8.90925
26.850 8.91192
26.840 8.91459
26.830 8.91727
26.820 8.91994
26.810 8.92262
26.800 8.92530
26.790 8.92798
26.780 8.93066
26.770 8.93334
26.760 8.93602
26.750 8.93871
26.740 8.94140
26.730 8.94409
26.720 8.94678
26.710 8.94947
26.700 8.95216
26.690 8.95486
26.680 8.95756
26.670 8.96025
26.660 8.96296
26.650 8.96566
26.640 8.96836
26.630 8.97106
26.620 8.97377
26.610 8.97648
26.600 8.97919
26.590 8.98190
26.580 8.98461
26.570 8.98733
26.560 8.99004
26.550 8.99276
26.540 8.99548
26.530 8.99820
26.520 9.00092
26.510 9.00364
26.500 9.00637
26.490 9.00910
26.480 9.01183
26.470 9.01456
26.460 9.01729
26.450 9.02002
26.440 9.02275
26.430 9.02549
26.420 9.02823
26.410 9.03097
26.400 9.03371
26.390 9.03645
26.380 9.03920
26.370 9.04194
26.360 9.04469
26.350 9.04744
26.340 9.05019
26.330 9.05294
26.320 9.05570
26.310 9.05845
26.300 9.06121
26.290 9.06397
26.280 9.06673
26.270 9.06949
26.260 9.07225
26.250 9.07502
26.240 9.07778
26.230 9.08055
26.220 9.08332
26.210 9.08609
26.200 9.08886
26.190 9.09164
26.180 9.09441
26.170 9.09719
26.160 9.09997
26.150 9.10275
26.140 9.10553
26.130 9.10832
26.120 9.11110
26.110 9.11389
26.100 9.11668
26.090 9.11947
26.080 9.12226
26.070 9.12505
26.060 9.12785
26.050 9.13064
26.040 9.13344
26.030 9.13624
26.020 9.13904
26.010 9.14185
26.000 9.14465
25.990 9.16436
25.980 9.16718
25.970 9.17000
25.960 9.17283
25.950 9.17566
25.940 9.17849
25.930 9.18132
25.920 9.18415
25.910 9.18699
25.900 9.18984
25.890 9.19268
25.880 9.19552
25.870 9.19837
25.860 9.20123
25.850 9.20408
25.840 9.20694
25.830 9.20980
25.820 9.21266
25.810 9.21553
25.800 9.21840
25.790 9.22127
25.780 9.22415
25.770 9.22702
25.760 9.22991
25.750 9.23279
25.740 9.23567
25.730 9.23856
25.720 9.24145
25.710 9.24435
25.700 9.24724
25.690 9.25014
25.680 9.25305
25.670 9.25595
25.660 9.25886
25.650 9.26177
25.640 9.26468
25.630 9.26760
25.620 9.27052
25.610 9.27344
25.600 9.27636
25.590 9.27929
25.580 9.28222
25.570 9.28515
25.560 9.28809
25.550 9.29103
25.540 9.29397
25.530 9.29691
25.520 9.29986
25.510 9.30281
25.500 9.30576
25.490 9.30871
25.480 9.31167
25.470 9.31463
25.460 9.31760
25.450 9.32056
25.440 9.32353
25.430 9.32650
25.420 9.32948
25.410 9.33245
25.400 9.33543
25.390 9.33842
25.380 9.34140
25.370 9.34439
25.360 9.34738
25.350 9.35037
25.340 9.35337
25.330 9.35637
25.320 9.35937
25.310 9.36238
25.300 9.36539
25.290 9.36839
25.280 9.37141
25.270 9.37442
25.260 9.37744
25.250 9.38046
25.240 9.38349
25.230 9.38651
25.220 9.38954
25.210 9.39258
25.200 9.39561
25.190 9.39865
25.180 9.40169
25.170 9.40473
25.160 9.40778
25.150 9.41083
25.140 9.41388
25.130 9.41693
25.120 9.41999
25.110 9.42305
25.100 9.42612
25.090 9.42918
25.080 9.43225
25.070 9.43532
25.060 9.43839
25.050 9.44147
25.040 9.44455
25.030 9.44763
25.020 9.45072
25.010 9.45381
25.000 9.45690
24.990 9.45999
24.980 9.46309
24.970 9.46618
24.960 9.46929
24.950 9.47239
24.940 9.47550
24.930 9.47861
24.920 9.48172
24.910 9.48483
24.900 9.48796
24.890 9.49108
24.880 9.49420
24.870 9.49733
24.860 9.50046
24.850 9.50359
24.840 9.50672
24.830 9.50986
24.820 9.51300
24.810 9.51614
24.800 9.51929
24.790 9.52244
24.780 9.52559
24.770 9.52875
24.760 9.53190
24.750 9.53506
24.740 9.53823
24.730 9.54139
24.720 9.54456
24.710 9.54773
24.700 9.55090
24.690 9.55408
24.680 9.55726
24.670 9.56044
24.660 9.56362
24.650 9.56681
24.640 9.57000
24.630 9.57320
24.620 9.57639
24.610 9.57959
24.600 9.58279
24.590 9.58600
24.580 9.58920
24.570 9.59241
24.560 9.59562
24.550 9.59884
24.540 9.60206
24.530 9.60528
24.520 9.60850
24.510 9.61173
24.500 9.61496
24.490 9.61819
24.480 9.62142
24.470 9.62466
24.460 9.62790
24.450 9.63115
24.440 9.63439
24.430 9.63764
24.420 9.64089
24.410 9.64414
24.400 9.64740
24.390 9.65066
24.380 9.65392
24.370 9.65719
24.360 9.66046
24.350 9.66373
24.340 9.66700
24.330 9.67028
24.320 9.67356
24.310 9.67684
24.300 9.68012
24.290 9.68341
24.280 9.68670
24.270 9.68999
24.260 9.69328
24.250 9.69659
24.240 9.69989
24.230 9.70319
24.220 9.70650
24.210 9.70981
24.200 9.71312
24.190 9.71643
24.180 9.71975
24.170 9.72307
24.160 9.72639
24.150 9.72972
24.140 9.73305
24.130 9.73638
24.120 9.73971
24.110 9.74305
24.100 9.74639
24.090 9.74973
24.080 9.75308
24.070 9.75643
24.060 9.75978
24.050 9.76313
24.040 9.76649
24.030 9.76985
24.020 9.77321
24.010 9.77658
24.000 9.77994
23.990 9.78331
23.980 9.78669
23.970 9.79006
23.960 9.79344
23.950 9.79682
23.940 9.80021
23.930 9.80359
23.920 9.80698
23.910 9.81038
23.900 9.81377
23.890 9.81717
23.880 9.82057
23.870 9.82397
23.860 9.82738
23.850 9.83079
23.840 9.83420
23.830 9.83762
23.820 9.84103
23.810 9.84445
23.800 9.84787
23.790 9.85130
23.780 9.85473
23.770 9.85816
23.760 9.86160
23.750 9.86503
23.740 9.86847
23.730 9.87191
23.720 9.87536
23.710 9.87881
23.700 9.88226
23.690 9.88571
23.680 9.88917
23.670 9.89263
23.660 9.89609
23.650 9.89955
23.640 9.90302
23.630 9.90649
23.620 9.90996
23.610 9.91344
23.600 9.91692
23.590 9.92040
23.580 9.92388
23.570 9.92737
23.560 9.93086
23.550 9.93435
23.540 9.93785
23.530 9.94134
23.520 9.94484
23.510 9.94835
23.500 9.95185
23.490 9.95536
23.480 9.95887
23.470 9.96239
23.460 9.96590
23.450 9.96942
23.440 9.97295
23.430 9.97647
23.420 9.98000
23.410 9.98353
23.400 9.98706
23.390 9.99060
23.380 9.99414
23.370 9.99768
23.360 10.00123
23.350 10.00477
23.340 10.00833
23.330 10.01188
23.320 10.01543
23.310 10.01899
23.300 10.02255
23.290 10.02612
23.280 10.02969
23.270 10.03325
23.260 10.03683
23.250 10.04040
23.240 10.04398
23.230 10.04756
23.220 10.05115
23.210 10.05473
23.200 10.05832
23.190 10.06191
23.180 10.06551
23.170 10.06911
23.160 10.07270
23.150 10.07631
23.140 10.07991
23.130 10.08352
23.120 10.08713
23.110 10.09075
23.100 10.09436
23.090 10.09798
23.080 10.10161
23.070 10.10523
23.060 10.10886
23.050 10.11249
23.040 10.11612
23.030 10.11976
23.020 10.12340
23.010 10.12704
23.000 10.13068
22.990 10.13433
22.980 10.13798
22.970 10.14163
22.960 10.14529
22.950 10.14895
22.940 10.15261
22.930 10.15627
22.920 10.15994
22.910 10.16361
22.900 10.16728
22.890 10.17096
22.880 10.17463
22.870 10.17832
22.860 10.18200
22.850 10.18568
22.840 10.18937
22.830 10.19307
22.820 10.19676
22.810 10.20046
22.800 10.20416
