# bragg	idgap
Units	Deg	mm
34.93 6.00900
34.48 6.07499
34.46 6.07731
34.44 6.07972
34.42 6.08220
34.39 6.08476
34.37 6.08743
34.35 6.09014
34.33 6.09296
34.31 6.09585
34.28 6.09882
34.26 6.10188
34.24 6.10500
34.22 6.10822
34.2 6.11153
34.17 6.11491
34.15 6.11837
34.13 6.12191
34.11 6.12553
34.08 6.12924
34.06 6.13300
34.04 6.13687
34.02 6.14082
34.0 6.14480
33.97 6.14896
33.95 6.15315
33.93 6.15742
33.39 6.22230
33.37 6.22578
33.35 6.22927
33.32 6.23277
33.3 6.23626
33.28 6.24148
33.26 6.24494
33.24 6.24841
33.21 6.25188
33.19 6.25536
33.17 6.25884
33.15 6.26233
33.13 6.26582
33.11 6.26932
33.08 6.27282
33.06 6.27632
33.04 6.27983
33.02 6.28334
33.0 6.28686
32.97 6.29038
32.95 6.29391
32.93 6.29744
32.91 6.30098
32.89 6.30452
32.86 6.30806
32.84 6.31161
32.82 6.31516
32.8 6.31872
32.78 6.32228
32.76 6.32584
32.73 6.32941
32.71 6.33299
32.69 6.33657
32.67 6.34015
32.65 6.34374
32.62 6.34733
32.6 6.35093
32.58 6.35453
32.56 6.35814
32.54 6.36175
32.52 6.36536
32.49 6.36898
32.47 6.37260
32.45 6.37623
32.43 6.37986
32.41 6.38350
32.38 6.38714
32.36 6.39078
32.34 6.39443
32.32 6.39809
32.3 6.40174
32.28 6.40541
32.25 6.40908
32.23 6.41275
32.21 6.41642
32.19 6.42010
32.17 6.42379
32.15 6.42748
32.12 6.43117
32.1 6.43487
32.08 6.43857
32.06 6.44228
32.04 6.44599
32.01 6.44971
31.99 6.45343
31.97 6.45715
31.95 6.46088
31.93 6.46461
31.91 6.46835
31.88 6.47209
31.86 6.47584
31.84 6.47959
31.82 6.48335
31.8 6.48710
31.78 6.49087
31.75 6.49464
31.73 6.49841
31.71 6.50219
31.69 6.50597
31.67 6.50976
31.65 6.51355
31.62 6.51734
31.6 6.52114
31.58 6.52495
31.56 6.52875
31.54 6.53257
31.52 6.53638
31.5 6.54020
31.47 6.54403
31.45 6.54786
31.43 6.55169
31.41 6.55553
31.39 6.55938
31.37 6.56322
31.34 6.56708
31.32 6.57093
31.3 6.57480
31.28 6.57866
31.26 6.58253
31.24 6.58641
31.21 6.59028
31.19 6.59417
31.17 6.59805
31.15 6.60195
31.13 6.60584
31.11 6.60974
31.09 6.61365
31.06 6.61756
31.04 6.62147
31.02 6.62539
31.0 6.62931
30.98 6.63324
30.96 6.63717
30.93 6.64111
30.91 6.64505
30.89 6.64899
30.87 6.65294
30.85 6.65690
30.83 6.66085
30.81 6.66482
30.78 6.66878
30.76 6.67275
30.74 6.67673
30.72 6.68071
30.7 6.68469
30.68 6.68868
30.66 6.69267
30.63 6.69667
30.61 6.70068
30.59 6.70468
30.57 6.70869
30.55 6.71271
30.53 6.71673
30.51 6.72075
30.48 6.72478
30.46 6.72881
30.44 6.73285
30.42 6.73689
30.4 6.74094
30.38 6.74499
30.36 6.74904
30.34 6.75610
30.32 6.76002
30.3 6.76394
30.28 6.76786
30.26 6.77180
30.24 6.77574
30.22 6.77969
30.19 6.78364
30.17 6.78759
30.15 6.79156
30.13 6.79553
30.11 6.79951
30.09 6.80349
30.07 6.80748
30.05 6.81147
30.02 6.81548
30.0 6.81948
29.98 6.82350
29.96 6.82752
29.94 6.83154
29.92 6.83558
29.9 6.83961
29.87 6.84366
29.85 6.84771
29.83 6.85176
29.81 6.85582
29.79 6.85989
29.77 6.86397
29.75 6.86805
29.73 6.87214
29.7 6.87623
29.68 6.88033
29.66 6.88443
29.64 6.88855
29.62 6.89266
29.6 6.89679
29.58 6.90092
29.56 6.90505
29.53 6.90920
29.51 6.91334
29.49 6.91750
29.47 6.92166
29.45 6.92583
29.43 6.93000
29.41 6.93418
29.39 6.93836
29.36 6.94255
29.34 6.94675
29.32 6.95095
29.3 6.95516
29.28 6.95938
29.26 6.96360
29.24 6.96783
29.22 6.97206
29.19 6.97630
29.17 6.98055
29.15 6.98480
29.13 6.98906
29.11 6.99332
29.09 6.99759
29.07 7.00187
29.05 7.00615
29.02 7.01044
29.0 7.01474
28.98 7.01904
28.96 7.02334
28.94 7.02766
28.92 7.03198
28.9 7.03630
28.88 7.04063
28.85 7.04497
28.83 7.04932
28.81 7.05367
28.79 7.05802
28.77 7.06239
28.75 7.06675
28.73 7.07113
28.71 7.07551
28.69 7.07990
28.66 7.08429
28.64 7.08869
28.62 7.09310
28.6 7.09751
28.58 7.10192
28.56 7.10635
28.54 7.11078
28.52 7.11521
28.5 7.11966
28.47 7.12410
28.45 7.12856
28.43 7.13302
28.41 7.13748
28.39 7.14196
28.37 7.14643
28.35 7.15092
28.33 7.15541
28.31 7.15991
28.28 7.16441
28.26 7.16892
28.24 7.17344
28.22 7.17796
28.2 7.18248
28.18 7.18702
28.16 7.19156
28.14 7.19611
28.12 7.20066
28.1 7.20522
28.07 7.20978
28.05 7.21435
28.03 7.21893
28.01 7.22351
27.99 7.22810
27.97 7.23269
27.95 7.23730
27.93 7.24190
27.91 7.24652
27.89 7.25113
27.86 7.25576
27.84 7.26039
27.82 7.26503
27.8 7.26967
27.78 7.27432
27.76 7.27898
27.74 7.28364
27.72 7.28831
27.7 7.29299
27.68 7.29767
27.65 7.30235
27.63 7.30704
27.61 7.31174
27.59 7.31645
27.57 7.31870
27.55 7.32348
27.53 7.32826
27.51 7.33305
27.49 7.33784
27.47 7.34263
27.44 7.34742
27.42 7.35221
27.4 7.35701
27.38 7.36181
27.36 7.36661
27.34 7.37142
27.32 7.37622
27.3 7.38103
27.28 7.38585
27.26 7.39066
27.24 7.39548
27.21 7.40030
27.19 7.40512
27.17 7.40994
27.15 7.41477
27.13 7.41959
27.11 7.42443
27.09 7.42926
27.07 7.43410
27.05 7.43893
27.03 7.44377
27.01 7.44862
26.98 7.45346
26.96 7.45831
26.94 7.46316
26.92 7.46801
26.9 7.47287
26.88 7.47773
26.86 7.48259
26.84 7.48745
26.82 7.49231
26.8 7.49718
26.78 7.50205
26.75 7.50692
26.73 7.51180
26.71 7.51667
26.69 7.52155
26.67 7.52643
26.65 7.53132
26.63 7.53621
26.61 7.54110
26.59 7.54599
26.57 7.55088
26.55 7.55578
26.53 7.56068
26.5 7.56558
26.48 7.57048
26.46 7.57539
26.44 7.58029
26.42 7.58521
26.4 7.59012
26.38 7.59503
26.36 7.59995
26.34 7.60487
26.32 7.60979
26.3 7.61472
26.28 7.61965
26.26 7.62458
26.23 7.62951
26.21 7.63445
26.19 7.63938
26.17 7.64432
26.15 7.64926
26.13 7.65421
26.11 7.65916
26.09 7.66411
26.07 7.66906
26.05 7.67401
26.03 7.67897
26.01 7.68393
25.99 7.68889
25.96 7.69385
25.94 7.69882
25.92 7.70379
25.9 7.70876
25.88 7.71373
25.86 7.71871
25.85 7.72531
25.83 7.73059
25.81 7.73589
25.79 7.74119
25.77 7.74650
25.75 7.75181
25.73 7.75714
25.71 7.76247
25.69 7.76782
25.66 7.77317
25.64 7.77853
25.62 7.78390
25.6 7.78928
25.58 7.79466
25.56 7.80005
25.54 7.80546
25.52 7.81087
25.5 7.81629
25.48 7.82172
25.46 7.82716
25.44 7.83260
25.42 7.83806
25.4 7.84352
25.37 7.84899
25.35 7.85447
25.33 7.85996
25.31 7.86546
25.29 7.87096
25.25 7.87262
25.23 7.87800
25.21 7.88339
25.19 7.88878
25.17 7.89418
25.15 7.89959
25.13 7.90501
25.11 7.91043
25.09 7.91586
25.07 7.92129
25.04 7.92673
25.02 7.93218
25.0 7.93764
24.98 7.94310
24.96 7.94857
24.94 7.95405
24.92 7.95953
24.9 7.96502
24.88 7.97052
24.86 7.97602
24.84 7.98154
24.82 7.98705
24.8 7.99258
24.78 7.99811
24.76 8.00365
24.74 8.00920
24.72 8.01475
24.69 8.02031
24.67 8.02588
24.65 8.03145
24.63 8.03703
24.61 8.04262
24.59 8.04821
24.57 8.05697
24.55 8.06250
24.53 8.06804
24.51 8.07358
24.49 8.07913
24.47 8.08357
24.45 8.08922
24.43 8.09488
24.41 8.10055
24.39 8.10623
24.37 8.11191
24.35 8.11760
24.32 8.12329
24.3 8.12900
24.28 8.13471
24.26 8.14043
24.24 8.14615
24.22 8.15188
24.2 8.15762
24.18 8.16337
24.16 8.16912
24.14 8.17488
24.12 8.18065
24.1 8.18642
24.08 8.19220
24.06 8.19799
24.04 8.20379
24.02 8.20959
24.0 8.21540
23.98 8.22122
23.96 8.22704
23.94 8.23287
23.91 8.23871
23.89 8.24456
23.87 8.25041
23.85 8.25627
23.83 8.26214
23.81 8.26801
23.79 8.27389
23.77 8.27978
23.75 8.28567
23.73 8.29158
23.71 8.29749
23.69 8.30340
23.67 8.30933
23.65 8.31526
23.63 8.32120
23.61 8.32714
23.59 8.33309
23.57 8.33905
23.55 8.34502
23.53 8.35099
23.51 8.35697
23.49 8.36296
23.46 8.36895
23.44 8.37496
23.42 8.38097
23.4 8.38698
23.38 8.39300
23.36 8.39903
23.34 8.40507
23.32 8.41112
23.3 8.41717
23.28 8.42323
23.26 8.42929
