# bragg	idgap
Units	Deg	mm
17.89 5.99000
17.83 5.99366
17.81 6.00080
17.79 6.00793
17.77 6.01506
17.75 6.02216
17.73 6.02927
17.71 6.03636
17.69 6.04345
17.67 6.05052
17.65 6.09000
17.63 6.09500
17.61 6.09510
17.59 6.09520
17.57 6.09530
17.55 6.09540
17.53 6.09980
17.51 6.10681
17.49 6.11380
17.47 6.12079
17.45 6.12777
17.43 6.13473
17.41 6.14169
17.39 6.14864
17.37 6.15559
17.35 6.16252
17.33 6.16944
17.31 6.17636
17.29 6.18326
17.27 6.19016
17.26 6.19704
17.24 6.22816
17.22 6.23474
17.2 6.24133
17.18 6.24210
17.16 6.24907
17.14 6.25604
17.12 6.26300
17.1 6.26995
17.08 6.27689
17.06 6.28382
17.04 6.29075
17.02 6.29767
17.0 6.30458
16.98 6.31147
16.96 6.31837
16.94 6.32525
16.92 6.33213
16.9 6.33899
16.88 6.34585
16.86 6.35270
16.84 6.35954
16.82 6.36637
16.8 6.37320
16.78 6.38002
16.76 6.38682
16.74 6.39362
16.72 6.40041
16.7 6.40720
16.68 6.41397
16.66 6.42074
16.64 6.43379
16.62 6.44094
16.6 6.44811
16.58 6.44866
16.56 6.45629
16.53 6.46356
16.51 6.47109
16.49 6.47863
16.47 6.48616
16.45 6.49369
16.43 6.50123
16.41 6.50876
16.39 6.51630
16.37 6.52383
16.35 6.53136
16.33 6.53890
16.31 6.54643
16.29 6.55396
16.27 6.56149
16.27 6.56351
16.25 6.57090
16.23 6.57829
16.21 6.58570
16.19 6.59310
16.17 6.60052
16.15 6.60794
16.13 6.61537
16.11 6.62280
16.09 6.63024
16.07 6.63769
16.05 6.64515
16.03 6.65261
16.01 6.66008
15.99 6.66755
15.97 6.67504
15.95 6.68253
15.93 6.69002
15.91 6.69752
15.89 6.70503
15.87 6.71255
15.85 6.72007
15.83 6.72760
15.81 6.73514
15.79 6.74268
15.77 6.75023
15.75 6.75779
15.73 6.76535
15.71 6.77292
15.69 6.78050
15.68 6.78808
15.66 6.79568
15.64 6.80327
15.62 6.81088
15.6 6.81849
15.58 6.82611
15.56 6.83373
15.54 6.84136
15.52 6.84900
15.5 6.85665
15.5 6.87256
15.49 6.87438
15.49 6.87620
15.48 6.87801
15.48 6.87983
15.47 6.88165
15.47 6.88347
15.46 6.88529
15.46 6.88712
15.46 6.88894
15.45 6.89076
15.45 6.89258
15.44 6.89441
15.44 6.89623
15.43 6.89806
15.43 6.89988
15.43 6.90171
15.42 6.90353
15.42 6.90536
15.41 6.90719
15.41 6.90902
15.4 6.91085
15.4 6.91267
15.39 6.91450
15.39 6.91633
15.39 6.91817
15.38 6.92000
15.38 6.92183
15.37 6.92366
15.37 6.92550
15.36 6.92733
15.36 6.92916
15.35 6.93100
15.35 6.93283
15.34 6.93467
15.34 6.93651
15.34 6.93834
15.33 6.94018
15.33 6.94202
15.32 6.94386
15.32 6.94570
15.31 6.94754
15.31 6.94938
15.31 6.95122
15.3 6.95306
15.3 6.95490
15.29 6.95675
15.29 6.95859
15.28 6.96043
15.28 6.96228
15.27 6.96412
15.27 6.96597
15.27 6.96782
15.26 6.96966
15.26 6.97151
15.25 6.97336
15.25 6.97521
15.24 6.97705
15.24 6.97890
15.23 6.98075
15.23 6.98261
15.22 6.98446
15.22 6.98631
15.22 6.98816
15.21 6.99001
15.21 6.99187
15.2 6.99372
15.2 6.99558
15.19 6.99743
15.19 6.99929
15.19 7.00114
15.18 7.00300
15.18 7.00486
15.17 7.00672
15.17 7.00857
15.16 7.01043
15.16 7.01229
15.15 7.01415
15.15 7.01601
15.15 7.01788
15.14 7.01974
15.14 7.02160
15.13 7.02346
15.13 7.02533
15.12 7.02719
15.12 7.02906
15.11 7.03092
15.11 7.03279
15.1 7.03465
15.1 7.03652
15.1 7.03839
15.09 7.04026
15.09 7.04212
15.08 7.04399
15.08 7.04586
15.07 7.04773
15.07 7.04961
15.07 7.05148
15.06 7.05335
15.06 7.05522
15.05 7.05709
15.05 7.05897
15.04 7.06084
15.04 7.06272
15.03 7.06459
15.03 7.06647
15.02 7.06835
15.02 7.07022
15.02 7.07210
15.01 7.07398
15.01 7.07586
15.0 7.07774
15.0 7.07962
14.99 7.08150
14.99 7.08338
14.98 7.08526
14.98 7.08714
14.98 7.08903
14.97 7.09091
14.97 7.09279
14.96 7.09468
14.96 7.09656
14.95 7.09845
14.95 7.10033
14.95 7.10222
14.94 7.10411
14.94 7.10600
14.93 7.10788
14.93 7.10977
14.92 7.11166
14.92 7.11355
14.91 7.11544
14.91 7.11734
14.9 7.11923
14.9 7.12112
14.9 7.12301
14.89 7.12491
14.89 7.12680
14.88 7.12869
14.88 7.13059
14.87 7.13249
14.87 7.13438
14.86 7.13628
14.86 7.13818
14.86 7.14007
14.85 7.14197
14.85 7.14387
14.84 7.14577
14.84 7.14767
14.83 7.14957
14.83 7.15147
14.83 7.15338
14.82 7.15528
14.82 7.15718
14.81 7.15909
14.81 7.16099
14.8 7.16289
14.8 7.16480
14.79 7.16671
14.79 7.16861
14.78 7.17052
14.78 7.17243
14.78 7.17433
14.77 7.17624
14.77 7.17815
14.76 7.18006
14.76 7.18197
14.75 7.18388
14.75 7.18580
14.75 7.18771
14.74 7.18962
14.74 7.19153
14.73 7.19345
14.73 7.19536
14.72 7.19728
14.72 7.19919
14.71 7.20111
14.71 7.20302
14.71 7.20494
14.7 7.20686
14.7 7.20878
14.69 7.21070
14.69 7.21262
14.68 7.21454
14.68 7.21646
14.67 7.21838
14.67 7.22030
14.66 7.22222
14.66 7.22414
14.66 7.22607
14.65 7.22799
14.65 7.22992
14.64 7.23184
14.43 7.32000
13.94 7.55200
13.45 7.79000
13.36 7.84200
13.26 7.88900
13.16 7.94000
13.06 7.99400
12.97 8.04700
12.87 8.10000
12.82 8.12500
12.77 8.15200
12.72 8.17700
12.67 8.20600
12.62 8.23000
12.58 8.25800
12.53 8.28700
12.48 8.31500
12.43 8.34200
12.38 8.37200
12.33 8.39900
12.28 8.42800
12.23 8.45300
12.19 8.48400
12.14 8.51200
12.09 8.54100
12.04 8.57000
11.89 8.65300
11.7 8.77900
11.51 8.90500
11.02 9.26000
10.53 9.61800
